0.5462689924476479	0.6467180063004833	0
0.4817435346619226	0.6748806231357453	0
0.43579079222778305	0.696480298810381	0
0.45462460227313806	0.6874625923673384	0
0.4657571339503445	0.6822412641478414	0
0.43539918366285263	0.6966703140015723	0
0.44216481538640645	0.6934020226613732	0
0.4628069805935249	0.6836171916504364	0
0.4668004721120161	0.6817559845478646	0
0.46409385313336005	0.6830163229357625	0
0.4640787027123109	0.6830233908514811	0
0.46519782867023923	0.6825016939231776	0
0.4662550238534934	0.6820095984202534	0
0.4389751907145912	0.6949390138570789	0
0.43573241511667804	0.6965086178114414	0
0.4521204803036048	0.6886480932979633	0
0.44347200584136437	0.6927740863371469	0
0.43905746682521357	0.6948992816848077	0
0.44006960727507066	0.6944108777437644	0
0.46321293975658057	0.6834275263902188	0
0.48602160616971646	0.6729377257020793	0
0.4394164528783513	0.6947259759330489	0
0.497849735922461	0.6676237115228005	0
0.45655527438649557	0.6865513568794719	0
0.4672307732500963	0.6815560430107919	0
0.4724902192325948	0.6791216586288509	0
0.46359209382748007	0.6832504795683013	0
0.4646787992668194	0.6827435479373186	0
0.4662073840607264	0.6820317581749286	0
0.48860578540947586	0.6717695240751241	0
0.4791338460341986	0.6760713391023838	0
0.4658401662079634	0.6822026187117912	0
0.4650532716094947	0.6825690364838466	0
0.43576611606447513	0.6964922690480136	0
0.4623529405283117	0.6838294451944856	0
0.4413146676944331	0.693811020184529	0
0.43724509702585324	0.6957755514834169	0
0.44265946097625325	0.6931642754578382	0
0.4642762787782277	0.6829312299140613	0
0.47301907246636415	0.6788778357945088	0
0.470445326263532	0.6800660875580088	0
0.4766963765407269	0.6771872782288366	0
0.4728977520318845	0.6789337539693336	0
0.462552848041885	0.6837359766786094	0
0.4772557550619746	0.6769308541011894	0
0.4825390254316176	0.6745185002525421	0
0.4690426539080637	0.6807154287451904	0
0.4643073896431779	0.6829167202684675	0
0.4652836953088646	0.682461698851574	0
0.48446271568342897	0.673644403079273	0
0.46472813841641225	0.6827205498224046	0
0.4758535334836147	0.6775740121308604	0
0.47689705569607593	0.677095262762705	0
0.4686901129265801	0.6808788261039993	0
0.49736908879189995	0.6678380150125945	0
0.464325781324965	0.6829081429510656	0
0.4878159743450661	0.6721261347124587	0
0.4899033958911964	0.6711844558229514	0
0.4832592212614442	0.674190988106277	0
0.46665229376854966	0.6818248634995204	0
0.4756554905257933	0.6776649471508343	0
0.4806255674420889	0.6753902012698512	0
0.5239037254319953	0.6562094332544011	0
0.4619223145942418	0.6840308749767946	0
0.5205036201409973	0.6576768294095013	0
0.4904214669260318	0.6709511518661111	0
0.4760016420298396	0.6775060213515558	0
0.4647670173019  	0.6827024285691519	0
0.4720567692874184	0.6793216273065827	0
0.4831705617225642	0.6742312892447065	0
0.4837077310900623	0.6739871869949157	0
0.49355536587932564	0.6695433077643247	0
0.46755951339629975	0.6814033712920778	0
0.46677261803642556	0.6817689311235603	0
0.4672443992071192	0.6815497135585508	0
0.4647625018638781	0.6827045331427599	0
0.46855723814398736	0.6809404318920753	0
0.46450983703879856	0.6828223168660815	0
0.46536193001293447	0.6824252626729379	0
0.4915850007770995	0.6704277660870892	0
0.4928900539631248	0.6698416921898125	0
0.4713726227314289	0.6796374926044353	0
0.4871299791508561	0.6724361784240239	0
0.46476484287770076	0.6827034420319537	0
0.46529060730339583	0.6824584795778637	0
0.46251464970876577	0.6837538346703963	0
0.47624497010255123	0.6773943486700126	0
0.4924162789838806	0.6700543367704721	0
0.4598247705107121	0.6850137223319996	0
0.4717070846253841	0.6794830373834513	0
0.4690631679195854	0.6807059232287136	0
0.4761780647628045	0.6774250504533017	0
0.4661085834871409	0.6820777200700229	0
0.4622540591221265	0.6838756875124398	0
0.4896749890812167	0.6712873662575	0
0.4691330693740182	0.6806735351931661	0
0.4619066821378756	0.684038189453797	0
0.46474803479952737	0.6827112760979842	0
0.4680184180334274	0.6811903636329102	0
0.4698016506309737	0.6803639113962815	0
0.43539918366285263	0.6966703140015723	0
