0.5421575775768932	0.6484421660536432	0
0.46771969485883486	0.6813290054652975	0
0.47898664995327483	0.6761386250725067	0
0.4912682879500286	0.6705701503078629	0
0.46482566083059057	0.6826750969347277	0
0.48090387208220947	0.6752632759302334	0
0.47005164401256166	0.6802482103761076	0
0.47014884675741897	0.6802032339824734	0
0.49311334263678186	0.6697415202479122	0
0.5056755873979105	0.6641536917844217	0
0.47538432583762963	0.6777894969382052	0
0.48074549301461555	0.6753355014197092	0
0.4731885818077997	0.6787997221461397	0
0.4802451272715194	0.6755637843870242	0
0.4605161969144153	0.6846894283765337	0
0.4807655122968308	0.6753263711881631	0
0.47274248640953276	0.679005331365123	0
0.4636369724313759	0.6832295294773896	0
0.4638087903617416	0.6831493338367483	0
0.46476148320348104	0.6827050079259099	0
0.46272343114842907	0.6836562392487754	0
0.46407436079838954	0.6830254164513062	0
0.46244205594898635	0.6837877753393072	0
0.46312719036783623	0.683467579977511	0
0.46501750025184535	0.6825857027838194	0
0.4644694553796767	0.6828411451850603	0
0.46892784615988536	0.6807686317706003	0
0.47189613085907206	0.6793957664773194	0
0.4645647003425371	0.6827967380110396	0
0.46856159168943295	0.6809384132466655	0
0.4668201381113037	0.6817468440865645	0
0.4856542828448429	0.6731041074274188	0
0.4752907886733759	0.6778324705051734	0
0.4602334741279599	0.6848219943712716	0
0.46574457498586685	0.6822471098074112	0
0.4637383421768594	0.6831822130947314	0
0.47861877777067574	0.6763068446267856	0
0.4653415964799717	0.6824347322168357	0
0.4650837574099782	0.6825548334300231	0
0.497967884504854	0.6675710543223996	0
0.4567243157749174	0.686471687999552	0
0.4730691890714582	0.6788547390841465	0
0.4703622735176942	0.6801045007823823	0
0.46517629610707917	0.6825117241228678	0
0.4753806815915939	0.6777911711038751	0
0.47293545626744404	0.6789163746075428	0
0.46288672532291936	0.6835799263810113	0
0.4662565463053977	0.6820088902721366	0
0.4842035837729495	0.6737620168372926	0
0.4647869494300753	0.6826931386773234	0
0.46482167872636265	0.6826769527806845	0
0.46474505039682784	0.6827126671150592	0
0.4625518979213972	0.6837364208553669	0
0.44048710922629697	0.6942096139528191	0
0.4466874811918069	0.6912342942071927	0
0.45675652797671035	0.6864565085484122	0
0.4647869494300753	0.6826931386773234	0
0.4634697819959886	0.6833075833216904	0
0.463446465699449	0.6833184700897504	0
0.46338529476702817	0.6833470334681753	0
0.4639091340146395	0.6831025073650505	0
0.46470663124657585	0.6827305746195226	0
0.464687971921126	0.6827392722344623	0
0.46418763404770674	0.6829725758819088	0
0.46443000231924203	0.6828595415392223	0
0.4640244900397079	0.6830486831356746	0
0.46376694016348274	0.6831688655902515	0
0.46456615767373177	0.6827960585873203	0
0.462763055369383	0.6836377199501226	0
0.4633432062307878	0.6833666878296815	0
0.46476148320348104	0.6827050079259099	0
0.4640075653479107	0.6830565795350636	0
0.4644669155126186	0.6828423294560821	0
0.46438186354888794	0.6828819892487117	0
0.4653129950115998	0.6824480526715617	0
0.46330894360981667	0.6833826885067167	0
0.4634308438458929	0.6833257643880201	0
0.4637737157537288	0.6831657033034497	0
0.463718585406901	0.6831914344532345	0
0.4634197421817069	0.6833309481729228	0
0.4633710089025323	0.6833537045058441	0
0.46320538028935926	0.6834310572328834	0
0.4653251381972867	0.6824423972076586	0
0.43588655978364155	0.6964338465224434	0
0.43642716668391823	0.6961717399905227	0
0.43492467326082207	0.6969006935587293	0
0.42119637919734376	0.7036325272407287	0
0.4357203045661159	0.6965144929828144	0
0.4358319379079716	0.696460340238019	0
0.45176581257712606	0.68881633066206	0
0.4340469970884221	0.6973272159352675	0
0.4425409751818031	0.69322120979889	0
0.46536490423420246	0.6824238775682966	0
0.4640421431950178	0.6830404470582204	0
0.4642234614588104	0.6829558645397588	0
0.46432000408217794	0.6829108372570452	0
0.4639129634348873	0.6831007204510479	0
0.46378701897298585	0.6831594945428704	0
0.4643364412236656	0.6829031715992501	0
0.4633787574834845	0.6833500861524471	0
0.42119637919734376	0.7036325272407287	0
