1.1236084589852338	0.47089659855557836	666
1.0221404679194288	0.4945254871581179	669
1.0080565818972194	0.49799393553701377	668
1.1058954628403255	0.47485737903212466	668
1.1156971229188937	0.47265744664830056	668
0.9940486414979255	0.5014922801726651	671
1.0149398376405492	0.4962927335691464	670
1.0027807039873986	0.49930578920051943	670
1.1710783463777823	0.46060060507185097	666
1.0339223208992137	0.4916608612456212	668
1.1601067935697165	0.46294007452633174	668
1.1275610262277902	0.47002177031463144	667
1.1142632520421931	0.4729779979073503	668
1.1401729476640838	0.46725195788100277	669
1.0858597912440722	0.47941860914993173	668
1.0394157867630043	0.4903365005265637	668
1.1913000196881451	0.45635010770561435	667
1.2770108098370043	0.43917226729001924	668
1.0352838053373374	0.4913319692209978	669
1.0210210875514374	0.49479938935795437	668
1.0813397669528664	0.48045975764160076	669
0.9706666097901243	0.5074425044967398	667
1.052598015373805	0.4871874534176079	669
1.2164697010084016	0.45116790883495567	664
1.1920741944987765	0.456188938544871	663
1.062440113699644	0.48486256321216575	667
1.0237917741874556	0.4941219807069806	670
1.009589841958476	0.49761398028636283	670
0.9803777483938377	0.504954168875629	667
1.0114036648761637	0.4971652470671854	670
0.9648493292444912	0.5089448769003129	668
1.120895606526926	0.47149892570033214	669
1.0636949494721797	0.4845677411071654	667
0.9918897155978382	0.5020358266671725	670
1.2399404414701554	0.4464404416680218	664
1.1195694779024308	0.4717939234478977	667
1.1174173264216893	0.4722734566878893	666
1.1074601011632286	0.4745048314072672	669
1.0067566130946766	0.49831653399057274	670
1.0284609463097383	0.49298459594168786	669
1.2433966984860638	0.4457526395910456	663
1.0102394700984554	0.4974531715622035	670
1.0063214340741258	0.4984246208093164	670
1.1316276020724856	0.4691250943775287	668
1.048592404294091	0.48814005065325944	668
1.0502146529677543	0.48775380595025336	669
1.04921763987813	0.4879911145306515	669
1.0617901699922447	0.4850154077530409	668
0.9963643451172604	0.5009105689779603	670
1.0065323847178362	0.49837222046163115	670
1.2100946465766946	0.45246931010350194	667
1.1073017459148717	0.47454048853637537	667
1.1137097528597533	0.47310185262997695	669
1.1272224894415444	0.47009657192112897	668
1.029034880613847	0.4928451499549719	669
1.123087621567226	0.4710121192557364	665
1.0243986482894738	0.49397385285005757	670
1.0192391413839124	0.4952360418858743	669
1.0356189289784217	0.491251081312086	668
1.0657479115561552	0.4840861725701501	668
1.0381065963000065	0.49065147123089986	667
1.1041835091206076	0.4752437207427434	667
1.018490525586476	0.49541971454607064	670
1.002966521850247	0.499259467939707	670
1.0207175326016438	0.49487371879854714	669
1.0398801558188593	0.4902248777446314	669
0.9988860819641503	0.5002786346970697	670
1.0039744714785472	0.49900835276718497	670
1.0060379392340595	0.49849505856395593	670
0.9996786923847156	0.5000803398107176	670
0.9975168410578622	0.5006215614534751	671
1.0123357371434918	0.4969349704137834	670
1.0109081224141743	0.4972877621079279	670
1.010219709378263	0.49745806159133127	670
1.013190873706689	0.49672388895683744	670
1.0107097603188597	0.4973368209250744	670
1.0065607910691365	0.49836516513769785	670
1.0022101603038658	0.4994480698510863	670
1.0072177617626266	0.49820204815338814	670
1.019421350935053	0.49519135743363807	669
1.0068122365398098	0.49830272199467057	670
1.006546601291784	0.49836868944694096	670
1.0037298473918117	0.4990692738852329	670
1.0101101551970746	0.4974851738421063	670
1.005071594950945	0.4987353082643742	670
1.0080782350828197	0.49798856564906535	670
1.0046208101585734	0.49884746029394766	670
0.9870381919107654	0.5032615900746151	671
1.0026551263704193	0.4993370984510869	670
0.9930521399816039	0.5017430201345511	671
1.011683042242508	0.4970962020365086	670
1.0029616591141572	0.4992606800283269	670
1.0058380534245446	0.4985447346024328	670
1.0045554132805878	0.4988637347587382	668
0.9999791868569472	0.5000052033399122	670
1.0448652096801863	0.4890297880105254	668
1.0182146130677494	0.4954874439641326	669
0.9791945898982736	0.5052560294495337	671
1.012430262107918	0.49691162910288933	670
1.0234723677745556	0.4941999781790025	669
0.9648493292444912	0.5089448769003129	668
