0.4789991951511316	0.6761328899153424	687
0.44073999634931144	0.6940877622151799	688
0.4540612793914885	0.6877289246148491	689
0.4372859661358011	0.6957557671620065	688
0.46429864087505385	0.6829208005017389	688
0.4639622730907912	0.6830777120292515	688
0.4647869494300753	0.6826931386773234	688
0.4633402371042791	0.6833680743849724	688
0.4484392318444313	0.6903983115167406	687
0.4641328287934166	0.6829981408340486	688
0.4639104314021922	0.6831019019668846	688
0.4555119269484312	0.6870434941035217	687
0.4464002369686493	0.6913715681461652	687
0.46413451450205456	0.6829973544746982	688
0.4643996494737961	0.6828736952780143	688
0.4390472598983241	0.694904210491777	688
0.4639768549991933	0.6830709082491273	688
0.46259587802628227	0.6837158609727946	688
0.4637878378369495	0.6831591123736263	688
0.4648909993726993	0.6826446475732484	688
0.463207391509404	0.6834301178375185	688
0.4637107296767057	0.6831951011391938	688
0.46255192724470456	0.6837364071468531	688
0.46770381469190786	0.6813363772648601	688
0.4626833607642515	0.6836749680925476	688
0.46711624119237216	0.68160924943975	688
0.4647182800319641	0.682725144918774	688
0.4639993850019006	0.6830603962300856	688
0.4642483762293874	0.6829442437731215	687
0.46555227860394316	0.6823366280407143	688
0.46498487605949074	0.6826009034917788	688
0.4641568326518005	0.6829869435426906	688
0.46486198692231867	0.6826581677506727	688
0.4622737177401927	0.6838664935764601	688
0.4683722686045053	0.6810262093483749	688
0.4658479945039534	0.6821989754390614	688
0.46492379637885617	0.6826293643887137	688
0.4646425034412579	0.6827604672474308	688
0.46443464468729323	0.6828573768230771	688
0.46348198327608486	0.6833018864786057	688
0.4645007554729474	0.6828265511389641	688
0.46500138021534326	0.6825932135661252	688
0.4628824308676511	0.6835819331064694	688
0.4613842922267675	0.6842827073748422	688
0.4647287641542849	0.682720258161508	688
0.45233521194428994	0.6885462748377948	687
0.46560118645972387	0.6823138581209663	688
0.4655577940014535	0.682334060173548	688
0.4651229869308033	0.6825365576270419	688
0.4448035769979047	0.6921356064731353	687
0.4629478205761521	0.6835513788907184	688
0.4652725677545069	0.6824668815935555	688
0.4644475952009123	0.6828513381271296	688
0.4758429220295731	0.6775788839538588	689
0.4732981276982205	0.6787492505419328	688
0.46922488134560514	0.6806309998535687	688
0.49911945001099817	0.6670582520910282	686
0.4744183762459233	0.6782335435523672	688
0.4977110141662632	0.6676855485079504	687
0.48244912565005593	0.6745594049047036	687
0.47480309189895303	0.6780566202315201	688
0.4741823355420112	0.678342139836	687
0.46564867276880667	0.6822917514815239	688
0.4654319366576328	0.6823926618392163	688
0.5038468325723184	0.6649613367137315	687
0.47602883904203275	0.6774935377611028	688
0.4614807004492637	0.6842375678943943	688
0.4909372665154479	0.6707190318859998	687
0.4616872215029549	0.6841408923119456	688
0.4694594085300122	0.680522370468443	687
0.49116236788488427	0.6706177821657572	687
0.4721799099698488	0.6792648053596116	687
0.4591655923820026	0.6853231773150287	688
0.47471224512900123	0.678098390586378	688
0.4745314823008138	0.6781815186744136	688
0.4650481526337445	0.6825714214254879	688
0.4469329676589232	0.6911170194829123	688
0.47098522512174346	0.6798164814451054	686
0.4354520064450046	0.6966446774326984	688
0.4378644945219956	0.6954758280838144	688
0.43588655978364155	0.6964338465224434	688
0.43753453132831865	0.6956354635015094	688
0.4668173863591705	0.6817481230449066	688
0.45736071838018316	0.6861719184468433	687
0.4675154713055817	0.6814238211133443	687
0.44825081597863037	0.6904881315908442	687
0.44557249053552966	0.6917674530659739	688
0.47497342789810654	0.6779783154636475	688
0.4790333028962754	0.6761172977253305	687
0.4655074703268222	0.6823574906629376	688
0.46485766972241477	0.682660179667487	688
0.4336527587164969	0.6975189730707649	688
0.43946088871558875	0.6947045298968049	688
0.45654307918975834	0.6865571051673097	687
0.4365910199913841	0.696092336708326	688
0.46642979936205264	0.6819283135374324	688
0.4671046121501539	0.6816146522328926	686
0.47038062864739005	0.6800960108675429	688
0.47855455536947694	0.676336220647678	687
0.46976761521468546	0.6803796665869063	688
0.4336527587164969	0.6975189730707649	688
