0.6982920873612238	0.5888268616700572	0
0.5059982080480666	0.664011414260649	0
0.45799781527107924	0.6858720839811919	0
0.6889874164921201	0.5920707225142701	0
0.5605409153197113	0.6408034484601308	0
0.5278863892370178	0.6544989254727055	0
0.46727277495125746	0.6815365329962043	0
0.563802413073637	0.6394669759042708	0
0.6301623507128513	0.613435833285385	0
0.48634568702893527	0.6727909992452062	0
0.4906424082164938	0.670851704263847	0
0.487566020188534	0.6722390713611891	0
0.5330608089568561	0.6522898466633116	0
0.44619176060778815	0.6914712330954866	0
0.4396623790584326	0.6946073013688248	0
0.4652431815110753	0.6824805688354888	0
0.6219604432956785	0.6165378472289309	0
0.48706957297068404	0.6724634934210398	0
0.4661811581478946	0.6820439578307071	0
0.4913963706840359	0.6705125610177967	0
0.5063500603874977	0.6638563148746163	0
0.4653317881843417	0.6824393001390331	0
0.46509472518301553	0.6825497237901001	0
0.5493431122641033	0.6454348246584767	0
0.6205276853286728	0.6170829471495155	0
0.6093670092966327	0.6213623084252522	0
0.5675184227163865	0.6379510349020833	0
0.5051020824907413	0.6644067612644151	0
0.5773260578511951	0.6339843274778003	0
0.6217134628761939	0.616631743456361	0
0.47200695548138033	0.6793446160537855	0
0.6630173956942177	0.6013166203727864	0
0.47852453237294773	0.6763499543663688	0
0.46815867284129326	0.6811252887705409	0
0.4821827050862149	0.6746806561488198	0
0.678169957238463	0.5958872018216586	0
0.5150283522768602	0.660053654109608	0
0.4675955016834147	0.6813866619602906	0
0.4648117449744566	0.6826815824155192	0
0.464737409043868	0.6827162287421653	0
0.4652301980012648	0.6824866163447286	0
0.46651250056082727	0.6818898574799584	0
0.44511031320931854	0.6919886951600172	0
0.4826580990068888	0.674464329078847	0
0.46821021081006664	0.6811013795144922	0
0.46668005678498486	0.6818119571299249	0
0.4843738589499285	0.6736847283927629	0
0.4487534513958312	0.6902485713055796	0
0.4811676649034263	0.6751430129722695	0
0.46493913233209666	0.6826222181723407	0
0.482845796286637	0.674378955994085	0
0.464737409043868	0.6827162287421653	0
0.4643004822907305	0.682919941701866	0
0.5056626678287885	0.6641593906568929	0
0.47337214326667826	0.6787151532421781	0
0.46934888638765	0.680573558304774	0
0.46365857389569254	0.6832194460067195	0
0.4660831075046254	0.6820895724677362	0
0.4613845073976279	0.6842826066226457	0
0.4698074951921051	0.6803612059886109	0
0.4735767108034149	0.6786209314171272	0
0.47432295650834877	0.6782774395430349	0
0.45986983161578465	0.6849925783404947	0
0.47164125961821296	0.6795134299641948	0
0.46792043289856683	0.6812358337606844	0
0.4803895534681049	0.6754978766617898	0
0.48378033285285044	0.6739542086242034	0
0.4639030550481066	0.6831053439991203	0
0.4712567582179409	0.6796910154630316	0
0.5095280473790448	0.6624587080288271	0
0.48626230890269456	0.6728287422819049	0
0.5026326812945175	0.6654986361260959	0
0.4668673059852761	0.6817249221655484	0
0.4632052551644505	0.6834311156759818	0
0.4652591304740176	0.6824731402127456	0
0.4648594264209351	0.6826593610031798	0
0.47425275835638675	0.6783097364626124	0
0.46405403798576195	0.6830348976570528	0
0.46734519089448107	0.6815028980266113	0
0.46916062072700204	0.6806607704371753	0
0.46482920144472706	0.6826734468521812	0
0.4680274833836435	0.681186157152255	0
0.47896445511416524	0.6761487718937825	0
0.4720796560214913	0.6793110657494208	0
0.46493913233209666	0.6826222181723407	0
0.464737409043868	0.6827162287421653	0
0.4940753637651338	0.6693102799580051	0
0.4852561165441733	0.6732845526512657	0
0.4857312277621337	0.6730692478654022	0
0.4763499170186693	0.6773461958255756	0
0.4700995924080426	0.6802260235729926	0
0.46796699089197175	0.6812142277071068	0
0.44677007340998154	0.6911948334976534	0
0.47429658620771925	0.678289571688058	0
0.46657907468756515	0.6818589036619362	0
0.4762639524731083	0.6773856384725455	0
0.47355300757765384	0.6786318475532015	0
0.4676481406061018	0.6813622232281268	0
0.4758128953421405	0.6775926698812101	0
0.4665833101544114	0.681856934465396	0
0.4396623790584326	0.6946073013688248	0
