0.9825802997566601	0.5043931890792717	667
1.0172619830827256	0.4957214325091413	670
1.034439332901158	0.49153591548683667	666
1.0379415635791054	0.4906912042383416	669
1.011446804942725	0.4971545842240031	670
1.0931353191741102	0.4777521982642625	666
1.0053889696084017	0.49865637796705	670
1.0020048026573747	0.4994993012367619	670
0.9945783199972437	0.5013591043150324	670
1.0056142620303035	0.49860036345557784	670
1.0069935161650345	0.49825771331379337	670
0.9938090209788321	0.5015525506595733	671
1.002731991882511	0.4993179337291299	670
1.0022255818112418	0.4994442230107687	670
1.005977205623962	0.49851015116044084	670
1.0048185300602277	0.49879826278838235	670
0.9934167980825699	0.5016512356883323	670
1.005728864440643	0.4985718746580833	670
1.0006461129131947	0.4998385239375858	670
1.0063615609901142	0.4984146523952107	670
0.9996463473619583	0.5000884287960489	670
0.992926701733044	0.501774600706791	668
1.0067855415964215	0.4983093505868535	670
1.0041265748848465	0.49897048047349907	670
1.0036683057187619	0.49908460254916154	670
1.0032466988099187	0.49918964079365574	670
1.0074758724489465	0.4981379919550848	670
1.0011387569336219	0.4997154727702724	670
1.0038797148313257	0.49903194917274457	670
1.0110070329800267	0.49726330321090023	670
1.0097065264445682	0.4975850885895911	670
1.0054589949160047	0.4986389662092709	670
1.0036566480460187	0.4990875063226065	670
0.9979733459254517	0.5005071774552652	666
1.0070903390904777	0.498233677141386	670
0.9978476226223723	0.5005386740593365	670
1.0072743756973512	0.498187996672148	670
1.0053391325074814	0.4986687706780036	670
1.004764703576281	0.498811655161381	670
1.0010215887475513	0.49974473320195645	670
0.9937484237181252	0.5015677946644382	671
1.0008350896249874	0.4997913147292054	670
1.0016411399273715	0.49959005140965707	670
1.0049582152512586	0.49876351157506854	670
0.9982661426482666	0.5004338404466573	670
1.0027694415408508	0.4993085970148616	670
1.0045083559341694	0.4988754459613942	670
1.0042911864333177	0.4989295002486754	670
1.0070815624331235	0.49823585584022334	670
1.0072165790670375	0.49820234170485184	670
1.0024953969701154	0.499376928163258	670
1.0055290390062555	0.4986215509975874	670
1.004402432796095	0.4989018091566688	670
0.9975794610314416	0.5006058680056984	671
1.0079320675804175	0.49802481674841326	671
0.9956930288718893	0.5010790665362361	671
1.003536057415717	0.4991175458503407	670
1.0112263072487049	0.4972090890000186	670
1.0039027509622638	0.49902621248451556	670
1.0019191180297276	0.4995206804279845	670
1.0107034686403262	0.4973383771383346	670
1.0041903717460432	0.498954597376298	670
0.9999012498959889	0.5000246887450108	670
1.0009403491828353	0.4997650231844194	669
1.0092992082250662	0.4976859573260668	670
1.0039668014087353	0.4990102626934871	670
1.0051895494499705	0.49870597035292896	670
1.0026276824207367	0.49934394135170435	670
1.005408181800641	0.49865160074399784	670
1.0104387416471974	0.49740386478061877	669
0.9989708431176929	0.5002574216842257	670
1.0014103254499882	0.49964766708953817	670
1.0003905111176479	0.4999023912792333	670
1.0024144174990886	0.4993971234231064	670
1.0066870063414  	0.4983338192951198	670
1.0055979891715354	0.49860440895888414	670
0.9967569787333629	0.5008120721002048	671
1.0074325594485714	0.49814873993808956	670
1.0061434494894232	0.4984688409268572	670
1.0006802627575035	0.49982999213563334	670
1.0073348286945032	0.49817299321726166	670
1.0036528595099754	0.499088450004541	670
1.0072841794262315	0.4981855634840121	670
0.9989079305711047	0.5002731665156243	670
1.0108738280874927	0.4972962430721387	670
1.0020801176609586	0.4994805108840028	670
1.0070903390904777	0.498233677141386	670
1.0047191936947744	0.4988229788716501	670
1.0042317030267054	0.49894430793098554	670
1.003010159041323	0.4992485911697114	670
1.0058496081617518	0.4985418627254133	670
0.9987874815673908	0.5003033134947539	670
1.0003448837323219	0.4999137939324546	670
1.0065150346320577	0.4983765298241954	670
1.0121145379307148	0.49698960031788914	670
1.00587804957269	0.49853479388391975	670
1.008883510351996	0.49778894338416874	670
1.0070970609817207	0.49823200852622207	670
1.005641549779478	0.498593579750056	670
0.9991916273215218	0.5002021748859465	670
0.9825802997566601	0.5043931890792717	667
