0.9981051057434638	0.5004741728178086	666
0.9603459561893558	0.5101140422907103	668
1.013967549656293	0.4965323300122992	670
0.9755469517020944	0.5061889311911411	668
1.0507894201507488	0.4876171049909611	669
0.976713533514668	0.5058901975654326	667
1.0042944581067559	0.49892868583022165	670
1.0053158358569478	0.49867456393604054	670
0.9566101604360264	0.5110880134534066	667
0.9885432480648689	0.502880689657185	667
0.989684118004016	0.5025923416442437	667
1.007201036454753	0.49820619949771644	670
0.9884868215481896	0.5028949597068103	667
0.9595288394221152	0.5103267580868625	667
1.0061372063209195	0.49847039217916345	670
1.0138478553451251	0.4965618417229558	670
1.0087654511714632	0.4978181994402703	670
1.0104220735707907	0.49740798867367203	670
1.0061973197704144	0.4984554560737018	670
1.0557365412340989	0.4864436565396072	668
1.0119716253858628	0.49702490203270955	670
1.0046509025987267	0.4988399719390799	670
1.0088805878851428	0.4977896675544832	670
1.0295317544090143	0.49272449067503904	669
1.027328901544241	0.493259874723972	669
1.0006853204773325	0.49982872856857646	671
1.0553156439297837	0.4865432727831479	667
1.0227720683174475	0.4943710740636266	670
1.0712726004409014	0.4827949733835783	668
1.0367576991661118	0.4909764182599724	669
1.0760516128942221	0.4816835929266232	666
1.0390160689506518	0.49043262347345534	669
1.0349239878919085	0.49141884706757805	669
1.022203427647817	0.4945100904923192	670
1.0150903523207657	0.4962556635975687	670
1.0204292457642676	0.4949443303181498	669
0.9934523769053173	0.5016422822964167	671
1.0185608313737438	0.4954024592458994	671
1.050402513795859	0.48770911724485005	668
1.0307056905804897	0.4924396502351573	669
1.0243102454031343	0.49399542499517096	669
1.1169848508631035	0.47236993670138727	665
1.0045771189686046	0.49885833303061955	670
1.029583723224293	0.49271187414301515	669
1.0072674119028948	0.49818972503120423	670
1.0225479078738557	0.494425865566379	669
1.0103440929621634	0.4974272829715132	670
1.1021035631822533	0.4757139550661137	666
1.0015122668586365	0.49962221893823067	667
1.0209603025780485	0.4948142715739368	669
1.018299100870142	0.4954667024173342	669
1.0065546002204178	0.4983667027501525	670
1.0184913230430916	0.4954195188178431	669
1.0397187773467493	0.4902636633569616	670
1.060902377465294	0.4852243419845539	667
1.0448802706121763	0.4890261862131565	668
1.0375296944467456	0.4907903932519285	668
1.0216187790504554	0.49465310194125484	669
1.027410941092924	0.49323991487435015	671
1.0077854845495724	0.4980611762039612	670
1.0023963141360968	0.4994016383971595	670
1.0287897179885446	0.492904706255834	669
1.0362475668447633	0.49109942046464167	668
1.0305487604635384	0.49247770822884235	669
1.0502797913281807	0.4877383097807326	668
1.0054658070877776	0.49863727243105815	670
1.0180411513875762	0.4955300338213689	669
1.0250869842446138	0.4938059489691571	667
0.9918472588167047	0.5020465277011599	670
1.0568668621440171	0.486176338587919	668
1.021694643108456	0.49463454009179664	669
1.0436235314737223	0.48932691594075944	669
0.9833217597398489	0.5042046229206749	670
1.0327130064163517	0.4919533632359582	669
1.135572599746971	0.46825848960530914	667
1.0126962115342517	0.49684596923731145	670
1.0357528545463501	0.49121876349908955	669
0.9964785530651664	0.5008819145413376	670
1.025050423873488	0.4938148641687717	668
1.0317923849180015	0.49217627126816776	668
1.025146858423708	0.49379134942260894	668
1.0335034488985972	0.4917621361997828	667
1.0536278793854106	0.4869431361144504	668
1.0651689265102395	0.48422188963002577	668
1.0103185055194102	0.4974336142528957	670
1.022701106595623	0.4943884179126616	670
0.978311062851242	0.5054816801958077	668
1.0218473633568494	0.4945971778699019	670
1.011841004847546	0.49705717180954784	670
1.0180313735477629	0.4955324347817092	670
1.0317271656919442	0.49219207031640516	669
1.0569474666289391	0.48615728705938505	669
1.0143478380453235	0.4964385897573563	670
1.013106652496821	0.49674467011458007	670
1.0116022403196652	0.49711616936809994	670
0.9960249663872639	0.5009957374480969	670
1.0282734269689058	0.49303017369527974	669
1.0613110150178602	0.48512815034432616	669
0.9983264692649306	0.5004187330650944	670
1.0287712680201155	0.49290918880959084	669
0.9566101604360264	0.5110880134534066	667
