1.1177584544799877	0.47219738298509045	669
1.006558971852177	0.49836561697309034	670
1.0065199776469091	0.49837530208531605	670
1.0065877158998027	0.49835847796545274	670
1.0072177617626266	0.49820204815338814	670
1.0067128093581659	0.49832741154417787	670
1.0065173027618335	0.49837596646865123	670
1.0037026919352663	0.499076037590265	670
1.0065000390867356	0.49838025443306394	670
0.9952033545464142	0.5012020442534482	670
1.006546601291784	0.49836868944694096	670
1.005322720652694	0.4986728518562435	670
1.0064980340338034	0.49838075245437946	670
1.0058424811068059	0.49854363411837255	670
1.0064980340338034	0.49838075245437946	670
1.0014662478541472	0.49963370657493744	670
1.0068122365398098	0.49830272199467057	670
1.011398453667262	0.49716653514213466	670
1.0065877158998027	0.49835847796545274	670
1.007331541028574	0.4981738091394666	670
0.9982561615237497	0.500436340072366	670
1.0065000390867356	0.49838025443306394	670
1.0066051649864936	0.4983541443275071	670
1.006572804952212	0.4983621812933998	670
1.0067798685106282	0.4983107592873004	670
1.0065392042291268	0.4983705266721566	670
1.0068122365398098	0.49830272199467057	670
1.0064980340338034	0.49838075245437946	670
1.0043960128882032	0.4989034070962183	670
1.0061474040177778	0.4984678583424463	670
1.0066651067319892	0.49833925782891497	670
1.0076012821168112	0.49810687456106917	670
1.0034618764336896	0.49913602637654075	670
1.005635760956529	0.49859501882987944	670
1.0015804581200054	0.49960519745444304	670
1.0064976620727828	0.49838084484333	670
1.006546601291784	0.49836868944694096	670
1.0062451333706663	0.49844357669290046	670
1.0068122365398098	0.49830272199467057	670
1.011398453667262	0.49716653514213466	670
1.0066122935853896	0.4983523738974073	670
1.006546601291784	0.49836868944694096	670
1.0065877158998027	0.49835847796545274	670
1.0066122935853896	0.4983523738974073	670
1.006572804952212	0.4983621812933998	670
1.0036584424744497	0.4990870593518096	670
1.001416633323792	0.4996460923477389	670
1.0065877158998027	0.49835847796545274	670
1.0088157352203753	0.4978057382103769	670
1.0061669811216525	0.49846299406288586	670
1.006546601291784	0.49836868944694096	670
1.0065392042291268	0.4983705266721566	670
1.0030162720183942	0.49924706751998704	670
1.002320170374967	0.49942062952536403	670
1.003971092200277	0.4990091942404427	670
1.0064976620727828	0.49838084484333	670
1.0065199776469091	0.49837530208531605	670
1.006546580476825	0.4983686946167805	670
1.0068122365398098	0.49830272199467057	670
1.006572804952212	0.4983621812933998	670
1.006546601291784	0.49836868944694096	670
1.0039637132583896	0.49901103167882593	671
1.0065000390867356	0.49838025443306394	670
1.0053155034212984	0.4986746466049284	670
1.0170534830488946	0.4957726745492347	669
1.0065344980192186	0.4983716955712276	670
1.0064976620727828	0.49838084484333	670
1.0066122935853896	0.4983523738974073	670
1.0028082693630094	0.49929891707409857	670
1.0066651067319892	0.49833925782891497	670
1.006456347797908	0.49839110683743665	670
1.0065199776469091	0.49837530208531605	670
1.0038045330339334	0.4990506726152144	670
1.0011601841887965	0.49971012210867405	670
1.0065546002204178	0.4983667027501525	670
1.0036788081370986	0.4990819865633757	670
1.006546601291784	0.49836868944694096	670
1.005421277307905	0.49864834452260764	670
0.9935456248599562	0.501618818014385	670
1.0098868386380606	0.49754044893274685	670
1.0068122365398098	0.49830272199467057	670
1.0033894915453836	0.4991540607655956	670
1.0064976620727828	0.49838084484333	670
1.0065000390867356	0.49838025443306394	670
1.0080779381277671	0.4979886392917352	670
0.9963810647787221	0.5009063738594612	670
1.0066122935853896	0.4983523738974073	670
1.0065392042291268	0.4983705266721566	670
1.0063797649512882	0.4984101302598008	670
1.0054014804229718	0.4986532670700352	670
1.0065199776469091	0.49837530208531605	670
1.008022630172128	0.4980023556379341	670
1.0072177617626266	0.49820204815338814	670
1.0067425878083798	0.49832001676514387	670
1.0104441107349285	0.4974025364149241	670
1.0056025414001448	0.49860327724848374	670
1.013615981660433	0.4966190222504081	670
0.9970566739450586	0.5007369160057754	670
1.0113245359462801	0.49718480639402324	670
1.0069516858604814	0.49826809835297536	669
0.9935456248599562	0.501618818014385	670
