0.02405414724545503
0.01976945164492749
0.019409583101114434
0.01999240536334262
0.036934999326902584
0.06003987410807507
0.07564795680258689
0.08355344385007009
0.08253483706373713
0.0813939047362947
0.08584737861813689
0.094370384796564
0.09842375297944365
0.10595787858702882
0.10659595603140272
0.08788959616701839
0.08129500228043918
0.09588000901186429
0.10324504574581603
0.11794016070695035
0.14946117986209886
0.16222292054021098
0.16428504537724828
0.1621935406687275
0.15648611304812748
0.1374843871093808
0.12080553718893419
0.12082931799278897
0.10890005348906365
0.09913726784474894
0.10879260287341654
0.10984469482063858
0.10673053954626292
0.1310998344444795
0.15469490849557593
0.16535024841700463
0.18740906483211328
0.18608566148772823
0.16775304390092702
0.15425894628748696
0.13112019365512673
0.11337291610894713
0.11598218421947167
0.1289516149784228
0.13228592280682555
0.16319127865984037
0.18944559362421493
0.21048027863812174
0.22875326253381956
0.24949209618121204
0.2635737746414538
0.2685187720970536
0.27287785563829026
0.29035220249686555
0.3023860711067177
0.30806246861036146
0.3141723899019149
0.3194779337119647
0.28929263222566015
0.26830642046817943
0.24454371375240527
0.22623010265761034
0.21944903184131678
0.23022775203166254
0.2578499929081833
0.29775410423917176
0.3368519267628868
0.3602609224524261
0.3801394779302076
0.38001614779707127
0.37629796456365394
0.3628139152637484
0.3523167644990757
0.3443813859145437
0.3370820525859349
0.3274640699001225
0.3257242957375277
0.31793752848124085
0.3187227660923353
0.34345714305465297
0.36231261335524456
0.38740535000782944
0.3990903878836813
0.3986438779341254
0.37141482266077747
0.34921534162968143
0.31492874233238854
0.29719344872749964
0.3132158341652457
0.33224316071157567
0.35357586289939275
0.380058348110851
0.419676185980972
0.42352650459818825
0.4252382372064008
0.4279720753420516
0.43116895423987295
0.42869406684907846
0.44895168194096924
0.46831582188161336
0.5040822529381751
0.5602257523868812
0.6166837668469255
0.6575606075690629
0.6910500723654371
0.6885980455446815
0.6500469888416552
0.6143869579312966
0.5675184784952099
0.499409834892117
0.44145584956290645
0.4086926143530746
0.37543365417556473
0.3427616887676501
0.33847683141477997
0.35587743988091697
0.379553291332165
0.37409424111880846
0.39140807226265567
0.4219856753750854
0.4360559726364327
0.41015196340861415
0.4110581011424678
0.38330172120453226
0.34709590884123814
0.30931840491832063
0.28280616331188996
0.2521039823386128
0.24022396486649542
0.25932605821492344
0.2716354777227231
0.2800799028400314
0.30390720706186786
0.3431967033424382
0.34943641582052487
0.36221121840409176
0.39357414118874257
0.4090786568035001
0.4106770596262333
0.4459595879463782
0.47602074421925655
0.5092390814253092
0.5424436609386851
0.570093377969013
0.547248133216205
0.5360752249675886
0.5181920660772498
0.4929110500445639
0.45435369238336587
0.4149128818475673
0.3680131502176916
0.33480312085737335
0.32915315380173715
0.3312868869174128
0.3407282953512106
0.36019586490466243
0.3853422776087968
0.3680520636405026
0.36264702724845466
0.3837610958202556
0.37199583299593114
0.3473311306354176
0.3443772790709157
0.36364517415321695
0.3580660362600391
0.3487465953312021
0.34434022141634946
0.31702926926368746
0.28884256965262306
0.26072190026496367
0.24673975063205017
0.2559642081960736
0.29508349851062254
0.32471477741845667
0.37352743016155077
0.41264432597349565
0.42670168411265536
0.41300077038729177
0.39665711266795395
0.3712912657129284
0.369894559292608
0.36171685037095613
0.3611935051599858
0.366987514447771
0.3811962144832074
0.3854425582233011
0.3802063022539686
0.3753524399767345
0.3718128143971276
0.360623320913027
0.36725666881572966
0.3999215713971891
0.42083169175446206
0.4417686074176965
0.45434869368591896
0.4416755382231831
0.43408170470697005
0.43249376026711683
0.43108798007920063
0.43729651684984494
0.4608370251343725
0.48084661136887547
0.5017481223351518
0.513773293229802
0.5164877333007734
0.5138033197078516
0.5249064503146025
0.5465795704477003
0.570032180473597
0.5990450502059828
0.6303088327259604
0.6476839868212536
0.665551477672477
0.6847419871033736
0.7257379942467647
0.7364700422779561
0.7542215568789564
0.7647216108348478
0.7824648995415039
0.7811111380592178
0.8068536442643065
0.8350572892859992
0.8311339853277188
0.8560916048999436
0.8352528709950542
0.8176023639793233
0.8070440712752321
0.7775356040074121
0.755820086923424
0.7527811283154937
0.7555997629713175
0.7671753654838913
0.782566924700255
0.8159911264322615
0.8434938040358405
0.8697536473540066
0.8945981646237134
0.9307142014175886
0.9511540281540584
0.9552939867268971
0.9506365991812326
0.9395836167838
0.9204774469574143
0.8908048931173711
0.8677759991493171
0.8557461765215727
0.8469701602229711
0.8466670276211112
0.8744051225129406
