0.022218342515833524
0.0180872602213247
0.017295775607092088
0.017352548727730285
0.031706139089060316
0.051426462723355104
0.0652991509982704
0.07326409132510137
0.07399212368588018
0.07406893440164741
0.0802371710864093
0.08878320127861793
0.09417665127952732
0.10150372822697788
0.10203472430121521
0.08421797122076805
0.07704451570485196
0.0887030507014195
0.09656446338785632
0.10841335553814976
0.13294603930797627
0.1436060346062052
0.14645471140250216
0.1436661473915923
0.1377083052590031
0.12252649475793129
0.1101098710078914
0.11223051544340952
0.10291971756159517
0.0950215693496492
0.10522403982134135
0.10684040510724906
0.10404850162827255
0.12788654889808046
0.15112680837213058
0.16110218636126994
0.17912265486107418
0.17493145978117822
0.1579429270371551
0.1426943246178806
0.11769743688870173
0.10167404778557472
0.1033605446544341
0.1153697373690776
0.1188462583538259
0.14972417730314447
0.17598343273872386
0.20000849749750874
0.22102792456039552
0.244011034962517
0.2594199381428239
0.2631602875289986
0.2655380810364454
0.2765754509773771
0.2775773301437824
0.27897996101608624
0.28236297335468724
0.2872287669461082
0.26884094279784787
0.2596503702901255
0.2410321139945635
0.22325543610437437
0.21367079122025134
0.2182427002142346
0.23685093790891432
0.26825985293247023
0.3038365857760441
0.3298353526716282
0.3546585813741435
0.36141792672184764
0.3656625552576328
0.3578645950213321
0.3492885084364299
0.34071242185152767
0.33049659291752204
0.3181000067626112
0.3092500731754002
0.2975280857286966
0.29452244803279853
0.31192843060978265
0.3292509231415016
0.35029038779951743
0.3607767242677651
0.3635719674114905
0.34519082239604587
0.32178358302814775
0.3031452889407744
0.2887282463259906
0.3009645317198692
0.32651913225122997
0.35199692206682354
0.37859347695484774
0.4176667681816167
0.42204498055380735
0.42314704769585776
0.42217522472546387
0.41867866614558646
0.4086732319604358
0.4218178880712546
0.4348890729343728
0.46378995027882536
0.5113024047860244
0.5600872457971885
0.599173895486271
0.639098784309342
0.646833292292189
0.6184834486171027
0.5956873557039581
0.5613228969723266
0.4977970721595652
0.4414012882043949
0.40640230575813213
0.37048493419072903
0.3322799380972777
0.3226385200925164
0.3326806898031762
0.3490614157571948
0.34111985269024186
0.3575773893600277
0.38872581564690606
0.4118258119550528
0.39905519101887027
0.4034834973788835
0.3824373535880521
0.3464231337097528
0.30442435497091963
0.27618471806904304
0.2420874270102226
0.2242806929240222
0.236800844117774
0.2513314329738342
0.2686873213663134
0.3006639679896158
0.34417558457064484
0.3499664466127038
0.35885311572542394
0.3819030180457481
0.3865951526105056
0.3791712271554765
0.4079251622012102
0.4358709145056489
0.4709767640603726
0.508991403000098
0.5400630187678915
0.5327326021556918
0.5270586260196582
0.5132594089924435
0.495145431846492
0.45603206523278267
0.4147679977908616
0.36896541721571763
0.3264356422059649
0.322722009744417
0.31787959321619175
0.31856421072196356
0.3427462367737141
0.35696290363388977
0.33726595725947295
0.3326239166825381
0.35200026173157245
0.34278631196397213
0.3289036048914924
0.3320662036836738
0.35360994749130004
0.35074123309987404
0.34456297761754767
0.3434475520131837
0.3188981705096594
0.29100919132585884
0.260238139485001
0.24215087906699412
0.24771130915843365
0.284881029831355
0.31260970845080555
0.35410086857196155
0.3823638827337161
0.3924093921091248
0.3794283764240874
0.36613677801454975
0.3482866290733423
0.3504673862942476
0.3510250990964296
0.35546676391875626
0.3666878116839161
0.38418730290704756
0.3891766617339917
0.38110485449538223
0.3724886927202219
0.35977818456942645
0.3426660865898802
0.34363456989552515
0.36796687751737905
0.3915010215888669
0.41431381243239157
0.4369696421796328
0.4413912692101482
0.4383288583936119
0.4295156605285924
0.4177402396259996
0.4131549721697028
0.4265901732132104
0.44333491534761843
0.4703823159293637
0.4946177752403213
0.5090515159821675
0.5146520210671829
0.5302846772619759
0.5529972801298553
0.5732452601736384
0.5957341100270318
0.6195888554239021
0.6218263857654456
0.6288362010522627
0.6465828225497582
0.6714160700498379
0.6809105457558805
0.6958185092546435
0.7086392243753309
0.7230796440533104
0.7342038435075741
0.7572537460245804
0.7869594662488968
0.8087570194637029
0.8173498039789852
0.8239755654902837
0.8207294766528372
0.8056211372027837
0.7841542041109246
0.765135196109464
0.7553902504643086
0.7551865348482693
0.7638561302760011
0.770164629929984
0.7902823656054285
0.8026021410445722
0.814851784900764
0.8294892408652852
0.8601534257943644
0.8832434033049467
0.8984686284643432
0.9114763610740075
0.9200891831844188
0.9161150619861934
0.8968889989006268
0.8801075212407098
0.867958065360163
0.8531669877674253
0.840493215142139
0.8541788859280772
