0.9230293509727382
0.9317903446459533
0.9409024794423858
0.9507756677614336
0.9505024078022901
0.931074046256109
0.9238293028287663
0.9323788689918783
0.9450858999441293
0.942375555111096
0.9503918773564358
0.9494141331158228
0.9232835465065927
0.8936103125105216
0.862626318505965
0.8558168610576639
0.8630037093487709
0.874775951945369
0.913147501988635
0.925229394786679
0.9158268429268656
0.9079105961085373
0.9063161278799162
0.8927623964600849
0.8907898088194766
0.9179872300787387
0.9541496685313696
0.983602879023597
1.0039910421122706
