0.9193335597872642
0.928326712766046
0.9349585937348346
0.9414503399384803
0.9412681644962012
0.9277276362633534
0.9203355235849974
0.9288066743263446
0.9377122429221663
0.935936034062148
0.9411945936722864
0.9405464702287543
0.9196558699946864
0.8925327728518546
0.8801903972117369
0.8777485477014701
0.8803235253005209
0.884524066876745
0.9068335325879422
0.9219961217692751
0.9098779620422447
0.9018692560671351
0.9005695055323998
0.8921018580260682
0.8911349276101296
0.9126035841114857
0.9437415443595744
0.9691094526714643
0.9917342217073971
