0.9083951079499815
0.9172756989182472
0.9238230601907963
0.9302319042257968
0.930046342917115
0.9166617942951801
0.9093524719718715
0.9177171240291077
0.9265109315099177
0.9247505431271872
0.9299408548492024
0.9292951073799177
0.9086491825737244
0.881845649331907
0.8696461004203714
0.8672285794318518
0.8697677796063834
0.8739130364411567
0.8959498522951773
0.9109253828124222
0.8989477397477823
0.8910303165571158
0.8897412911130052
0.8813706281007309
0.8804105271397282
0.9016159221235436
0.9323739431707466
0.9574311346344515
0.9797780107774792
