0.9066448124540729
0.9155138383453892
0.9220541852587482
0.9284563336193105
0.9282766717655366
0.9149230331731157
0.9076329473231267
0.9159871771508501
0.9247698282362196
0.9230181348136217
0.9282041180825812
0.9275649402506306
0.9069626744761949
0.8802139336377764
0.868041906236632
0.8656337626505709
0.8681731966311523
0.872315764631415
0.8943173115702702
0.9092706228346944
0.897319719422023
0.8894215535607455
0.8881397423653108
0.8797889633713145
0.8788353800782612
0.9000077224818317
0.9307159152008232
0.9557336921736435
0.9780461914550207
