0.023048775082457795
0.018763289493899455
0.01794222235796558
0.018001117430241406
0.032891187453613656
0.05334857772366754
0.06773977146864238
0.07600240933226782
0.07675765262390324
0.07683733421628036
0.08323611485894651
0.0921015613974423
0.09769659693624783
0.10529753064466013
0.10584837322331074
0.08736570134271174
0.07992413081905364
0.0920184151130037
0.10017365588809465
0.11246541212300694
0.13791502925699595
0.14897345244197668
0.1519286013561531
0.14903581200228053
0.14285528961664443
0.12710604390516375
0.11422533653942635
0.11642524216196731
0.10676644398369499
0.0985730946564295
0.10915689257114211
0.11083367111118982
0.10793741747332268
0.13266643537982278
0.15677532257937923
0.16712354020498857
0.185817541570595
0.1814696964217328
0.16384620043327566
0.14802766638946852
0.1220964952131888
0.10547421606552106
0.10722374742592329
0.11968179561761239
0.12328825501888434
0.1553202667843896
0.18256098791091646
0.20748401327035074
0.22928906224685985
0.2531311891731276
0.26911601537774504
0.27299616402836174
0.27546282992419135
0.2869127325030685
0.2879520578960324
0.28940711348698855
0.2929165692638102
0.29796422671199313
0.2788891394165744
0.26935506015487626
0.25004092808232625
0.23159982924192976
0.22165694875829556
0.2263997373810153
0.24570347639754814
0.278286330741704
0.3151927792265928
0.3421632757958364
0.3679142972672606
0.3749262798448478
0.3793295555779577
0.3712401388511987
0.3623435125325509
0.3534468862139032
0.3428492305511119
0.32998930970547574
0.3208086010814661
0.3086484927391841
0.30553051635625894
0.32358706477881505
0.341557002632938
0.36338283812954836
0.37426111181370697
0.37716082993960215
0.35809267141620604
0.3338105632838167
0.31447564448713183
0.2995197506194611
0.31221337930428705
0.3387231083513413
0.36515315580601837
0.39274378328623905
0.4332774774884676
0.43781932988623057
0.4389625878797008
0.43795444206285544
0.4343271961414822
0.42394779893975437
0.43758374959712726
0.4511434829461176
0.4811245592178189
0.5304128387900476
0.5810210615725742
0.6215686135228814
0.6629857346253812
0.6710093275078418
0.6415998803348925
0.6179517608615588
0.5823028964347309
0.5164027309748851
0.4578990987145001
0.42159199462048724
0.3843321757019435
0.3446992300239925
0.3346974544680824
0.34511496022198473
0.36210793203941416
0.3538695451839181
0.3709421985937246
0.40325482817656383
0.4272182097354112
0.4139702741879402
0.4185640928859563
0.39673132861732335
0.35937104158630123
0.3158025168775192
0.28650739556512683
0.2511356844676049
0.23266340605108995
0.2456515103013284
0.2607251943135507
0.27872977623182016
0.3119015817068012
0.35703948807113
0.3630467893198997
0.3722656064960839
0.39617702175467817
0.40104452949800556
0.3933431274730814
0.42317176933205114
0.45216202181898013
0.48857998728552215
0.528015461022511
0.5602484092170066
0.552644011020566
0.5467579644043761
0.5324429879677838
0.513651982977727
0.4730767155312624
0.43027036268210483
0.3827558652743742
0.33863649778290805
0.3347840646284487
0.32976065798436166
0.33047086374776646
0.3555567169840164
0.37030474585470774
0.34987160659278316
0.345056065149709
0.3651566202940464
0.355598290024219
0.3411967030191936
0.34447750707490093
0.36682646965400456
0.36385053421972685
0.3574413603170101
0.35628424457546104
0.33081730561343226
0.301885948198779
0.26996479780580274
0.2512015081078699
0.25696976478354167
0.2955287405963154
0.3242938060541919
0.36733573939648606
0.39665511171700774
0.4070760819589381
0.39360988795040364
0.3798215028802991
0.36130418693555355
0.3635664521183984
0.36414500998917293
0.3687526864352677
0.380393131979051
0.3985466840260575
0.4037225250828761
0.39534902605075517
0.38641082669190485
0.3732252507047376
0.35547357110764477
0.35647825243646214
0.3817200041654049
0.4061337601904246
0.4297992016958314
0.45330181552845594
0.4578887052504161
0.454711833795215
0.4455692339274134
0.43335369500088367
0.4285970486300852
0.44253440362489327
0.4599049970881404
0.4879633210666065
0.513104604683071
0.5280778207868483
0.5338876502986893
0.5501045925084155
0.5736661014133159
0.5946708697739923
0.618000262673784
0.6427466028163908
0.6450677630715115
0.6523395771503647
0.6707494962106092
0.6965109109420841
0.7063602520852627
0.7218254154913814
0.7351253175431389
0.7501054622149055
0.7616454396462105
0.7855568551088381
0.8163728560605185
0.8389851144248829
0.8478990627756038
0.854772468688538
0.8514050540643974
0.8357320254572659
0.8134627444705391
0.7937328821999968
0.7836237095555524
0.7834123798665114
0.792406010013643
0.7989502960929846
0.8198199520730028
0.8326001913262618
0.8453076777591663
0.8604922231439178
0.8923025123683984
0.9162555006671952
0.932049783702873
0.9455436932075648
0.954478428078387
0.950355770162611
0.9304111139190332
0.9130024119036116
0.9003988580712134
0.8850549492976745
0.871907481862682
0.8861046681547224
