0.8370395589999999
0.8370395589999999
0.8370395589999999
0.84025217325
0.8470838925
0.8576473354999999
0.858509189
0.858509189
0.8587985985
0.8576488229999999
0.8524171417499999
0.8402581222500001
0.8402581222500001
0.8245639312499999
0.8235567352500001
0.8235567352500001
0.8235567352500001
0.83360956875
0.853996145
0.85960924225
0.86739269725
0.8804764675
0.889088203
0.892400262
0.8949947469999999
0.89525950775
0.8958899615
0.9006212315
0.9015500187499998
0.9015500187499998
0.9061610202499999
0.9232179007499999
0.933260535
0.933260535
0.933260535
0.9485386735000001
0.9504993055
0.9504993055
0.9536381867500001
0.96108123525
0.96108123525
0.96108123525
0.9645919710000002
0.9625036335000001
0.9620051354999999
0.96140464275
0.9560042465
0.941997214
0.941997214
0.9384280435000001
0.9406553485
0.9406553485
0.9512313284999999
0.9513692335
0.95653801725
0.95653801725
0.95781146125
0.9556011554999999
0.96037959825
0.96037959825
0.9552320632499999
0.9552320632499999
0.9552320632499999
0.95263630275
0.95263630275
0.9529471734999999
0.94065577375
0.9307266085
0.9307266085
0.941840185
0.941840185
0.9389363164999999
0.9389363164999999
0.9389363164999999
0.9295987197500001
0.9295987197500001
0.9322138165
0.9432793695000001
