0.5667153641130139
0.5721760900841377
0.574659397320742
0.5741435882808319
0.5758211397367223
0.5784354386016543
0.5786012495917728
0.582173918318629
0.5835816469574154
0.5811507927126576
0.5751352648405869
0.5711348107333788
0.5614041753330655
0.5591196308125006
0.5662915366750271
0.573449811781094
0.5820809915505398
0.5932255689268428
0.5987465133831936
0.5982076852702922
0.600157333381848
0.6014524059079961
0.6044334634747801
0.6093862360756696
0.6122652690943922
0.6152240591702349
0.6190213132374862
0.6238035387148784
0.6294480595804967
0.6366055762896058
0.6433423287660787
0.648492951456784
0.653805414791477
0.6566556079207507
0.6574190456237062
0.6598753522618142
0.659835529047213
0.6603708114117506
0.6620042165033153
0.6637891550755644
0.6634300316129853
0.665373019088185
0.6662102411287554
0.6661335949650338
0.6667561567940223
0.6665183937935306
0.6678832573332151
0.6659509517924739
0.663772934536161
0.6643526799833122
0.6601213197946512
0.6571961002925227
0.6603856476429719
0.6641089694453518
0.6660051155360194
0.6732459722133894
0.6805776145980866
0.685096061431504
0.6906576706130284
0.6967915688956068
0.7030744287013242
0.7068890282364858
0.709954466467936
0.7139611370825286
0.716181094759406
0.7162713154099299
0.7163802347265409
0.7174461483037953
0.7152214844809486
0.715182044395357
0.7151003082238011
0.7170648536552721
0.717337135452445
0.7202888222770125
0.7214261646718435
0.7254074706527884
0.7252354791351983
0.7267116384264801
0.7264666363293605
0.7272151798549618
0.7274258740371505
0.7320328205883392
0.7367146227787105
0.7420637293827032
0.7418106357157073
0.7432850035856637
0.7400276820183052
0.7341405569956981
0.7283550896709363
0.7277667959613299
0.7270802400924945
0.7281413992597344
0.731135371524982
0.7341316954238639
0.7386552882455837
0.7408004918449888
0.7412384302793514
0.7435535325781606
0.7481391030747162
0.7507476915493232
0.7544755248394297
0.7613378655981972
0.7655352934424282
0.7679295093489285
0.769950841594335
0.7725517544542939
0.7753194458330658
0.7777446208985076
0.7815089699893458
0.7853520174496392
0.7880439039811672
0.7885332517493214
0.7894837240913842
0.7886882346252873
0.7898368039063548
0.7885225339317475
0.788792084438242
0.7860030756596389
0.7852340466185032
0.781576083193074
0.77610283234327
0.7714942832982737
0.7736535821890751
0.7734027522106645
0.7724992917147347
0.7730632559666557
0.775259807136258
0.7723715229173637
0.7714127299999677
0.7746050376126314
0.7764939324753567
0.7696989574894616
0.76522266502885
0.7564604052614909
0.7468246287295164
0.7432728174664979
0.7479448249712155
0.7498622562063756
0.7552959438139238
0.7582272962387995
0.7595550377732521
0.7614322070246864
0.7666912794157763
0.7720409629741412
0.7778529149331329
0.7853459005487348
0.7904576667253536
0.7944408778760284
0.7967430276202981
0.799439230186953
0.8007515819539707
0.801936622438921
0.8028478043897778
0.8045633329572317
0.8056201889606958
0.8057241724053741
0.8059459920578126
0.8055992998177796
0.8049048705455129
0.8042746083470105
0.8053426270917234
0.8068045391270161
0.8081227283005946
0.8080957382979442
0.8076742345433728
0.8057732835536322
0.8023303279296986
0.7994552900617774
0.798437088830853
0.7964278187847698
0.7905215862599885
0.7851664142432024
0.7786858589538227
0.7714403525558168
0.7641721774991189
0.7616865178051244
0.7604922329683417
0.7594069433083411
0.7555504954593703
0.7543001437474021
0.7521885031225947
0.7487195937950037
0.746756036836656
0.7494541919479235
0.7514117692013401
0.7528184970619614
0.7571455626320834
0.7631711217900224
0.7697316439657811
0.7756455778805342
0.782890393459331
0.7896418141841602
0.7948421591276489
0.8001333927282513
0.8051233119281589
0.8062268180338656
0.8048525212452057
0.8019610391756506
0.7958922556881737
0.7911781115600285
0.7881932114285323
0.7839408226142026
0.7816823578605437
0.7794527390641235
0.7741133411145441
0.7710891061472659
0.7679100281344498
0.7609882017402986
0.755386740827329
0.7575956705693758
0.7603809503832749
0.7664841241658913
0.772914376793725
0.7820803484902249
0.7859478133710859
0.7884827654865607
0.7898924936532863
0.7944944010240802
0.7950961071039871
0.7971826711672687
0.7997517201851446
0.802390395358396
0.8055361815987644
0.8085438930180929
0.8090757329326032
0.8097333250542661
0.810750036739561
0.8098502525383081
0.8117027362617675
0.81239709189155
0.8144923320123022
0.8165406946836378
0.818412253436836
0.819463111629636
0.8233960920524525
0.8261488182273128
0.8287792892475094
0.831699323526415
0.8327601852881279
0.8345426477898256
0.8359078588851975
0.8371798787191919
0.8385666792897959
0.8411235169106203
0.8421109447032188
0.841387741968001
0.8393371585418622
0.8369398414195937
0.8332849639534732
0.832400027419696
0.83262431374555
0.8334058271795279
0.8327883937697514
0.8316888530658788
0.8281100344746948
0.8261858075205485
0.8248418221666616
0.8292720898383171
0.8351618265887173
0.841260580760362
0.8465109606265474
0.8525462981368565
0.8563697665719147
0.8599807404915533
0.8633444305527052
0.8666451088820467
0.8676162281284461
0.8675018444682695
0.8668842370188874
0.8671932033508766
0.8658693837847738
0.8659091272210044
0.8655249090201466
0.863564687177139
0.8617067230934676
0.8619346546122925
0.8616051476960999
0.8618606023522961
0.863710461831616
0.863704340707031
0.860328882259748
0.8538090244797626
0.8460551661001896
0.8398101022556359
0.831418499091506
0.8266912431259664
0.8242153201222783
0.8177241148598836
0.8108188596655406
0.8064710066487853
0.8032253685547757
0.8046340322564354
0.810899518597808
0.8187358667052943
0.8260088979461205
0.8314249490537644
0.8362227517430176
0.8405228781060478
0.8411163962869207
0.8432986891564588
0.8442685597750131
0.8449420846767113
0.8455694046429058
0.8475689372949494
0.8493215341306827
0.8520417966687854
0.851556949715314
0.8542251245657394
0.8562017957330239
0.8580105704389976
0.8595867476330871
0.8625721037654233
0.8620434340120452
0.8618049283955017
0.8580580104069456
0.8533386163904761
0.8512173059203434
0.851030078730861
0.8495591498010427
0.8523231279948881
0.8552379703663291
0.8555977525152072
0.8559840189190309
0.8565535316048443
0.8557403153186163
0.8559875506474387
0.8581810911367425
0.8601597217895167
0.8637663677368951
0.8673650596330061
0.8684936514419702
0.8660408933437191
0.8627970271236173
0.8611858862584053
0.8563449616643879
0.8518182768035565
0.8509162537272986
0.8509961235503044
0.8508427052386668
0.8537907080688846
0.8586224321855838
0.8626929897582858
0.8655023762072303
0.8663972287588204
0.8659707676402805
0.8659648256939068
0.8662093582706211
0.8671290117158396
0.8677910982767956
0.8693703632344436
0.8703065167341896
0.8687669679412098
0.8680492715395041
0.8679580919074825
0.8688441240190234
0.870731744407257
0.8742841764611547
0.8753504237732315
0.8741863582764666
0.8730409176994303
0.870961339428919
0.8670425432345988
0.8661024966507115
0.8672205428251903
0.8686312165285757
0.8705061199752974
0.8734384722833838
0.8752936927750797
0.8770956401315103
0.8786075570087636
0.8791205172706847
0.8802585360425959
0.8817466875018489
0.8839217298108376
0.8860384392607683
0.8883829925733785
0.8894878845730096
0.8884291495480097
0.8866557989995759
0.8849431873819535
0.8834789072377611
0.884148779514399
0.8861343370271352
0.8883191040992043
0.8899406906488521
0.890040266676043
0.889635943502348
0.8888546443995513
0.8877718641843437
0.8866113034352521
0.8880568564557713
0.889188398080887
0.8914785174970253
0.893323283482917
0.8941327798501864
0.8944306729659997
0.8938132492454941
0.8925453062043982
0.8928628634176866
0.894422108185309
0.8959529206167246
0.8965684878152714
0.8980140433112345
0.8979776240246968
0.8984985925625462
0.8979903569681268
0.8990430722863378
0.8976458394017338
0.8969606668081576
0.8949488110125888
0.8928642866970263
0.887493867344413
0.8828752602623927
0.8783895540123648
0.8730207436497902
0.8680364628034795
0.8657740165818748
0.8662673074047011
0.8662754514848546
0.867795026387377
0.8701899090517471
0.8740981363767504
0.8753164316784627
0.8782900736633352
0.8821946855002023
0.8856871358910161
0.8891013317108241
0.8925794192916583
0.8949875843290225
0.8968567695245734
0.8982705333977965
0.8986650114861525
0.8996181537119812
0.8995271221602389
0.8992489298304287
0.898734500862453
0.8991774965148365
0.8993045661727207
0.8987779294683106
0.8986838856282487
0.8984814693841714
0.8971258193416457
0.8963275680146437
0.8975005915711062
0.8983708150736759
0.9004942462124871
0.9033115922744432
0.9046587777120377
0.9039358589565958
0.9044416753719249
0.9013737649885509
0.8997545594259305
0.8987606378586811
0.8986331567572027
0.8946002681430769
0.8931371275123268
0.8920838868640918
0.8912722730781831
0.887923503690541
0.8898926391392891
0.8884212317380135
0.8835064998799522
0.876197499816107
0.8716620118007355
0.8617661025741165
0.8552372373996346
0.8532287237120038
0.8541953047829308
0.8578436680370604
0.8616722758813913
0.8682341670049527
0.8730784425821297
0.877738079064658
0.8819975469922159
0.8874482097380623
0.8927896548876347
0.8986411208585243
0.9039464269845899
0.9075057974171906
0.9121825754383062
0.9153875624100504
0.9169975313098833
0.9191411232245178
0.9211124799508372
0.9221894373159057
0.9230128715755533
0.9235195766741922
0.9238021094835575
0.9244058078272919
0.9250116974918534
0.9255548183924419
0.9269817796045515
0.9283511842396245
0.9293643656189189
0.9304863203314571
0.9313421684895545
0.9310822474580629
0.9315635772609212
0.932322175204377
0.9328808740662473
0.9338821684364892
0.9344586027956134
0.9338617779531106
0.9309263794349745
0.9285227400725792
0.9229831464290142
0.9172534661331331
0.9107267803634884
0.9091116185748837
0.9107771700940062
0.9154751970451469
0.9221801114294436
0.9299644925363332
0.9351646681560348
0.9372255996184015
0.9389412155118786
0.9391133485377956
0.9376394019026545
0.9361739484029974
0.931965936013935
0.9266743540518134
0.9233989329844517
0.9241029045050074
0.9233088347710281
0.9244631163388957
0.9264458472177725
0.9251597456178879
0.9202468014355573
0.91830824615627
0.9172179161608467
0.9166993257048323
0.920042743320825
0.9230137063999002
0.9244015953592215
0.923339818158737
0.9202823434995919
0.9168553662636405
0.9123497129553307
0.9094582184666763
0.9120025084871288
0.9162909668812941
0.9203371300229313
0.925837637891441
0.9288088482937471
0.9304116774478934
0.9318903614662453
0.932568227905727
0.9340651363628527
0.9364663559948986
0.9376616144742119
0.9385699870117219
0.9397924091317302
0.9404949982330887
0.941649169578347
0.9430224460104966
0.944610924377801
0.9445575769610681
0.945734662697638
0.945695023026265
0.944821267272668
0.9442786413554528
0.9423519250426899
0.9402649804159018
0.9363009734270561
0.9327979547216096
0.9309289645178938
0.9300840795670373
0.9299396131645123
0.9314009346286419
0.9347899628066021
0.9352722717796154
0.9380892494356116
0.9391031581339564
0.9402762093201905
0.9376697310061056
0.9355778362697925
0.9324123213480189
0.9313264771604832
0.9294772568767949
0.9293157019845133
0.9299888145530594
0.9313094561562921
0.9305190259728955
0.9315084007593655
0.9335218563195674
0.9357548986814097
0.9364748610307814
0.9376714279204643
0.9392103992752241
0.9402741939594556
0.9385955175186331
0.9390181019984547
0.9383815739647484
0.9378353196650666
0.937487923174563
0.939347673643899
0.9393697486035884
0.940528964763087
0.9405092899475652
0.9389305708963886
0.9385208840893611
0.9387579922193063
0.9374208676776309
0.9359799495316502
0.9366042196765031
0.9378418760148891
0.9380977008465342
0.9391217913337687
0.9407000621275977
0.9430254577696205
0.9435942667129038
0.9449338199594436
0.9465958366400485
0.9481009061873477
0.9483229671820889
0.9480541705531935
0.9463291500702915
0.945312757454626
0.9442170148341859
0.9422951436928975
0.9409337549058526
0.9407218500564243
0.9400984923097193
0.9384961409534875
0.9373092129469414
0.9352629944665493
0.9333773654455464
0.9327939460098444
0.9338207568490663
0.9341974090758273
0.9343847329256495
0.9354473382090127
0.9349593600654001
0.9355362351257968
0.936413893819498
0.9388393181539048
0.94057325502126
0.9407906958304829
0.9391631218938612
0.9386579641716153
0.9347620078665884
0.9307166389668199
0.9290717698283196
0.9277900522499051
0.9256564413703539
0.9271246191056249
0.9262803376986297
0.9245654481423023
0.9248151576318281
0.9272136689681609
0.9294284798666048
0.933596214911193
0.9378885690392009
0.9402623890085746
0.9411420799337118
0.9401791404297
0.9387345463531053
0.9358596045062981
0.9319052006109441
0.9266658351935831
0.9242988022995731
0.9234724141433214
0.9235893325528065
0.9245939049663086
0.9258872030894079
0.9252358387942773
0.9234932110654505
0.9207511842790155
0.9180364868461831
0.9181834242550654
0.9168979958807812
0.9156878381512218
0.9155864941931963
0.9165005495385741
0.9158861751754679
0.9168374544011086
0.9163667366255481
0.9126582343263764
0.9032159837156011
0.8864037277758793
0.865949096464431
0.853205186130569
0.8490290142728615
0.8513163305289208
0.8593355488131791
0.8639911428480526
0.8647641671081495
0.8614592978645985
0.8549384418997009
0.8545055887170292
0.856886053150482
