0.6393462337406753
0.6348376657804811
0.6328429744068497
0.6332543456264622
0.6319221958699822
0.6298797175087466
0.6297515761390936
0.6270321795857456
0.6259829353312033
0.627802737273125
0.6324648441077793
0.635684594191372
0.6438840636300975
0.6458797594291078
0.6397029549312638
0.6338100998565865
0.6271018908693965
0.6191520636001584
0.6155389505653993
0.6158815611793585
0.6146523917181071
0.6138520913207803
0.6120600247833747
0.6092416916066907
0.6076977701384393
0.6061857677863269
0.604359436190673
0.6022481192380801
0.6000379158545794
0.5976955390789034
0.5959856888358146
0.595017945124025
0.5943411149967874
0.5941167308665141
0.5940734191804941
0.5939828615570646
0.5939837317963871
0.5939736931595015
0.5939653183389632
0.5939948364933072
0.5939856308153826
0.5940552125795178
0.5941002299481737
0.5940957299808299
0.5941344955147335
0.594119094060947
0.5942175713622143
0.594085314858666
0.5939943850802366
0.5940126155940934
0.593977925928674
0.5940853283976032
0.5939734660235049
0.5940044260789313
0.5940883582715684
0.5948437841196783
0.5963350183516549
0.5976318970856903
0.5996368103860268
0.6023861616198887
0.605805405574197
0.6081869252125225
0.6102713696452545
0.6132286771165811
0.6149822508222574
0.6150552662440387
0.6151435970376499
0.6160185834354056
0.6142141071096836
0.6141828670311028
0.6141182076796117
0.6157033835621817
0.6159282164078627
0.6184462185161002
0.6194560963005071
0.6231665674039764
0.6230006067365506
0.6244417591739078
0.6241999392129424
0.6249420513210556
0.6251527010785232
0.6299536829330775
0.6352181995763514
0.6417146479363159
0.6413956074736862
0.6432704900274313
0.639180975599206
0.6322753691360948
0.6260909933855503
0.6254951964228402
0.6248075477703745
0.6258738758456417
0.6289890730389992
0.632265442540446
0.6375154540992819
0.6401338259103805
0.6406785889600369
0.6436162188026755
0.6497231117018967
0.6533689168547839
0.6587961413448444
0.6694568429800678
0.6764058872136156
0.6805149424841109
0.6840659799208939
0.6887452035731672
0.6938597774425892
0.6984553699209279
0.705797643169383
0.7135524729211322
0.7191379004596219
0.7201666745483374
0.7221765926036412
0.7204933562818022
0.722927155608524
0.7201440981211084
0.7207124867534725
0.7148918534320741
0.7133105686960163
0.7059308360118856
0.6953326549259446
0.6868278374566564
0.6907646641791984
0.6903029945682925
0.6886495995483648
0.6896799507889169
0.6937481028848614
0.6884169733850825
0.6866808154758053
0.6925262703518158
0.6960721274337146
0.6836193906757722
0.6758771245219147
0.6617903352120834
0.6479332553594075
0.6432548316196098
0.6494565798279874
0.652117413974827
0.6600249336582956
0.6645168488367196
0.6666036284518003
0.6696094601475924
0.6783766807907553
0.6878165099744113
0.6986630528940395
0.713539923992937
0.72425209314755
0.7329062827798026
0.7380274659643781
0.7441336598633277
0.7471472858729933
0.7498914883514655
0.7520161279822005
0.7560502565854362
0.7585572391158838
0.7588047844080964
0.7593333796000596
0.7585075289897742
0.7568586253201217
0.7553682348968874
0.757897242698354
0.7613860125773656
0.7645581178177276
0.7644929218068984
0.7634760874036262
0.7589217543050172
0.750807958075277
0.7441703763291649
0.7418505789595188
0.7373211922805202
0.7243888697747274
0.7131719950349953
0.7002674836078069
0.6867305990400877
0.6741135733080896
0.670021679639239
0.6680961889694058
0.6663692593586992
0.66040871459844
0.6585350722470874
0.6554362146450351
0.6505236136954009
0.6478407252764726
0.6515454899795161
0.6543170016413826
0.6563521420405087
0.6628407712051783
0.6724519312185967
0.6836772780393091
0.6944716038356049
0.7085552781899348
0.7225123921434644
0.7337927212973252
0.7457243576483402
0.757376545456199
0.7600036119031481
0.7567346105583673
0.7499482569589911
0.736124864858971
0.7257977127109102
0.7194513597353734
0.7106746965101601
0.7061419119719331
0.7017556511477092
0.691613849593351
0.6860985927645399
0.6804810828961938
0.6688926205335999
0.6601616888482583
0.6635355610472684
0.667918113969931
0.6780217023095618
0.6894073890306305
0.7069341526188623
0.7147778796264459
0.7200603455135779
0.7230457320927914
0.7330243637752102
0.734355060769818
0.7390152274872993
0.7448488083975746
0.7509479909889458
0.7583573645778147
0.7655767929268339
0.7668667013978087
0.7684670252893165
0.7709529607786303
0.768752204490142
0.7732950362729357
0.7750096026942593
0.7802212632694221
0.7853695925126946
0.7901175907334551
0.7928012448274043
0.8029513726340494
0.8101474659402507
0.8170869668000877
0.8248539159745977
0.8276903511851422
0.8324716497287943
0.8361455085161132
0.8395766478275536
0.8433250671870269
0.8502525878114776
0.8529321884665415
0.8509694358881641
0.8454106019698674
0.838928624325948
0.8290960804633004
0.8267265819609726
0.827326667909068
0.8294200742148201
0.8277658704332452
0.8248259576815774
0.8153159362352189
0.8102446377607732
0.8067218971112673
0.8183933161454138
0.8341367106011703
0.8506244267398446
0.8648840934180188
0.8812367694936271
0.8915130503347619
0.9011152446663884
0.9099364140175066
0.9184443972851445
0.9209149174212395
0.9206247622055509
0.9190542134019336
0.9198407119587549
0.9164597504513278
0.9165616657477524
0.9155753674132212
0.9105090804015505
0.9056585456519424
0.9062559458006472
0.9053921184051095
0.9060619266840286
0.9108877304172059
0.9108718366510619
0.9020343320813835
0.8846404800504404
0.8636459838193766
0.8466916924609205
0.8241043121558601
0.8115736388413222
0.8050854887746833
0.7883670718053146
0.7711217444086613
0.7605873317834151
0.7529001965874618
0.7562174498509159
0.7713196362430251
0.7909426941376375
0.8097800019574029
0.8241215230333266
0.8369942144144202
0.8486236174862825
0.8502332714480726
0.8561574303179985
0.8587920871032728
0.8606219692376966
0.8623263218716911
0.8677571021391851
0.8725120978991133
0.8798746068837324
0.878564418778392
0.8857601317140755
0.8910636577902967
0.8958908930850535
0.9000735670954546
0.9079232732014412
0.9065408294209056
0.9059160153432819
0.8960171250684958
0.883373487672902
0.8776460138082524
0.8771395487221596
0.8731562103333176
0.8806343549249773
0.8884809963817714
0.8894458472478843
0.8904806955688531
0.892004449802614
0.8898279140056383
0.8904901524047151
0.8963445330573149
0.9015879140528638
0.911032868616525
0.9202774852477907
0.9231329805631172
0.9168993789005754
0.9085103609143906
0.9042911226877351
0.8914467003845892
0.8792707237057314
0.87683157625611
0.8770476825234369
0.8766325524816586
0.8845911703592765
0.8975174016712102
0.9082388868884176
0.9155174538657462
0.9178112676417378
0.9167196827918824
0.9167044530543766
0.9173307475023172
0.9196774396434387
0.9213580669583783
0.9253351991108639
0.9276704731919309
0.9238210636481646
0.9220113360330192
0.9217807544045403
0.9240150568213652
0.9287254582983187
0.9373863086094949
0.939928180468778
0.9371517113772819
0.9343876435211984
0.9292935435236052
0.9194573955623607
0.9170571719483891
0.9199102290332284
0.9234794769106638
0.9281661436362115
0.9353504793169239
0.939793655168441
0.9440254859730892
0.9475075710133772
0.9486739630416582
0.9512333111383567
0.9545186485597229
0.959187114155422
0.9635670144776547
0.9682146677963158
0.9703257540600784
0.9683039013972259
0.9648122549245932
0.9613216265119036
0.9582500109821966
0.9596648686930999
0.9637614235009829
0.9680910064808249
0.9711756098511871
0.9713612846530741
0.9706046336458329
0.9691222433869037
0.9670247891184444
0.9647230074385656
0.9675816114597967
0.9697587246403696
0.9739931446128614
0.977226898113799
0.9785932755429212
0.9790877683957506
0.9780578572191657
0.9758831394093371
0.9764352115938916
0.9790736144399087
0.98154274495031
0.9825004776238933
0.9846673702010001
0.9846142218261789
0.9853672554008849
0.9846328122156128
0.9861374660060449
0.9841265582986841
0.9830998645371357
0.9799370009335878
0.9764376749210277
0.966478405973159
0.9569614119656672
0.947009523319256
0.9343386867898681
0.9219789533099539
0.9162150960921347
0.9174790259481072
0.9174998604327961
0.9213680152788711
0.9273805330504353
0.9369399302769426
0.9398475854039455
0.9467817923231377
0.9554934851657035
0.9628517922952781
0.9695931483529815
0.9759426793067691
0.9799999912126512
0.9829418979531712
0.9850395282360564
0.9856045034933753
0.9869320117464161
0.9868075505703683
0.9864241373352884
0.9857030913832139
0.98632494486471
0.986501184821373
0.9857645626274384
0.9856313089682622
0.9853427533012795
0.9833497337426432
0.9821280893532884
0.9839111094263513
0.9851840055712128
0.9881042867516842
0.9915488283745824
0.9930120966401852
0.9922421449289215
0.9927846208623833
0.9892337626049517
0.98711758114886
0.9857401003197632
0.9855592156724223
0.9793672618398507
0.9769080605763616
0.9750722953726235
0.973621563082016
0.9673214839466927
0.9710858529093337
0.9682886005661535
0.9583086066244855
0.9419269637415413
0.9310203940858313
0.9058142376839824
0.8884790298208407
0.883077326818035
0.8856799265006776
0.895446625999509
0.9055682061766207
0.9224784571711075
0.9344786809789853
0.9455129979981338
0.9550653421854102
0.9663883664580901
0.9763083734311204
0.9855705437584961
0.9922536565164605
0.9956873986221508
0.9987528015990399
0.9998082092142402
0.9999918271724254
0.9998562387407437
0.999330992676072
0.99887544067925
0.9984444050330286
0.9981428970858016
0.9979626383482816
0.9975480443838672
0.9970911955716987
0.9966465355703624
0.9953170250573792
0.9938162594028912
0.9925603115762053
0.991021542910429
0.9897410293581206
0.990139799531643
0.9893944989522708
0.9881590542045323
0.987201006696017
0.9853802278517112
0.9842707563553539
0.9854186486459889
0.9903747865427489
0.9936123975392166
0.9984612295386653
0.9999987923320782
0.9979851402950648
0.9969334468160255
0.9980146069931111
0.9998243259487666
0.9988799086154957
0.9917567924871766
0.9828498720152848
0.9783041609832244
0.9740546423190634
0.9736043564011051
0.9773184831435705
0.9806986853433296
0.9887485438190546
0.9956234297932135
0.9982172130319383
0.9977610981400589
0.9982716800627309
0.9975065894166344
0.9958440259417252
0.9969732980110668
0.9996100858934344
0.9999616690310991
0.9999981947361678
0.999975941757858
0.9996647507131999
0.9984439311446909
0.9975510771205895
0.9982530492091125
0.9996001333630685
0.9999852938432809
0.9988296986780295
0.9971764550420474
0.9986673384766998
0.9999407240140349
0.9995845408252411
0.9964016988541885
0.9932644614793158
0.9911288134921853
0.9888714743719129
0.9877421940804464
0.9850329541108599
0.9800487003848422
0.9772648718333216
0.9750107760146913
0.9717847741321112
0.9698288862592245
0.966451674524608
0.9621622995516022
0.956824509786638
0.9570104323949254
0.9527989468423415
0.9529445177151382
0.9560868824070397
0.9579749697314915
0.9642938417786276
0.9704774766398889
0.9804178115954431
0.9873457978628548
0.9903709145405237
0.9915913147082985
0.9917909944099983
0.9896496687987101
0.9836124666380603
0.9826272912051931
0.9762187537668552
0.9736311365326613
0.9704460012811806
0.977245264255443
0.9819864522151145
0.9880072523361576
0.9897653487346836
0.9924125716594487
0.9926235117859326
0.991723281986368
0.989791693158802
0.9909743193985192
0.989481447430956
0.9860508929582835
0.981609152367395
0.9800296134472545
0.9772411637120628
0.973348533271917
0.9704516518833818
0.9749456727445995
0.9738540585167011
0.975488260851385
0.976843152184408
0.977682178474359
0.9729842793233744
0.9729254408698313
0.9697324251111392
0.9697883208804139
0.9740823430566018
0.9751357189628483
0.9745291019401767
0.9778421157947618
0.9811232554739182
0.979738040817741
0.9768271487834483
0.9761978102719463
0.9735821572145396
0.9692438428769526
0.9621525639639408
0.9602878100248582
0.955689193207475
0.9495712614147221
0.9436272206265762
0.9427171352623089
0.943817667719569
0.9505841654177738
0.9543348821771233
0.9581863547026347
0.9644710738786233
0.9685692568344795
0.9691813036775998
0.9709419042215136
0.9751985434080344
0.9781069875736162
0.9826465448094294
0.9863149405420334
0.9873527746914905
0.9854957726241558
0.9847790741222242
0.9844154601965829
0.9822617267111318
0.9832701112496811
0.9820744640953172
0.9801662086538124
0.9743191218210095
0.969606380702216
0.9689832126576138
0.973473330726905
0.9747860268753401
0.9836685845242484
0.9906861074599645
0.9929359147137156
0.9944582719736232
0.9965596129637049
0.9951708858497657
0.9960000160011621
0.9974316564340717
0.9972438954341464
0.9950785625559848
0.9924765990326282
0.9859139163725991
0.9767129946314528
0.9704847377998032
0.9679608078089064
0.970717457963253
0.9745894561951958
0.9813839711063823
0.9888473954043794
0.9956317629378235
0.9976244711673019
0.9981721377581333
0.9980992037089843
0.9974106112351332
0.9963578471915125
0.996911738121785
0.9981592735977856
0.9994568092610951
0.9999814480444489
0.9999716404962855
0.9999874521267157
0.9998605327891564
0.9998437897748209
0.9999607353590646
0.9998905876633399
0.9999843361436406
0.9999484287063776
0.9989654668379515
0.9914403479907028
0.964305625456594
0.9166641349401013
0.8830138845252883
0.871718944905919
0.8779138273937658
0.8994085887788499
0.9116159730207015
0.9136158536531132
0.9050093463114691
0.8876770535982749
0.8865142178821025
0.8928929568894417
