0.8694557996043983
0.870440775775712
0.8749123621923769
0.8766918323069401
0.8846370348327769
0.8901677261908115
0.8894075639287167
0.8916315468116103
0.8873507066692988
0.8799106102599566
0.8721106287993796
0.870956716980786
0.8624212763360419
0.8576481915058747
0.8577400961232166
0.8589549726608049
0.8616455874931118
0.8746462420645077
0.8867571640354563
0.8967117881351029
0.9086085983485703
0.9175651266784811
0.9225955404149596
0.926624180009353
0.9268074957912984
0.9280532142223299
0.9298302265368502
0.9311543488119909
0.932945052758314
0.9361077684513018
0.9404808574845221
0.9456851401486362
0.9502145694417315
0.9542303108012833
0.9605283779539926
0.963114104360806
0.9632889952009949
0.9652092310783715
0.968201880727094
0.9689676521590249
0.9698834561365356
0.971892790939798
0.9711274210792836
0.969838247176711
0.9684619702297405
0.9647914355059509
0.9583565458534657
0.9558045740286847
0.9529322267114607
0.9533283101112906
0.9563851849488285
0.9622203936534329
0.9651457654424599
0.9680374331096833
0.9687090420925845
0.969283136690838
0.9684134727817483
0.9692452572646723
0.96855793092857
0.965603178484453
0.966064237082745
0.9661751433463298
0.9632229381109034
0.9609385724730842
0.9619040365273843
0.9560066300045574
0.9520989300157435
0.9516338119386608
0.9544650462575257
0.9536232806065804
0.9521341600672334
0.9508416784836262
0.9496355549507752
0.9479635558754766
0.9486287909313575
0.9531422045041811
0.9581529692920655
0.9600652108464216
