0.5618289339491175
0.5418547561880145
0.5434360998548508
0.5898328925666037
0.6138135223961021
0.6343828619153078
0.6500838438652217
0.6594956998963092
0.6651043097918198
0.6661113027576251
0.6615622551158837
0.6517558299134082
0.5793634573769335
0.6032746842076682
0.565068246220102
0.5595433155452691
0.5564210728775636
0.5544148542273794
0.5569815781823197
0.560077625668403
0.5613781185738117
0.5648095879344512
0.5712965972779966
0.5798145954071334
0.5870718526181703
0.5960474194201627
0.6025801517251502
0.6098893968262167
0.6152951211764797
0.6224826473351683
0.633404062215662
0.6457309299095664
0.6367915087248499
0.636390512604397
0.6393534359288536
0.6666278242810416
0.6661480908894224
0.6655082232730453
0.6647746979980995
0.6640883932852589
0.6614332767134947
0.6589827317311968
0.6562442476440403
0.6529058222042894
0.6493076365252274
0.6453596076926202
0.6412611096891251
0.638184515000089
0.634547617456008
0.6302130307240338
0.6277203191934364
0.6224191195294528
0.6183398535023783
0.6141495980800458
0.61019291176485
0.606336260343703
0.6021385514652219
0.5841277812092434
0.5828347599537534
0.5783879525001129
0.5750939932795791
0.5722596359001954
0.588978762195197
0.5958837624748785
0.6028416400084707
0.6093144848451645
0.6165583179139913
0.6230571101373781
0.631029317137916
0.6535252247796162
0.6447421385705996
0.6514450537363049
0.6578534194917489
0.6636967230932131
0.6694049498186205
0.6761595063336296
0.6806345433282468
0.6858826289439462
0.6936873332051451
0.695877178244346
0.7008244075580653
0.7065183362198229
0.7097239649258663
0.7148954593339795
0.7174765460697912
0.7220006609029804
0.7248787743398124
0.7291425065698514
0.7306844339735962
0.7355408166727772
0.7360420912507888
0.7405213798035684
0.741949348216679
0.7468087429452839
0.7447081563786601
0.7455900828183398
0.746868109142655
0.7474647362557578
0.7483220789308317
0.7473731885507232
0.750746369297289
0.7491660123323536
0.7483341419183343
0.749972080808985
0.7497670008862216
0.7496948705295834
0.7492332643837718
0.7480198690602321
0.747580922692233
0.7467268126743334
0.7476460772708082
0.7468721086239793
0.7470970338957902
0.7479979075172258
0.7433049477137947
0.7424604464273078
0.7028206862152341
0.7002973642418548
0.697966888189345
0.695535468948436
0.6931496761598956
0.6907905084204714
0.6904014389913415
0.6864485105645779
0.6839432409657688
0.6817963071752168
0.6795386103848139
0.6772571193204806
0.6744156396743552
0.672239327098319
0.6700875235882777
0.6678901980198587
0.665792380441629
0.6645034947763633
0.6614045424402399
0.6595966075784002
0.6662991975470416
0.6628454361743035
0.6710164409904242
0.6739474613195978
0.6759804811184758
0.6786146786419103
0.6741322728055574
0.6819870885711607
0.6838425704227413
0.6872850959315951
0.6879591684747614
0.6877521547878671
0.6905085362729997
0.6921632366039817
0.6927393441779301
0.6878570276780227
0.6966768705367642
0.6977614561320973
0.691351982863055
0.6922237182274495
0.6910045398220429
0.6944972314634594
0.7045121967640832
0.7057145202784862
0.698292247048043
0.6995216643501715
0.7007176575176435
0.7009616476124723
0.7012749470706001
0.7031064259726518
0.7137281112627234
0.7160030267839197
0.7167118581710852
0.7178199266383406
0.7188796782523601
0.7204063146300596
0.7216502247901613
0.7224745103362179
0.723159504223771
0.7228634388312424
0.7228925154010444
0.7258332715305355
0.7075513801760193
0.7093170590416502
0.7091928237344132
0.7115527193341254
0.7140530455688244
0.7152064638383213
0.7172217721425926
0.7191266965442452
0.719478476266374
0.7208653666910531
0.7231043616212014
0.7252547724545324
0.726577782961207
0.7285726630503823
0.7297810732037768
0.7313574265404228
0.7329172899131705
0.7231473962561338
0.7243410068169536
0.7373111492535431
0.7376568704949138
0.7399272919337152
0.7272937996238611
0.7433819325775233
0.7450397872743313
0.7465543434757373
0.7480447866939773
0.7490984862972436
0.7498823901172567
0.7522258485414555
0.7535387871051127
0.7548338793592748
0.7565708414224306
0.7578924029528699
0.7587272865258374
0.7600159965102765
0.7612852635224341
0.7630592371707673
0.7644703544004664
0.7655751783170308
0.7668653088391822
0.7678480780622283
0.7545979044739695
0.7707481130344652
0.7573861496452239
0.7586881806902027
0.7598582181452301
0.760855617719836
0.7621467031361872
0.7633398759116524
0.7645455460006605
0.7654022647056392
0.7666249547290089
0.7679820246193358
0.7689280657118055
0.7699085458592188
0.7710348241504188
0.7721461707452005
0.773547220750045
0.774461049716507
0.775428587930482
0.7762811733264265
0.7773253742045755
0.7785815407593265
0.7796903703149662
0.7807159313849407
0.7817747062852127
0.7827811739501839
0.7837183756597194
0.7846479899765401
0.7859083992947762
0.7868687549178592
0.7877097621932312
0.7886215185241603
0.7895551514005295
0.7904394565902089
0.7915619507470089
0.7925359242389365
0.7935408208291238
0.7943682814728208
0.7953165222146702
0.7963495821025668
0.7971628603814191
0.7980404094650749
0.7988195708178679
0.7998849013258321
0.8000260235535565
0.8017282258959266
0.8028396050673664
0.8036169939101595
0.8044955876208205
0.8053146106273786
0.8060371317231793
0.8068704380301522
0.8077472194258626
0.8085142051147487
0.8093705896815718
0.810093459934171
0.8109903097574883
0.8117920159598108
0.8124707855033624
0.8133195300257703
0.8141107965355213
0.8150163958537997
0.8154665938232619
0.8164642847100466
0.8172861418041103
0.8179544506922182
0.8185641768203624
0.8194146102405707
0.8202900184628132
0.8209477323389379
0.8408908664264991
0.8222885649007304
0.8229652421304117
0.8237802519804495
0.8245190408107903
0.8251984529052722
0.8259019063858265
0.8266520788620678
0.8272917101646093
0.8280247830726226
0.8286220566777657
0.8293413562344597
0.8299780823409905
0.8306649409079693
0.8313255211610717
0.8318174477005738
0.8321927474013371
0.8331768380472651
0.8338206773245324
0.8344349118669161
0.8349859059010192
0.8356673802737584
0.8362654483709724
0.8369342434869019
0.8375443158889556
0.8381297834196625
0.8387431677961256
0.8392930541695035
0.8398644195438466
0.8404122355469418
0.8409682670895475
0.8415205439921065
0.8421051313524643
0.8426255430183439
0.8431691992227306
0.8433489089003834
0.8442076724864901
0.8448033012564554
0.8453261840319276
0.8458399849088645
0.8463698780573985
0.8468575342685701
0.84741393143776
0.847935477842074
0.8484325926421876
0.8488720076390653
0.8493388858032073
0.8498656972667201
0.8503631028791184
0.8508033147240754
0.8512530155575274
0.8517788667365267
0.8522201894856849
0.8526899266057746
0.8530699418052365
0.85363510551248
0.8540733474890002
0.8545379269724355
0.8549716397962059
0.8553830464603569
0.8557856063216011
0.8562873031649525
0.8566667710365243
0.8571221477103165
0.8575338066584157
0.857970504206101
0.8583678362985686
0.8587333610624446
0.8591754939614932
0.8595774498209579
0.8599753573951205
0.8603620289973289
0.8607399327961985
0.861066753480451
0.8614295141571673
0.8618702225788603
0.8622468480846085
0.8626124573983063
0.863007534192118
0.863364426944733
0.8636875759862602
0.8640728060209133
0.8644380103420167
0.8647071109130449
0.865130877639916
0.8654515927174379
0.8657883826426916
0.8661180934445349
0.8664349420833443
0.8667810509403014
0.8671046076716937
0.8674317359700888
0.8677324070106834
0.8680142460680372
0.8683481033821764
0.8686774390825622
0.8689669687094913
0.8692596283384092
0.8694402539253531
0.8698756626575226
0.8701486919973087
0.8704460006937873
0.8931680418956427
0.8709484613767883
0.8949954133845415
0.8953930047779599
0.8957582876324353
0.8960745127561258
0.8964125371079347
0.8967085383044663
0.897054116312275
0.8973717599524729
0.8976992547480995
0.898014011248083
0.8981722309018924
0.8984201936895259
0.8988047534958942
0.8990243113615274
0.899537277130495
0.8998082447514344
0.9001188608788508
0.8768775615421881
0.8771447942657298
0.8773911488363262
0.8776457945339653
0.8778810755349121
0.8781455469480244
0.8783776524984458
0.8786118668326353
0.8788510590907557
0.8790903692221643
0.8793224015479342
0.879555004013549
0.8797738603342378
0.880000069674104
0.8802303580823524
0.8804504200747179
0.8806952672722025
0.9050298622584557
0.9053036159554597
0.9055625820352488
0.9058035048683503
0.9060489639094059
0.906301997075977
0.9065472027808134
0.9067745162340246
0.9070212280713226
0.9071883031266154
0.9074711298812808
0.9077047835305558
0.9079209156725854
0.908120783719217
0.9083751799790203
0.9085890597443725
0.9087851440454323
0.9090416217830429
0.9091954322351654
0.9094470765641831
0.9096551360717358
0.9098042912655392
0.910026722800819
0.885163189787721
0.9104770104667052
0.9106684802851858
0.9108561499112446
0.9109909905241755
0.9112728256232301
0.9114801200027889
0.886458766119144
0.8866141634168987
0.8867600852920404
0.886920122925753
0.8870652194103829
0.8872247948019255
0.8873667839667128
0.8875036111624628
0.8876439298224031
0.8877850104118639
0.8879305683141556
0.8880565786120047
0.888194177053958
0.8883284424168438
0.888459085807389
0.888595145671959
0.8887161022836672
0.9145147068830369
0.9147381221610076
0.9149803416744703
0.9150858191820195
0.9152715650302922
0.9154075321102655
0.9152544895229693
0.915711147353909
0.9158523317631032
0.9160242237382608
0.9161916405005058
0.916281300915418
0.9164758622801559
0.9166670152633465
0.9167378492111466
0.9168541427468471
0.9170263457552156
0.9171714710207105
0.9172206738317261
0.9174226664535027
0.91753467464135
0.9171010525763952
0.9177492431758973
0.9178587391556321
0.9180859721689477
0.9181507923013001
0.9182378645444121
0.9183839183811253
0.918387485124177
0.9186524598428513
0.9187555645712224
0.9188136562865498
0.9188387943727906
0.9188148063111689
0.9191379088743571
0.9189643563873131
0.9191545677831628
0.9192276971011747
0.9193107927679238
0.9193488020580121
0.9138658052041492
0.9197983014633571
0.9200090790318174
0.9202495342250322
0.92033276341509
0.9204262673517845
0.920532875734241
0.9204858590334661
0.9206150094410799
0.9203807913291586
0.9206080698776289
0.9207843989002018
0.920652190440122
0.9209360332014498
0.9210259822374406
0.9210509336685633
0.9210383496989216
0.9212514529999987
0.9208111950327402
0.9211570864407134
0.9214718104204318
0.9213894977709288
0.9216058248717709
0.9217556104130019
0.921306151365389
0.9216261977433106
0.9217399473220408
0.9209757824360841
0.921913122047564
0.9219259812806088
0.92209623463956
0.922344108630029
0.9223003719603889
0.9224544472069746
0.922450416973337
0.9225058908006472
0.9222906868104336
0.922657251047451
0.9225955185387271
0.9228350291136121
0.9228617315610529
0.9226187492591824
0.9229299075988598
0.9230102282083946
0.92304961155432
0.9230887533283655
0.9229600522104665
0.9231106143546862
0.923199987598466
0.923263078473992
0.9233428039598496
0.9230310585519471
0.923347098129392
0.923017030265695
0.9232687420287441
0.9231976445941905
0.9232065924631673
0.9233739050941986
0.9235851902068006
0.9230633321105839
0.9233924833418358
0.9172920048852176
0.9235580896547054
0.92368973428294
0.9235172722539032
0.9234051648131145
0.9236012121455974
0.9236174769340402
0.923447124195836
0.9236664605647003
0.9238477743826814
0.9237314974672239
0.9240058038441595
0.9239888461223056
0.923921788669222
0.9236007990038942
0.9235633596916571
0.9239908600253319
0.9236717234997679
0.9239553352507031
0.9233153970580887
0.9238290938568415
0.9239244160051499
0.9239703228732049
0.9238737233299207
0.9236406124321557
0.9235773784987832
0.9235604298945097
0.9238644749510534
0.9234938213857373
0.9239764467072669
0.9240314088271608
0.9239336105132121
0.9238750175435125
0.9240717329154767
0.923925833110244
0.924010235959315
0.9239719099895461
0.9240023449023854
0.9239326697531521
0.9237248918912419
0.924029178234257
0.9239410225660568
0.9239955495233256
0.9239432831274658
0.9239797222590534
0.9236216662853939
0.9237679010561844
0.9240227674565158
0.9230835490831095
0.9238231183377626
0.9238789459318433
0.923897974301556
0.9236736054359346
0.9236975935813394
0.9237038672361513
0.9236350011963602
0.9235353087430282
0.9235914298671708
0.9236223471156769
0.923508295914981
0.9236268626868367
0.9234429525383304
0.9233852684096873
0.919427235548622
0.9234844485952343
0.9234693222408171
0.923109243753175
0.9233746107471076
0.9221099823938824
0.9228401340824729
0.9226343631590233
0.9231410426526049
0.9231411800727225
0.9230139071045038
0.9227622392942688
0.9231248082170446
0.9227606386887576
0.9228996924461773
0.9228482101484734
0.9228982747132399
0.9227955395661077
0.9227080190670236
0.9223822938416536
0.9227038441492976
0.9223351150903426
0.922150266194045
0.9223968389933079
0.9221710688823611
0.9219051671443409
0.9220635974698775
0.9221419600313764
0.9222667544292346
0.9218508402328017
0.9220276306581343
0.9218279500702173
0.9217207453147831
0.9217427662993946
0.9218514449403225
0.9216664570520876
0.9214607121487582
0.9211200866038802
0.9214938405185102
0.9214223619406805
0.8898651526494219
0.8897292111788077
0.889711032263254
0.8896064876416965
0.8891118269748819
0.8886897847822691
0.8890689797218294
0.8890041985115779
0.8890770615637417
0.889143838869085
0.88902190515506
0.8888247044795613
