0.8888763380416036
0.8888637598770466
0.8887215369560478
0.8886347042572587
0.888550561107899
0.888445579424047
0.8884082120281961
0.8883557909087801
0.8882505148293962
0.888137122692144
0.8879456650773536
0.8867939832218734
0.8878745529018038
0.887681793730666
0.8876882603726397
0.8874675347269169
0.8873251292557598
0.8871643709359661
0.887135514418255
0.8869376769046893
0.8869735594310915
0.8867949413823881
0.8867238096968717
0.9179930741584831
0.917969866938916
0.9181070852607652
0.9179597902244062
0.9182514716725028
0.9178151114545654
0.9173912540769524
0.9172266408922667
0.9166420769225325
0.9170771113865879
0.9171751379706317
0.9170790409469082
0.9160715611207992
0.9158464749412097
0.9165964040117065
0.9164868904358486
0.9163944774121545
0.9166693048032337
0.9154997231478614
0.9162998223882013
0.9163072929438372
0.9160842073812131
0.9159705688801724
0.9157084958166588
0.8965507545062327
0.8964573507782654
0.8963333499960487
0.8961045248360221
0.8958480337788438
0.8956732888610102
0.8952838455804566
0.8955124892616435
0.8953203194749996
0.8949191111108725
0.8948852492499996
0.8947626346100221
0.894720486919394
0.894514579894125
0.894052346525417
0.8941790292048695
0.8940101176536087
0.8937468334922299
0.8935084593490719
0.8935153069233287
0.8933014017948507
0.8930786491303236
0.8929667562772088
0.8926535909451914
0.8924227078261227
0.8923633547102398
0.8922042693741048
0.8920617944685857
0.8684407845313317
0.8917368362955058
0.8916285843098218
