0.7407287674150111
0.7412821641792391
0.7415341072124632
0.741481761566872
0.7416520315137203
0.7419175393873756
0.7419343856467457
0.7422975540993171
0.7424407509718528
0.7421935147412628
0.7415824061868305
0.7411765738174019
0.7401913481112748
0.7399604354524095
0.7406858519884454
0.741411367241355
0.7422881033683352
0.7434232415656952
0.7439868648879738
0.7439318195205057
0.7441310291002174
0.7442634144579218
0.7445683225881703
0.745075448754295
0.7453705544016199
0.7456740769001049
0.746063971796231
0.7465555801368309
0.74713666745053
0.7478748294696486
0.7485709630864585
0.7491041054442645
0.7496548412954306
0.7499506748401774
0.750029958189473
0.7502851708552959
0.7502810316672895
0.7503366726184534
0.7505065162926899
0.7506922140838197
0.7506548441144596
0.7508570787661127
0.7509442581907613
0.7509362761242699
0.7510011163477492
0.7509763516834915
0.7511185368296966
0.7509172561132715
0.750690526103884
0.7507508622026446
0.7503107376050417
0.750006803332393
0.7503382149282388
0.7507254970901898
0.7509228964791613
0.7516777957323899
0.7524439629369691
0.752917082532379
0.7535004430776293
0.7541451718205812
0.7548070735188325
0.7552097195137485
0.7555337271200979
0.7559578251618105
0.7561931052569808
0.756202671833665
0.7562142216141362
0.7563272789201646
0.7560913750991332
0.7560871948538409
0.7560785318758295
0.7562868306183259
0.7563157140070228
0.7566290418852667
0.7567498798868484
0.7571733549220839
0.7571550453424697
0.757312238146734
0.7572861411535019
0.7573658832355723
0.7573883333300044
0.7578797654519805
0.7583802854998083
0.7589535637199509
0.7589264039276067
0.7590846700424002
0.7587351726016341
0.7581049582139366
0.7574873699302055
0.7574246641701285
0.7573515061372565
0.7574645908746418
0.757783949660805
0.7581040109572265
0.7585880936970596
0.7588180392461805
0.7588650128650005
0.7591135083281342
0.7596066001840692
0.7598876488637272
0.7602899923743784
0.7610329093806173
0.7614888395922713
0.7617494404677811
0.7619697671801052
0.7622536995411958
0.7625563841441264
0.7628220844121761
0.7632354079061614
0.7636585461678117
0.7639556673445135
0.7640097461588193
0.764114843895035
0.7640268779321726
0.7641539054231223
0.7640085614902233
0.7640383586286972
0.7637303516436079
0.7636455389097304
0.7632427870915456
0.762642162325244
0.7621382000090461
0.7623741311305121
0.7623467071161888
0.7622479675072209
0.7623095963604398
0.7625498558087096
0.762234008442333
0.7621292959470338
0.7624781992195185
0.7626850039078815
0.7619422957979768
0.7614548404368562
0.7605045681363094
0.7594651299984468
0.7590833614272233
0.759585684703027
0.7597922072050991
0.7603786541086879
0.7606957865598086
0.7608396101190292
0.7610431439481878
0.7616146144364143
0.7621978994773259
0.7628339595406692
0.7636578717004453
0.7642226184750137
0.7646642707204473
0.7649201894335027
0.7652205474760534
0.7653669972490753
0.7654993850750675
0.7656012733908529
0.7657933305376816
0.7659117973384765
0.7659234594405072
0.7659483410241817
0.7659094546840177
0.7658316021606882
0.7657609862774262
0.7658806732923429
0.766044692799281
0.7661927792528802
0.7661897453298784
0.7661423744896126
0.7659289678145147
0.7655433990284324
0.7652223386398348
0.7651088274714442
0.7648851200423141
0.7642296945946615
0.7636380824053126
0.7629253275396258
0.762132311748293
0.7613406460024077
0.7610707356102178
0.76094119759915
0.7608235626050973
0.7604061717144118
0.7602710445473074
0.7600430551254526
0.7596691074516215
0.7594577505460192
0.7597482373447937
0.759959260931126
0.7601110457803167
0.7605786944948596
0.7612318946092014
0.7619458604461562
0.7625920888585023
0.7633873704599364
0.7641323321950819
0.7647088438656121
0.7652979905117939
0.7658560862875907
0.7659798486964944
0.7658257352875703
0.7655021142735232
0.7648255558854512
0.7643023951447132
0.7639721654301607
0.7635030260526091
0.763254472871654
0.7630094966431079
0.7624244101188099
0.7620939671603093
0.7617473184047354
0.7609949814363448
0.7603884690068808
0.7606274073044327
0.7609291321055945
0.7615920685219513
0.7622933248767252
0.7632982433144313
0.763724255363308
0.7640041658658326
0.7641600674224669
0.7646702150596427
0.7647370593238146
0.7649691187434589
0.7652554040878684
0.7655501155716987
0.7659023764400643
0.7662401320678024
0.7662999555155148
0.7663739661174439
0.7664884871349541
0.766387130950773
0.7665959006034111
0.7666742499385958
0.7669109991805061
0.7671429360612004
0.7673552817602933
0.7674746941080969
0.7679228085416733
0.7682376059742149
0.7685393466395068
0.7688753959366615
0.7689977765154432
0.7692037596635835
0.7693618344277462
0.7695093648382606
0.769670482584178
0.7699683027014856
0.7700835902340007
0.7699991373757615
0.7697601221323325
0.7694815066724889
0.7690583734123662
0.7689562111282897
0.7689820935958002
0.7690723351887387
0.7690010327951563
0.7688741888541404
0.7684624893397144
0.7682418426775661
0.7680880185364803
0.7685959784593168
0.7692754193984752
0.769984296484481
0.7705992208618796
0.7713118053561564
0.7717666183609202
0.7721987086670521
0.7726035515147067
0.7730031121560595
0.7731211197438697
0.7731072093455167
0.7730321510264091
0.7730696894197727
0.7729089968917779
0.7729138156034978
0.7728672452092642
0.7726301423173385
0.7724061532357545
0.7724335934142623
0.7723939282216056
0.7724246772562428
0.7726477467739257
0.7726470074672949
0.7722405031757882
0.7714617111190922
0.7705456595600381
0.7698151905762471
0.7688430265010968
0.7682997525242952
0.7680163926341922
0.7672771579191557
0.7664962433311524
0.766007252463033
0.8550917713628746
0.8532260311110751
0.8527393567502969
0.8539257194140499
0.8547474809702437
0.8547240917204495
0.8548117703755593
0.8556598159839947
0.855222356124279
0.8558848620225173
0.8551154891108196
0.855687645169644
0.8554277956966406
0.8558324643178467
0.8559459334887628
0.8542028516802191
0.8499850580141404
0.8551931470287131
0.8554043125355613
0.8552881581636367
0.8544429435079962
0.85549108808842
0.8553718843718697
0.8561422918389894
0.8560561889016353
0.8558604146715665
0.8562995105412743
0.8559392792505407
0.8559405682193879
0.8556576934566044
0.8556918033264828
0.8555799524989103
0.8559300314901506
0.8555441811686901
0.8554875780784622
0.84630319063285
0.8548322418173031
0.8556022864235702
0.8555008142700622
0.8554943227332926
0.8557514242174542
0.8551132637165197
0.855658034136574
0.8559945970787466
0.8560007818377534
0.8549990512790534
0.854552204543388
0.855203040064689
0.8554535428174668
0.8547231640076146
0.8545225831909583
0.8555887292102541
0.8553189887063225
0.8554545703163281
0.8540278052821262
0.8559720820081499
0.8557906836906768
0.8560683276064762
0.8559410157543947
0.8556119380852449
0.8551156755236858
0.8562693141955369
0.8555240501752124
0.8561156333676225
0.8560081388425644
0.8563088127977501
0.8561903226036952
0.8555457119444247
0.8561470935358284
0.8561614644420312
0.856267971249516
0.8562581697599208
0.8561639587499114
0.8550518616275791
0.8546324513221344
0.8559063497067357
0.856158968051443
0.8561154343416504
0.8567036667909189
0.856639117559479
0.8559989964781852
0.8566072821681386
0.8568398646808341
0.8552418271921965
0.8567848134645869
0.8564649501762631
0.8565408470141647
0.8563815050541931
0.8560519046961349
0.8564736621618355
0.8565510691540142
0.8566404284434415
0.8562879052757716
0.8555945537226736
0.8561530374060872
0.8566073376425641
0.8562835425777737
0.8560738063576826
0.8507911035055411
0.8565919451410807
0.8561281564813318
0.8562750471538112
0.8566085677780978
0.8543118136626614
0.8557872711132148
0.856296024110988
0.8567981917144507
0.8565140493643913
0.856681591453103
0.8562589570003668
0.8565173686002575
0.8565075091585961
0.8567254090294697
0.8567262089364376
0.8554496597649606
0.8551660856979664
0.8555503361200348
0.8551327630373047
0.8565068989774516
0.8561719851347575
0.8563070645761798
0.856507338044922
0.8564601686870651
0.856478674182343
0.8561288317507295
0.8560436343860806
0.8552087530623554
0.8557901304726926
0.8560853210410486
0.8560806042472213
0.8560259382580289
0.8559850473638007
0.8559260877403391
0.8564989811175282
0.8566042755844292
0.8564805172237164
0.8566407775247941
0.8551900220572022
0.8562483890398158
0.8565178859015052
0.8566844006613206
0.8565878361459889
0.8566166880421427
0.8568278112623298
0.8570314007618511
0.856694391902791
0.8569960818721082
0.8560918443224219
0.8565988699525329
0.8566614037803931
0.8564967136231958
0.8562278806227903
0.8565644833719757
0.8564648075466285
0.8562315286365624
0.8566406726751697
0.856075263738131
0.8564138659927858
0.8563670032892107
0.8559331566207099
0.8559891129141708
0.8480394738209914
0.8563091733456208
0.8562232534116851
0.8560960370864932
0.8556829907765908
0.8562656458882801
0.8564014371563063
0.8553676240893986
0.8553222565400502
0.8562216450826984
0.8557950928117739
0.856491573943378
0.8560062615006396
0.8549938131679449
0.8554248894979735
0.853864539112952
0.8548952734655305
0.8548370043513598
0.853137566547927
0.8542091692645729
0.8540569317298651
0.8555476152598248
0.8552281078599996
0.8556893938267095
0.855496340869991
0.8558165775123092
0.856385511261236
0.8560689291150777
0.856311500619483
0.8562210991997317
0.8550563767846487
0.8562462147403139
0.856219210717452
0.8563739886995843
0.8565266677842316
0.8561923646209486
0.8565091576297568
0.8570228379422626
0.8563899694220216
0.8562677312372424
0.8564850477777364
0.856559572727303
0.8561044118661434
0.8564766874022118
0.8563751373534965
0.8546904145969826
0.856169593511749
0.8561030497595848
0.8566560445745062
0.8563168058281951
0.8561644144859255
0.8562772631184754
0.8557946785103413
0.8563999490223809
0.8562926741535851
0.8559905107719948
0.8556068449653783
0.8551644409296089
0.855906816347569
0.855030586075201
0.85531978423793
0.855325363373438
0.8553365407444093
0.8552086752630271
0.849637803306972
0.8558843266490503
0.8562758231737018
0.8573118745404412
0.857048605985473
0.8570009363188593
0.8571697572266999
0.8561963680004621
0.8563711443380935
0.8552838520807113
0.8556907023199839
0.8559778875230238
0.8552774913431197
0.8558645745896968
0.8558817958214178
0.8556837801257754
0.8554351892486984
0.8558671493935903
0.8546165280784337
0.8551779311331454
0.8558180139527878
0.8553273913002627
0.8557145689524508
0.8559718049283669
0.8545899076291902
0.8552069011345982
0.8553674095945366
0.8538726671909049
0.8555440301411755
0.8554309455965857
0.8557186230430138
0.8563244249145037
0.8559717399874839
0.8563025812954189
0.8560935101869255
0.8560917357826563
0.8554113887647051
0.8562327134323411
0.8558970512034935
0.8565039599026356
0.8564122958156588
0.8556047856749057
0.856305646298093
0.8564131514944863
0.8563796903479721
0.856350999636228
0.8558430005208381
0.8561151176472664
0.8562430242049006
0.8562990599989448
0.8564237616307445
0.8554145975520098
0.856150831255097
0.8552385814375668
0.8557541224069383
0.8555116672850086
0.8554849831758581
0.8557996111094267
0.8563000397038228
0.8550339101144283
0.8556119555172499
0.8496378164275031
0.8558339214010348
0.856110773976549
0.8555862384819607
0.8552962899230643
0.8556892751908269
0.8556663084804573
0.8552653840787231
0.8557103743992208
0.8561469261708806
0.855801337477346
0.8565529468756216
0.8564410172934499
0.8561931584096074
0.8554178371361356
0.8553283853116385
0.8562720783426366
0.855481667187389
0.8561016963857606
0.8548507696690307
0.8557658373685068
0.8559780563494298
0.8560766354858199
0.8558276731807192
0.8553461448818535
0.8552327909903278
0.8551860969370366
0.8557618173962812
0.8550661510411783
0.8560468129165982
0.8561971696361618
0.8559642136694814
0.8558464053375585
0.8563575741813317
0.8560078070547847
0.8562401610707009
0.8561720973261604
0.8562714289845736
0.856126842544715
0.8557161287302583
0.8564226176946336
0.85621474132021
0.8563835813201139
0.8562683280026236
0.8563970242816653
0.8556175748175783
0.8559445231993238
0.8566773414979224
0.8547985490802423
0.8561887697158915
0.8563905095348974
0.8565049818003756
0.8559734133502949
0.8560895545711005
0.8561664160281153
0.8560618848008357
0.8558902221605071
0.8560905074126053
0.8562441033695464
0.8560502260807442
0.8564305172066426
0.8560516435890233
0.8559873814658765
0.8517908986062209
0.8563925272644811
0.8564191724859649
0.8556295953926062
0.8563215808178879
0.8541522282812439
0.8553053194656488
0.8550213861603259
0.8560843758561038
0.85619300371057
0.8560160250701649
0.8556093438069838
0.8565962779575284
0.8558191437894246
0.8562162695133717
0.8562077294712728
0.856448306960294
0.8563081075746187
0.8562065649374453
0.8556126283371173
0.8564232968213293
0.8556427820866008
0.8553776199961769
0.8559922377173075
0.8556323488671385
0.8552515107407452
0.8556387850682756
0.8559080485998662
0.8563485461561785
0.8555032183888207
0.8560167677055398
0.8556935723948554
0.8555877538573589
0.8557654805950626
0.8561807092939485
0.855874593602069
0.8555805965063173
0.8550765409484367
0.8559643435369849
0.8560949942744991
0.8562792615834713
0.855958541638561
0.8549971918463665
0.854097726858079
0.8506645138409005
0.8484735296471757
0.851361101321148
0.8515421757092779
0.8527316613645546
0.8540490970263797
0.8537015322700506
0.8526783673629456
