0.1734530088886044
0.18638865271890767
0.20977582781942045
0.2228313148004002
0.21836085824260434
0.23880503357393498
0.2473022310734146
0.2596201102359627
0.27245421475694565
0.28370061547099323
0.3009111066425005
0.31062167217181075
0.3133644901036353
0.3230106737488763
0.3296217934278527
0.33995120732489514
0.34125533156704213
0.3431040082975042
0.3536507462100609
0.35439353685102704
0.35707605490226424
0.35656355873706963
0.36259998947162675
0.36475471789588615
0.36921884476977124
0.3757503790859936
0.3827370353248902
0.38428312235214895
0.38568910203791756
0.38556021605311563
0.3891411171184094
0.39749964659933246
0.40297878639142004
0.4020591714062919
0.40977446400567086
0.4116513634282562
0.412906038744086
0.41526004339355077
0.4160466142646653
0.419597845514287
0.41978994275269843
0.41894201201768044
0.4199282149479922
0.41811430562919316
0.42077301469909123
0.42318804208305566
0.4230895206099382
0.42283296918915714
0.42302295363805414
0.42262660343924585
0.42468659757897703
0.42699310527076567
0.42524564772184076
0.40287355439388595
0.40081793742833816
0.41229199535439953
0.4077589574313338
0.4125639480426228
0.41629401138653516
0.4125621930561036
0.4155119553963965
0.4166249076466281
0.4169027534868913
0.41919903264180763
0.42451441492073283
0.4244842829812322
0.4271091279442927
0.43021842035681457
0.4302757017945873
0.43059145989421177
0.42505479002219115
0.4252687886664388
0.432298461621848
0.43216465594154174
0.436188106094081
0.4357999103201019
0.43842836633948734
0.4402897175889063
0.4429775018019303
0.4500532504659932
0.4411483900465229
0.4475344983264602
0.44838581800262334
0.4491426593702858
0.4486204735067793
0.4490605423701994
0.44890055777326615
0.4474667266510086
0.44727959541980133
0.4504243185628489
0.4502287322266266
0.4507051588877592
0.4526073493434734
0.45300489949254497
0.45288223408317424
0.4531374598589049
0.4530629646070352
0.45332630022396786
0.4543443594464399
0.45383995628356527
0.4828051560735448
