7.089203699940215	0.123621562405134	523
2.945363700362169	0.2534620572263601	606
1.3233294686524597	0.43041678483078166	669
0.6803669834095046	0.5951080983339581	688
0.6803669834095046	0.5951080983339581	688
0.6803669834095046	0.5951080983339581	688
0.6803669834095046	0.5951080983339581	688
0.6733184124165396	0.5976148906147755	688
0.6803669834095046	0.5951080983339581	688
0.6803669834095046	0.5951080983339581	688
0.6803669834095046	0.5951080983339581	688
0.6803669834095046	0.5951080983339581	688
0.6803669834095046	0.5951080983339581	688
0.6737322942795715	0.5974671119257051	688
0.6797848491647152	0.5953143347478441	688
0.6803669834095046	0.5951080983339581	688
0.6803669834095046	0.5951080983339581	688
0.677785617607974	0.5960237049985588	688
0.6803669834095046	0.5951080983339581	688
0.6803669834095046	0.5951080983339581	688
0.6803669834095046	0.5951080983339581	688
0.6803669834095046	0.5951080983339581	688
0.6803669834095046	0.5951080983339581	688
0.6803669834095046	0.5951080983339581	688
0.6803669834095046	0.5951080983339581	688
0.6803669834095046	0.5951080983339581	688
0.6803669834095046	0.5951080983339581	688
0.6803669834095046	0.5951080983339581	688
0.6803669834095046	0.5951080983339581	688
0.6803669834095046	0.5951080983339581	688
0.6803669834095046	0.5951080983339581	688
0.6803669834095046	0.5951080983339581	688
0.6803669834095046	0.5951080983339581	688
0.6803669834095046	0.5951080983339581	688
0.6803669834095046	0.5951080983339581	688
0.6803669834095046	0.5951080983339581	688
0.6803669834095046	0.5951080983339581	688
0.6803669834095046	0.5951080983339581	688
0.6803669834095046	0.5951080983339581	688
0.6803669834095046	0.5951080983339581	688
0.6743814572970469	0.597235472025771	688
0.6605253941430578	0.6022190347266968	689
0.6803669834095046	0.5951080983339581	688
0.6803669834095046	0.5951080983339581	688
0.6803669834095046	0.5951080983339581	688
0.6803669834095046	0.5951080983339581	688
0.6803669834095046	0.5951080983339581	688
0.6974497510011952	0.5891190589943395	687
0.6803669834095046	0.5951080983339581	688
0.6803669834095046	0.5951080983339581	688
0.6803669834095046	0.5951080983339581	688
0.6803669834095046	0.5951080983339581	688
0.6787001167065575	0.5956990114243278	688
7.563724418745833	0.11677162308154367	605
8.7187131498638  	0.10289428081474081	370
2.9453456991709306	0.25346321368242547	606
8.7187131498638  	0.10289428081474081	370
8.7187131498638  	0.10289428081474081	370
7.8153334349472425	0.11343870397864138	425
7.8153334349472425	0.11343870397864138	425
7.8153334349472425	0.11343870397864138	425
7.8153334349472425	0.11343870397864138	425
7.8153334349472425	0.11343870397864138	425
7.8153334349472425	0.11343870397864138	425
7.8153334349472425	0.11343870397864138	425
7.8153334349472425	0.11343870397864138	425
6.562766737322244	0.13222674118256236	425
7.8153334349472425	0.11343870397864138	425
7.8153334349472425	0.11343870397864138	425
7.8153334349472425	0.11343870397864138	425
7.8153334349472425	0.11343870397864138	425
7.811546109514519	0.1134874615160013	425
5.3306460345892495	0.1579617616490041	543
5.157894727715912	0.16239316263383416	542
3.644144173753042	0.2153249258822808	571
3.644144173753042	0.2153249258822808	571
3.0166088304691363	0.24896624047983304	602
3.2544217668377295	0.23504956837960383	563
2.580355650894271	0.27930186202318436	613
2.580355650894271	0.27930186202318436	613
3.1931067865198286	0.23848665223953772	560
3.137107613017714	0.2417147663390303	556
3.0825163967420393	0.244946964768599	560
3.157742801133334	0.24051511789700314	563
3.1377629878006803	0.24167648145828763	558
3.079168127400689	0.245148022530078	564
3.1047348511521022	0.2436210952138172	567
2.91632328396003	0.25534153528531994	576
2.9084805260176347	0.25585390367005456	576
2.8954082879219776	0.2567124999709477	576
2.8903302982995465	0.2570475829358493	577
2.8827885381425085	0.2575468610192177	574
2.8540383901926836	0.2594680952179111	576
2.747907264145852	0.2668155665340081	573
2.747907264145852	0.2668155665340081	573
2.724239347831852	0.26851120634396713	573
2.708928475614075	0.26961965068211063	574
2.7059104058049814	0.2698392272067852	574
2.6904518550673435	0.27096952873857555	575
2.6904518550673435	0.27096952873857555	575
0.6605253941430578	0.6022190347266968	689
