8.65277422491419	0.1035971604327967	375
3.504604253451336	0.22199508408176377	594
3.2492159531769  	0.23533753309298297	600
3.364391154699874	0.22912703388721972	588
6.762671186687945	0.12882163574245947	542
6.928378667508314	0.12612919260505936	437
6.684194634123684	0.1301372554462946	412
6.487779779247692	0.13355093625636402	414
6.1300099648354  	0.14025225840243064	422
6.499391514497558	0.13334415173108852	417
6.398831694222076	0.13515647352553295	489
4.910965032848499	0.16917711311821096	505
4.861784833844568	0.17059650402488932	503
4.174486754682926	0.19325588167657343	511
3.8078441260022817	0.20799343194004485	526
2.6835168328147794	0.2714796878601053	608
3.451960183566402	0.2246201580354014	536
3.537494218825472	0.2203859557222421	622
2.541511346504161	0.28236532433733513	643
2.488464455195057	0.28665907674959673	650
2.709227107936336	0.2695979434261062	636
2.709227107936336	0.2695979434261062	636
3.290522788701396	0.2330718304616366	536
2.2915616078691277	0.3038071648451916	605
1.8104429701718765	0.3558157950946942	671
1.8104429701718765	0.3558157950946942	671
1.079934726050591	0.4807843186015813	687
0.9961643057163273	0.5009607661735782	687
1.02161781614487	0.49465333754673424	688
0.9681277872099838	0.5080970892736589	687
0.9681277872099838	0.5080970892736589	687
0.8988201067859212	0.5266428327919234	687
0.8990862387448229	0.5265690307255017	687
0.8990862387448229	0.5265690307255017	687
0.8990862387448229	0.5265690307255017	687
0.8990862387448229	0.5265690307255017	687
0.8989995785240734	0.5265930605299095	687
0.8989995785240734	0.5265930605299095	687
0.8989685858368253	0.5266016549501404	687
0.8989685858368253	0.5266016549501404	687
0.8989685858368253	0.5266016549501404	687
0.8822866765917208	0.5312687022843471	687
0.8822866765917208	0.5312687022843471	687
0.8513669464536502	0.5401414354488344	687
0.8513669464536502	0.5401414354488344	687
0.8513669464536502	0.5401414354488344	687
0.8513669464536502	0.5401414354488344	687
0.8513669464536502	0.5401414354488344	687
0.8513669464536502	0.5401414354488344	687
0.8513669464536502	0.5401414354488344	687
0.8511389523881382	0.5402079615416815	687
0.7548186593535022	0.5698594522401608	690
0.8323103934736792	0.5457590611076588	686
0.8155098422396222	0.5508094622975962	687
0.8154702110335272	0.5508214863138465	687
0.7127284227846843	0.5838637268447521	690
0.7457475772691974	0.5728204999512356	684
0.7457475772691974	0.5728204999512356	684
0.8035062611339159	0.5544754800969038	687
0.7808514651108388	0.5615291446767351	687
0.7808514651108388	0.5615291446767351	687
0.7808514651108388	0.5615291446767351	687
0.7808514651108388	0.5615291446767351	687
0.7808514651108388	0.5615291446767351	687
0.7808514651108388	0.5615291446767351	687
0.7808514651108388	0.5615291446767351	687
0.7808514651108388	0.5615291446767351	687
0.7808514651108388	0.5615291446767351	687
0.7808514651108388	0.5615291446767351	687
0.7808514651108388	0.5615291446767351	687
0.7808514651108388	0.5615291446767351	687
0.7808514651108388	0.5615291446767351	687
0.7808514651108388	0.5615291446767351	687
0.7808514651108388	0.5615291446767351	687
0.7808514651108388	0.5615291446767351	687
0.7808514651108388	0.5615291446767351	687
0.7808514651108388	0.5615291446767351	687
0.7808514651108388	0.5615291446767351	687
0.7808514651108388	0.5615291446767351	687
0.7394195688714988	0.5749044209320816	687
0.7760185515952565	0.563057181526499	689
0.7692120932875341	0.5652233577839777	687
0.7692120932875341	0.5652233577839777	687
0.7342074493626715	0.5766322825838998	687
0.7342074493626715	0.5766322825838998	687
0.7342074493626715	0.5766322825838998	687
0.7342074493626715	0.5766322825838998	687
0.7342074493626715	0.5766322825838998	687
0.7342074493626715	0.5766322825838998	687
0.7342074493626715	0.5766322825838998	687
0.7342074493626715	0.5766322825838998	687
0.7342074493626715	0.5766322825838998	687
0.7342074493626715	0.5766322825838998	687
0.7342074493626715	0.5766322825838998	687
0.7342074493626715	0.5766322825838998	687
0.7342074493626715	0.5766322825838998	687
0.7342074493626715	0.5766322825838998	687
0.7342074493626715	0.5766322825838998	687
0.7342074493626715	0.5766322825838998	687
0.7342074493626715	0.5766322825838998	687
0.7127284227846843	0.5838637268447521	690
