1.0184306542224397	0.49543440985106824	687
7.221047252222733	0.12163900404898283	422
8.45945080472992	0.10571438243539248	394
6.121196241055249	0.14042584506164596	548
7.189537477579961	0.12210701797722327	554
8.442642751133738	0.10590255570983391	536
8.507260768559366	0.10518276760715482	369
8.490525048427124	0.10536824832106957	369
7.49504245729334	0.11771571537484891	381
3.104609863628425	0.24362851360397308	592
2.60524120609378	0.27737395165398204	631
2.5335936290115475	0.2829980198599492	634
2.3701717760346237	0.29672078055813805	637
2.361299935044255	0.2975039476763724	636
2.3746323124731767	0.2963285796511345	639
2.0755917439614  	0.32514068291521286	649
2.192482919165646	0.3132358184272916	645
2.192482919165646	0.3132358184272916	645
2.094370024363845	0.3231675566032491	675
2.1858677726070646	0.31388622233423025	645
2.2292653903071216	0.30966795203688546	643
1.7858232183455751	0.35896032218220686	691
1.7858232183455751	0.35896032218220686	691
2.0519917609780367	0.32765488189900666	673
1.669645454601264	0.37458157534606373	678
1.669645454601264	0.37458157534606373	678
1.5567494330942375	0.3911216277419007	680
1.4678209456438664	0.4052157842995757	674
1.366231318520739	0.42261295088645634	676
1.2909336662836701	0.4365032539864806	678
1.2909336662836701	0.4365032539864806	678
1.2645325575095  	0.4415922379582767	681
1.2761156616759788	0.43934498445639936	680
1.2560382034221318	0.443254905206447	683
1.255504219033414	0.4433598445799164	682
1.255504219033414	0.4433598445799164	682
1.1680381087710578	0.46124650482589774	686
1.1680381087710578	0.46124650482589774	686
1.1454754234456601	0.46609715919932915	686
1.1437727721805004	0.466467348114916	686
1.1454754234456601	0.46609715919932915	686
1.1270320010039054	0.47013867188082986	686
1.1270320010039054	0.47013867188082986	686
1.1178569401090095	0.4721754246292615	687
1.1098487376127442	0.47396762723923136	686
1.1098487376127442	0.47396762723923136	686
1.1098487376127442	0.47396762723923136	686
1.1098487376127442	0.47396762723923136	686
1.0549501733422877	0.48662980395945227	682
1.0549501733422877	0.48662980395945227	682
1.0549501733422877	0.48662980395945227	682
1.0549501733422877	0.48662980395945227	682
1.0549501733422877	0.48662980395945227	682
1.0549501733422877	0.48662980395945227	682
1.0549501733422877	0.48662980395945227	682
1.0549501733422877	0.48662980395945227	682
1.0549501733422877	0.48662980395945227	682
1.0549501733422877	0.48662980395945227	682
1.0549501733422877	0.48662980395945227	682
1.048865146971081	0.4880750699861042	684
1.0548588601555433	0.4866514286651807	684
1.0494617591065691	0.4879329880426432	683
1.024522251994965	0.4939436941306027	685
1.024522251994965	0.4939436941306027	685
1.024522251994965	0.4939436941306027	685
1.024522251994965	0.4939436941306027	685
1.006834200653057	0.498297268241982	684
1.006834200653057	0.498297268241982	684
1.006834200653057	0.498297268241982	684
1.006834200653057	0.498297268241982	684
1.006834200653057	0.498297268241982	684
1.006834200653057	0.498297268241982	684
1.006834200653057	0.498297268241982	684
1.006834200653057	0.498297268241982	684
0.9756963877580253	0.5061506444999765	684
0.9756963877580253	0.5061506444999765	684
0.9756963877580253	0.5061506444999765	684
0.9756963877580253	0.5061506444999765	684
0.9756963877580253	0.5061506444999765	684
0.9756963877580253	0.5061506444999765	684
0.9756963877580253	0.5061506444999765	684
0.9756963877580253	0.5061506444999765	684
0.9756963877580253	0.5061506444999765	684
0.9756963877580253	0.5061506444999765	684
0.9756963877580253	0.5061506444999765	684
0.9756963877580253	0.5061506444999765	684
0.9756963877580253	0.5061506444999765	684
0.9756963877580253	0.5061506444999765	684
0.9453820883570502	0.5140378365694415	685
0.9453820883570502	0.5140378365694415	685
0.9671401696685816	0.5083521832450187	686
0.9671401696685816	0.5083521832450187	686
0.9671401696685816	0.5083521832450187	686
0.9742272574162367	0.5065272988423565	685
0.9756963877580253	0.5061506444999765	684
0.9756963877580253	0.5061506444999765	684
0.9756963877580253	0.5061506444999765	684
0.9696666683140849	0.5077001180387234	685
0.9696666683140849	0.5077001180387234	685
0.9696666683140849	0.5077001180387234	685
0.9453820883570502	0.5140378365694415	685
