4.9355996735274115	0.16847497388679508	595
3.502666617984937	0.22209061537128114	597
5.251932054760325	0.15995055468310526	578
1.7099558341499168	0.3690097039214991	663
1.7099558341499168	0.3690097039214991	663
2.056719373571733	0.32714812116740516	663
1.7011759066680232	0.37020913652140786	663
1.7099558341499168	0.3690097039214991	663
2.6990350951577176	0.2703407711132739	644
1.7695467993159872	0.3610699051003494	661
2.5552878869633444	0.28127117459793777	644
1.701502874525907	0.37016432942922267	663
1.68243347529509	0.3727958248396045	664
1.7099558341499168	0.3690097039214991	663
1.8241677613823717	0.3540866140014716	655
1.972802489286347	0.3363829260786379	652
1.7099558341499168	0.3690097039214991	663
1.6991174297474623	0.37049147583533004	663
1.7099558341499168	0.3690097039214991	663
1.7099558341499168	0.3690097039214991	663
1.7099558341499168	0.3690097039214991	663
2.217953816553586	0.3107564797405935	650
1.7099558341499168	0.3690097039214991	663
1.7099558341499168	0.3690097039214991	663
2.137137894247744	0.31876188860986954	658
1.7462017230672773	0.36413930979661746	658
1.7099558341499168	0.3690097039214991	663
1.6755702078630705	0.3737521060225446	664
2.0398287590332433	0.3289658988284689	651
1.9075462420448848	0.34393262110139217	654
1.801867334311441	0.3569048354838506	658
1.7099558341499168	0.3690097039214991	663
1.8533883453939806	0.3504605328658568	660
2.0544543588190374	0.32739071615613735	646
1.7099558341499168	0.3690097039214991	663
1.7064726245590116	0.3694846165912868	662
1.885192462129199	0.34659732864476755	661
1.7099558341499168	0.3690097039214991	663
1.7099558341499168	0.3690097039214991	663
1.7099558341499168	0.3690097039214991	663
1.6953180696092864	0.37101372608872096	662
1.9895591279243192	0.33449748180572364	649
1.7787228563999649	0.35987755946829897	661
2.006497256756849	0.33261297603135487	656
1.7099558341499168	0.3690097039214991	663
1.7099558341499168	0.3690097039214991	663
1.7099558341499168	0.3690097039214991	663
1.7099558341499168	0.3690097039214991	663
1.8844529510151227	0.346686188675073	654
2.103113982683866	0.3222569346727978	653
1.7027775344265985	0.36998975582063687	663
1.7099558341499168	0.3690097039214991	663
1.950725552481414	0.33889969846875445	660
1.8259644591385087	0.3538614920531763	658
1.7099558341499168	0.3690097039214991	663
1.7099558341499168	0.3690097039214991	663
1.3154406759372654	0.4318832308649889	676
0.9943421701918009	0.5014184701834928	676
0.7231897758962971	0.5803191348903296	685
0.9943421701918009	0.5014184701834928	676
0.8190875815016216	0.549726143023042	683
0.7991797941458165	0.5558088209159567	681
0.789751880595999	0.5587366667087917	679
0.663081418208695	0.6012934718957416	683
0.7231529221906389	0.5803315463892219	685
0.7051299382840946	0.5864655693080607	688
0.7051299382840946	0.5864655693080607	688
0.7051299382840946	0.5864655693080607	688
0.7051299382840946	0.5864655693080607	688
0.7051299382840946	0.5864655693080607	688
0.7051299382840946	0.5864655693080607	688
0.7051299382840946	0.5864655693080607	688
0.7051299382840946	0.5864655693080607	688
0.7051299382840946	0.5864655693080607	688
0.7051299382840946	0.5864655693080607	688
0.7051299382840946	0.5864655693080607	688
0.7028323137212887	0.587256884862989	683
0.7028323137212887	0.587256884862989	683
0.7028323137212887	0.587256884862989	683
0.7028323137212887	0.587256884862989	683
0.7028323137212887	0.587256884862989	683
0.7028323137212887	0.587256884862989	683
0.7028323137212887	0.587256884862989	683
0.7028323137212887	0.587256884862989	683
0.7028323137212887	0.587256884862989	683
0.7028323137212887	0.587256884862989	683
0.7028323137212887	0.587256884862989	683
0.7028323137212887	0.587256884862989	683
0.7028323137212887	0.587256884862989	683
0.7028323137212887	0.587256884862989	683
0.7028323137212887	0.587256884862989	683
0.7028323137212887	0.587256884862989	683
0.7028323137212887	0.587256884862989	683
0.7028323137212887	0.587256884862989	683
0.7028323137212887	0.587256884862989	683
0.7028323137212887	0.587256884862989	683
0.7028323137212887	0.587256884862989	683
0.7028323137212887	0.587256884862989	683
0.7028323137212887	0.587256884862989	683
0.7028323137212887	0.587256884862989	683
0.663081418208695	0.6012934718957416	683
