0.4533548069256171	0.6880632280808083	687
0.46004561403418937	0.6849101085526657	687
0.48528889307355505	0.6732696949821448	686
0.48134691716290734	0.6750613164370785	687
0.48941004063738297	0.6714067803464362	687
0.4614199849374495	0.6842659949273933	687
0.4359340206719211	0.6964108277983879	688
0.47907187979058924	0.6760996633521168	687
0.46997397382522943	0.6802841531933773	688
0.5115135122441129	0.6615885282529302	688
0.5839665644464334	0.6313264575439326	684
0.5710513358103185	0.6365164378821644	682
0.6844622932840586	0.5936612555751436	684
0.438413086532083	0.6952105826643531	688
0.4907149109008576	0.6708190765970722	686
0.5380844329770157	0.6501593661308082	687
0.48820466084134834	0.6719505900718356	686
0.6406300873803837	0.6095219194698017	688
0.5622229496312084	0.640113499955988	687
0.4844634242043279	0.6736440815549226	686
0.4626556570493893	0.6836879173716778	688
0.5107426445821507	0.6619261087162767	685
0.5519149144656704	0.6443652230407899	683
0.44532080711673244	0.6918879151784287	687
0.45935791419557737	0.685232861844736	687
0.5958448647518302	0.6266273258055757	684
0.4639679911296812	0.6830750440303978	688
0.4943372882328265	0.6691929645833706	686
0.45090148247632716	0.6892266718848817	687
0.4391145657556638	0.6948717105610772	688
0.5426386373507036	0.6482399544441463	686
0.488810263141255	0.6716772612045879	687
0.5186458476183943	0.6584813711295776	684
0.5269749730451794	0.6548895808067788	684
0.6068330031105329	0.6223422085955318	685
0.4615577565298293	0.6842014935997439	687
0.43841676108859984	0.6952088066904865	688
0.44283228361154753	0.6930812481523523	688
0.46012458657932337	0.6848730643887926	687
0.4867491856048581	0.6726084060998947	687
0.45510450796183816	0.6872358614301167	687
0.4833818056202406	0.6741352740145508	687
0.44864146524904674	0.6903019304559825	687
0.4501249216975789	0.6895957617426206	688
0.44255109406224075	0.6932163471478769	688
0.5490282043486859	0.6455660375922376	684
0.5569519507467187	0.6422805787425856	683
0.5562381472688529	0.6425751751137622	683
0.5593220805244655	0.6413043286500875	683
0.4831429721976001	0.6742438313403337	685
0.4782349816688875	0.6764824350666001	687
0.50075341831094	0.6663319821889692	686
0.5114822983051621	0.6616021908568221	686
0.5835912075575257	0.6314761001624682	681
0.4579502371520195	0.685894466434886	688
0.5117626500630187	0.6614794987548571	686
0.5460205888551884	0.646821916350085	684
0.428055545604173	0.7002528739713175	688
0.5378399787577285	0.6502627151153937	685
0.5112367798288816	0.6617096760398001	685
0.5007646391105233	0.6663270002101611	687
0.4807732503826628	0.6753228421310145	687
0.4399643155021885	0.6944616538301154	687
0.48856132494689675	0.6717895885382312	687
0.5022249352997482	0.6656792711275716	685
0.6393835032979656	0.6099853987723368	686
0.5388984667625466	0.6498154502055924	686
0.5490162837086815	0.6455710056228607	683
0.5763343513019978	0.6343831809374924	685
0.5329729099893032	0.6523272482401387	684
0.5575878077239209	0.6420183793434314	682
0.5764912746987435	0.6343200346548654	683
0.4934371633904068	0.6695963007441145	686
0.4414405520377694	0.6937504280605237	688
0.4826102279730972	0.6744861064172731	687
0.48599670569114733	0.6729490019527957	687
0.5229080750293748	0.656638451392223	684
0.6423730345081891	0.6088750722210021	679
0.5231725599774538	0.6565244321462842	685
0.48336829169645823	0.6741414155862449	686
0.528432314818997	0.6542651514917911	684
0.47301738629281664	0.6788786129108275	686
0.5111992744031328	0.6617260985616623	686
0.5901606705057002	0.6288672701746432	684
0.5989658714492315	0.6254042177233241	683
0.44075199638006135	0.6940819811546569	688
0.43911409396796075	0.6948719383622847	688
0.43573241511667804	0.6965086178114414	688
0.5876405902976841	0.6298654784408725	686
0.5112174357710005	0.6617181461315096	685
0.5917180656093868	0.6282519634638636	684
0.5215462473083191	0.6572261617213694	684
0.5139571694055002	0.6605206674325399	684
0.44089164491939425	0.6940147120194743	688
0.4526783554383305	0.6883836303172979	688
0.43964745979567954	0.6946144996789171	688
0.4501008769516058	0.6896071962263719	688
0.45197070476008755	0.6887191296089078	688
0.5262316258372267	0.6552085431013408	685
0.5590000118748887	0.641436813587562	685
0.428055545604173	0.7002528739713175	688
