0.5706812123691848	0.6366664299063076	687
0.4358149525160117	0.696468579218845	688
0.4359131551514973	0.6964209474733131	688
0.43418689510814373	0.69725919502604	688
0.43394465429016743	0.6973769852331022	688
0.4357270385739741	0.696511226112481	688
0.4329020189271362	0.6978844239110884	688
0.43477625305992923	0.6969727843399364	688
0.4345824736772269	0.69706692947163	688
0.4343433712008598	0.6971831292829003	688
0.4326867796289765	0.6979892703825819	688
0.4333322333300043	0.6976749540312364	688
0.434354493930682	0.6971777229627636	688
0.4341724445039372	0.6972662205526392	688
0.43397803675918395	0.6973607505593447	688
0.4336932590875415	0.6974992688718081	688
0.4338228101910124	0.697436247277152	688
0.43528117920357945	0.6967275921188406	688
0.42837232688006477	0.7000975734276924	689
0.43263796161893486	0.6980130547915695	688
0.43472628065793867	0.6969970603322458	688
0.4334162152878306	0.6976340781795883	688
0.43386181079288516	0.6974172772249427	688
0.4317930037808202	0.6984249799792154	688
0.43328514509916954	0.6976978749966809	688
0.4347703811762127	0.6969756367427995	688
0.42918320829806533	0.6997003562551258	688
0.4344727749692761	0.6971202364028263	688
0.42999033664855785	0.6993054249189415	688
0.43540970466580914	0.6966652076751976	688
0.43495520929379355	0.6968858634215804	688
0.4343769756107249	0.6971667957610814	688
0.43248817562226566	0.6980860414890371	689
0.4343977313757079	0.6971567077430582	688
0.4349517384759869	0.6968875490280013	688
0.4323461326439591	0.6981552693231391	688
0.4349357031536277	0.6968953367055065	688
0.43355522425251813	0.6975664300072	688
0.4336501743964675	0.6975202304292789	689
0.4312429883880031	0.698693379190833	689
0.43193364583600113	0.6983563818812103	689
0.431055299562841	0.6987850157191551	688
0.43557493501948674	0.696585023606884	688
0.4322888468808042	0.6981831927112817	688
0.4311590809596137	0.6987343428862464	689
0.4365042417636228	0.6961343871649704	688
0.43074704031841504	0.6989355712924965	688
0.43620875508187085	0.6962776103833144	688
0.4775741664778534	0.6767849781671101	687
0.45073605078795537	0.6893052664244872	687
0.443650548386276	0.6926884079515003	687
0.44533770664185174	0.6918798253201565	687
0.4390967423703074	0.6948803166303609	688
0.44836651156879553	0.6904329753639856	688
0.434609411927535	0.6970538403595194	688
0.4377666776074957	0.6955231440361673	688
0.4576820189621944	0.6860206732274547	687
0.4386760462353093	0.6950835128010745	688
0.4346705431600096	0.6970241389339444	688
0.4399144156665344	0.6944857202065731	688
0.44110222496962276	0.6939132996072358	688
0.44095624677927553	0.6939835975138939	688
0.4433339733360165	0.692840339432095	688
0.4447645311376352	0.6921543119643039	687
0.44201599416934545	0.6934735842344363	688
0.4467885706241571	0.6911859965610534	688
0.44446693209281973	0.6922969143718282	688
0.4383153883453372	0.6952578051399542	688
0.45557852739909627	0.6870120582136179	687
0.43931929191714636	0.6947728732712384	688
0.43600189508480014	0.6963779110757699	688
0.4437290423744046	0.6926507472311888	688
0.4359220167830485	0.6964166495896056	688
0.43804252687918005	0.6953897268742018	688
0.452289191598298	0.6885680935898607	687
0.4384813427663243	0.6951775947798623	688
0.4418427337992163	0.6935569161312255	688
0.4463741126928454	0.6913840556356541	687
0.45959641060252987	0.6851208955681072	687
0.46274927299900287	0.6836441613467694	686
0.43837214993182727	0.6952303686131547	688
0.44408689697689635	0.692479103642195	688
0.4360479875607568	0.6963555596067375	688
0.44358984984708016	0.6927175333810571	688
0.4358711318497511	0.6964413294609223	688
0.4423592666578739	0.6933085418566517	688
0.43995865048093147	0.6944643859502565	688
0.44654737862574434	0.6913012423761914	688
0.4377635725754209	0.6955246461062657	688
0.43162839692258803	0.6985052840175485	688
0.4357322015043679	0.6965087214399696	688
0.4379599931623699	0.6954296397362171	688
0.45180911132486995	0.6887957874072268	687
0.43215039654577125	0.698250688204198	688
0.45284970994342955	0.688302439788447	687
0.4364140411253753	0.6961781014174286	688
0.4401643756869449	0.6943651828097813	688
0.44199432656189985	0.6934840044650296	688
0.44133551977241053	0.6938009826871552	688
0.4457562747026256	0.6916795157646387	688
0.42837232688006477	0.7000975734276924	689
