163.70214422909922	0.006071566370192539	4
163.70214422909922	0.006071566370192539	4
123.84917441042332	0.00800966449896294	3
114.00299200415688	0.008695425941299458	4
110.48632587481953	0.00896970989180173	8
101.9151300215199	0.009716744270651912	2
105.74709009034083	0.00936793686042114	3
95.44022832381823	0.010369116885977197	6
83.96162954755016	0.011770019070083087	7
93.97467687318277	0.010529122424236032	4
85.8721748191222	0.011511165710794215	8
77.15835968331189	0.01279453668234438	7
74.59519133052927	0.01322835464001462	7
67.80364341522215	0.014534114043425198	8
62.31177016789766	0.015794851373576845	10
67.44884364539787	0.014609450601978644	10
64.18902695990674	0.015340005007515005	11
50.9329219827536	0.019255608231173473	11
46.53963603359958	0.02103507900845581	10
46.53963603359958	0.02103507900845581	10
46.53963603359958	0.02103507900845581	10
46.53963603359958	0.02103507900845581	10
46.53963603359958	0.02103507900845581	10
46.53963603359958	0.02103507900845581	10
46.53963603359958	0.02103507900845581	10
46.53963603359958	0.02103507900845581	10
46.53963603359958	0.02103507900845581	10
46.53963603359958	0.02103507900845581	10
42.97937948011117	0.022737928816213306	12
42.97937948011117	0.022737928816213306	12
42.97937948011117	0.022737928816213306	12
42.97937948011117	0.022737928816213306	12
42.97937948011117	0.022737928816213306	12
42.97937948011117	0.022737928816213306	12
42.97937948011117	0.022737928816213306	12
42.97937948011117	0.022737928816213306	12
42.97937948011117	0.022737928816213306	12
42.97937948011117	0.022737928816213306	12
42.97937948011117	0.022737928816213306	12
42.97937948011117	0.022737928816213306	12
42.97937948011117	0.022737928816213306	12
42.97937948011117	0.022737928816213306	12
42.97937948011117	0.022737928816213306	12
42.97937948011117	0.022737928816213306	12
42.97937948011117	0.022737928816213306	12
42.97937948011117	0.022737928816213306	12
42.97937948011117	0.022737928816213306	12
42.97937948011117	0.022737928816213306	12
42.97937948011117	0.022737928816213306	12
42.97937948011117	0.022737928816213306	12
42.97937948011117	0.022737928816213306	12
42.97937948011117	0.022737928816213306	12
