246.3384091291472	0.004043043712947358	0
164.17036192943172	0.00605435496004571	3
139.01168542590503	0.007142260997416574	2
127.18602587421762	0.007801162359001977	2
110.12857305055533	0.00899858580515628	3
110.12857305055533	0.00899858580515628	3
104.35375771701342	0.009491830397602529	4
94.2804662183564	0.010495330676786126	6
95.12168206185291	0.010403480032283606	5
94.57984984121293	0.010462456277775103	5
91.14423763342305	0.010852550584642037	6
80.9861556641851	0.012197181242355052	7
75.75539544351406	0.013028400078218885	8
65.27190764838005	0.015089349854024369	7
61.251414302529255	0.016063892060993228	9
61.251414302529255	0.016063892060993228	9
55.06702729472613	0.01783579490924898	11
55.06702729472613	0.01783579490924898	11
55.06702729472613	0.01783579490924898	11
54.17367309178939	0.01812458631014751	10
55.73492390655339	0.017625827817220198	12
45.60353755684762	0.02145759855204525	14
45.595276777666385	0.02146140272482104	14
45.595276777666385	0.02146140272482104	14
40.30663667524798	0.024209184782144857	16
40.30663667524798	0.024209184782144857	16
40.93851065086329	0.02384443282511787	15
38.93044808928508	0.025043545661295488	15
40.93851065086329	0.02384443282511787	15
40.93851065086329	0.02384443282511787	15
40.93851065086329	0.02384443282511787	15
40.93851065086329	0.02384443282511787	15
40.93851065086329	0.02384443282511787	15
40.93851065086329	0.02384443282511787	15
40.93851065086329	0.02384443282511787	15
40.93851065086329	0.02384443282511787	15
40.93851065086329	0.02384443282511787	15
40.93851065086329	0.02384443282511787	15
40.93851065086329	0.02384443282511787	15
40.93851065086329	0.02384443282511787	15
40.93851065086329	0.02384443282511787	15
40.93851065086329	0.02384443282511787	15
40.93851065086329	0.02384443282511787	15
40.93851065086329	0.02384443282511787	15
40.93851065086329	0.02384443282511787	15
40.93851065086329	0.02384443282511787	15
40.93851065086329	0.02384443282511787	15
40.93851065086329	0.02384443282511787	15
40.93851065086329	0.02384443282511787	15
40.93851065086329	0.02384443282511787	15
40.93851065086329	0.02384443282511787	15
38.93044808928508	0.025043545661295488	15
