124.16649181984161	0.007989358697049287	5
122.96868805439681	0.008066553060246997	4
118.27114670045654	0.008384257447540514	3
117.23062283008045	0.00845804560665461	6
118.63580692420715	0.008358701510104996	5
111.33802617604891	0.008901705273269306	6
108.08672945817042	0.009167017885373972	6
110.41263460089144	0.008975642696021469	5
103.62134570430746	0.009558278889150515	8
98.72273770737792	0.010027803317377394	8
98.72273770737792	0.010027803317377394	8
98.59504592795204	0.010040660061780674	5
90.52002477005155	0.010926570469277603	8
97.4372587987817	0.010158755050708262	9
84.73102817541101	0.011664388276715145	8
84.73102817541101	0.011664388276715145	8
81.63366599367461	0.012101605174778853	9
79.89765091289287	0.01236129836547117	8
79.89765091289287	0.01236129836547117	8
79.02945878231648	0.01249539875959979	4
73.2080235634844	0.013475631771064587	7
73.2080235634844	0.013475631771064587	7
67.97385535478611	0.014498247123583614	10
60.735359535627786	0.016198172449662256	10
60.91681102974202	0.016150702585758906	6
60.91681102974202	0.016150702585758906	6
58.53820506672104	0.01679593798434732	11
53.64557694112659	0.01829974274180266	10
53.64557694112659	0.01829974274180266	10
50.320576754398836	0.019485361686124993	14
55.44440602235106	0.017716547492837756	14
51.67018529360196	0.018986073324512753	11
51.67018529360196	0.018986073324512753	11
51.67018529360196	0.018986073324512753	11
51.67018529360196	0.018986073324512753	11
54.917318262834826	0.017883547191937584	12
51.67994405431773	0.018982556226121095	11
51.67994405431773	0.018982556226121095	11
51.67994405431773	0.018982556226121095	11
51.67994405431773	0.018982556226121095	11
51.67994405431773	0.018982556226121095	11
45.16458327598826	0.021661627356660954	13
50.165145801491086	0.019544554878818645	11
43.47998364608978	0.02248202265442851	17
48.75281077273187	0.020099366939647804	13
45.62611328613173	0.02144720907495062	15
45.62611328613173	0.02144720907495062	15
45.62611328613173	0.02144720907495062	15
45.62611328613173	0.02144720907495062	15
45.62611328613173	0.02144720907495062	15
45.62611328613173	0.02144720907495062	15
43.47998364608978	0.02248202265442851	17
