0.47496130282437626
0.47512645669470177
0.47506047624262127
0.4747751653218222
0.4742839894729389
0.47360184789586146
0.4727448396725382
0.47173002862197266
0.4705752108851763
0.46929868899903837
0.46791905582472054
0.46645499125080564
0.46492507410085054
0.46334761115052564
0.4617404846165913
0.4601210189367127
0.45850586713454367
0.4569109165767509
0.45535121349326496
0.4538409052609416
0.4523931991515788
0.4510203360209812
0.4497335772656172
0.4485432032928679
0.44745852173293177
0.4464878836562521
0.445638706140188
0.4449174996426062
0.4443298987786793
0.4438806952518071
0.4435738718526815
0.44341263660593566
0.4433994563064976
0.4435360888440305
0.4438236138610043
0.4442624614262983
0.44485243853082107
0.44559275332408954
0.4464820371110851
0.4475183642173305
0.44869926990747067
0.4500217666092458
0.45148235875106524
0.4530770565678285
0.4548013892664703
0.45665041797000067
0.45861874887655685
0.4607005470780036
0.4628895514806259
0.4651790912581653
0.4675621042445233
0.4700311576396668
0.47257847135756104
0.4751959442894345
0.47787518368982596
0.48060753781745497
0.48338413187925283
0.48619590723549977
0.48903366372913015
0.4918881049053472
0.4947498857917135
0.4976096628169917
0.5004581453625457
0.5032861483664189
0.5060846453403992
0.5088448211172926
0.5115581236214547
0.5142163139519575
0.5168115140852464
0.5193362515425843
0.521783500425744
