0.3203879719970996
0.3002467507833565
0.3821135969978143
0.44328130324055015
0.45279516095671185
0.45272033569812853
0.45040449388361614
0.4586952652397554
0.42389128766956236
0.423817151864401
0.40150192053986355
0.38191700040272586
0.4440622419105111
0.4248266444085904
0.43688431546786655
0.46184671419666545
0.46035052284290556
0.4507543408406134
0.4539137732502807
0.4487681887549095
0.4490788062351445
0.4276185759372759
0.4387531709302131
0.44932452620520813
0.4375908865857242
0.4393201920926078
0.4357582637054696
0.44542315515208414
0.4603876518831444
0.43465467886970754
0.43902581416349984
0.4442125862266176
0.43412173691310435
0.4477410533654174
0.4451179240893476
0.45780947331773253
0.4421315980385181
0.43319222258110734
0.4338570579046424
0.4381761179746668
0.4247634794030276
0.4343631025564365
0.45817961637219573
0.45711408717925506
0.42486886108466804
0.44614061555781914
0.435301604372484
0.45769619565411696
0.4464339004047312
0.45892577004860247
0.4450621828424822
0.4374613421229573
0.43538489846399975
0.45944113213096277
0.4435146260651509
0.45464663919558357
0.4469326112263812
0.434965644456261
0.43798121130418555
0.4543856660296017
0.4363645432119886
0.441124639557861
0.4287393282716069
0.43464617243651915
0.44475612806783393
0.44580647128497863
0.42637916547403754
0.42679531405429405
0.4389844747874784
0.44737543275850244
0.44822614970971164
0.4555372139866042
0.44491541716241223
0.4355622476151101
0.4403173067420239
0.4316966690434022
0.45561556361009864
0.44427747636915893
0.436828466137257
0.4446193324474438
0.4345194728798572
0.42662288761639233
0.44496173335154676
0.4234022041235108
0.4463794816293067
0.45892985407410736
0.43574009793186025
0.4563422031108092
0.43510178246424547
0.4335845239841524
0.45495902049831527
0.4344491790330139
0.4372585022342161
0.4201623214988942
0.44205480278617076
0.439438978867455
0.4421233337153955
0.4442864679860561
0.4534311553752527
0.453403695931203
0.23011192955506657
