0.6177640970463122
0.59428266830226
0.5738990317255531
0.5555498998792612
0.5458485771604452
0.5429095154093947
0.5391393367127498
0.5368492433106989
0.5359166629145269
0.5342249497215908
0.5356187844165418
0.5405397620656553
0.5446402594448001
0.5482477041490734
0.5520306626699923
0.5550169283384908
0.5583042139249844
0.5635704236203388
0.5686254766544017
0.572845330718321
0.5769753412973182
0.5807172523668626
0.5839250677057854
0.5882499859871063
0.5928366116841334
0.59663507969322
0.6003080572536305
0.6038380449007429
0.6067313323729855
0.6101103159579848
0.6140260303337396
0.6173539624311318
0.6205106013387589
0.6235751650161001
0.6262474917596205
0.6288770784582431
0.6321931340098943
0.6351319470218149
0.6378478405576633
0.6404922791740928
0.6429374810353295
0.6450444434939518
0.6478522400152997
0.6504761699028805
0.6528361384057619
0.6551389152312611
0.6573515257295818
0.6591776817702458
0.6614529097105103
0.663859190400652
0.665937464907682
0.6679647440870213
0.669947189939085
0.6716677620657171
0.6728290116212331
0.6756388670153615
0.6775173692199602
0.6793208915342078
0.6810893145109884
0.6827271691875814
0.6778097693807037
0.6861281729770266
0.6878572462832879
0.689476990094963
0.6910678742691936
0.6925973414574295
0.686135535643454
0.6954740869077585
0.6971735657869311
0.6986407558444921
0.7000834108197964
0.7014985942241048
0.6979032944523618
0.6972013561009913
0.7056271665375764
0.70697389841597
0.7082915120636614
0.7095892677768857
0.7106286866905089
0.6996427746393014
0.7133446917171629
0.7146039465971717
0.7158150298835886
0.7170092946860194
0.7181490329611482
0.7056741673709849
0.7202904525257108
0.721632807199378
0.7227523388902213
0.7238572996837687
0.7249389994085838
0.7145950336268941
0.7194549646769349
0.7281426718592302
0.7291832531581688
0.7302106374033189
0.7312254388243862
0.7253480398982887
0.7206300419408846
0.7341921704015748
0.7351733280143486
0.736132875249272
0.7370816243572097
0.736856141408598
0.7245123856025073
0.7398062169755082
0.7407770255277325
0.7416769054033052
0.7425672801184922
0.7434341892561698
0.7308661948883498
0.7390770384545785
0.746040053865425
0.7468872191555653
0.7477258814475162
0.7485546883641372
0.7390912387302867
0.7393087333005597
0.7509989047908461
0.751801619881903
0.7525942925348063
0.753379580856209
0.7484196528142044
0.7415902596892121
0.7556779080764869
0.7564525324877247
0.7572041640360985
0.7579492405742497
0.7581077196880787
0.7459471527368114
0.7560794345856691
0.7608680134336331
0.7615829234318181
0.7622919468719972
0.7629907333255435
0.7520919552736268
0.7557130617050312
0.7650724824976952
0.765754542847546
0.7664311977726476
0.767102583923843
0.7595183540619885
0.7568880689093072
0.7690830860484751
0.7697401450106252
0.7703877030639886
0.7710306036647102
0.7676388502185715
0.7597701199274843
0.7708933110546912
0.773558485897844
0.7741798721725766
0.7747970752966195
0.7753960916450537
0.7642785816092403
0.7702010096637737
0.7772263366651105
0.7778241942617895
0.7784182656791803
0.7790077123994901
0.7701154733803137
0.7706521923996867
0.7807578939022876
0.7813355446909778
0.7819088182108627
0.7824787566937627
0.7768491606550941
0.7724811901784217
0.7839678265367576
0.7847274345197967
0.7852820426357306
0.7858336788796063
0.784012723790271
0.7757385528404744
0.7831540914254483
0.788012213740131
0.7885501184009347
0.7890853632998386
0.789614888901682
0.7802833635534766
0.7831711950765867
0.7912012207560217
0.7917242593490375
0.7922448911754081
0.7927631631505878
0.7858242125582494
0.7842802769292738
0.7943024125589683
0.7948148490457615
0.7953225234594915
0.7958281492062675
0.7919897606761216
0.7866104610136294
0.7949103359828076
0.7978315520390664
0.7983278172427276
0.7988222890851817
0.7984001579411847
0.7901334735691493
0.7947152780843729
0.8007834030791309
0.8012697164294704
0.801754463369647
0.8022370386355253
0.7946751923194781
0.7953691579875873
0.8036784839963501
0.8041566253676703
0.8046329973842524
0.8051080620613323
0.7999594280036624
0.7970437854011805
0.8057580781897443
0.806996468529724
0.8074657426987774
0.8079339276980472
0.8056657574396798
0.799787420516343
0.8055239683613522
0.8097967379286053
0.810260125629576
0.8107226201248057
0.8111809251524309
0.8035183697809892
0.8059355194752333
0.8125645239390239
0.8130231843133147
0.8134811226770103
0.8139383613012516
0.8080470833560088
0.8071831917211529
0.8153049497098974
0.8157615969123364
0.816216057711586
0.816670019178362
0.8131179201664884
0.8093636721926548
0.8158068662914988
0.818481702172381
0.8189337103044421
0.8193853883023012
0.8184554144911654
0.8124640523042931
0.8161484875543191
0.8211895124781928
0.8216400422854082
0.8220903959893661
0.8225400924939853
0.8163684171601551
0.8171615444773112
0.8238905494753169
0.8243407003381168
0.8247906392297127
0.8252405741863481
0.8208845820167889
0.8189700381950547
0.8257465163047343
0.8270410192754177
0.8274914019259495
0.8279419252808916
0.8257812358972555
0.8216090657967973
0.8261571243525946
0.8297460211072573
0.8301976548235307
0.8306495589480133
0.8308239777049493
0.8250215545276482
0.8270957093603172
0.8324604081760466
0.8329140514983971
0.8333680791556274
0.8338225012700158
0.8290727956326068
0.8286982746920728
0.8351875299176006
0.8356449217635346
0.8361017620206198
0.8365591230644658
0.8335777042129203
0.8310307195050928
0.8360890656413705
0.8383942632405258
0.8388545495873966
0.8281961291843781
0.8268388944790549
0.8215922668603766
0.8249380562104677
0.8295514747536968
0.829890078656346
0.8302286092400158
0.830566573960144
0.824610593465324
0.8254082250515566
0.831582377870999
0.8319209633787287
0.8322594952270955
0.8325980745416618
0.8282115141134943
0.8265627799852243
0.8327213003889459
0.8339533883614301
0.8342925350684636
0.8346318335066564
0.8322041061591591
0.8284543596558255
0.8326516893732713
0.8359909694109264
0.8363313185600175
0.8366719149547697
0.8363833731851668
0.8310554912643228
0.8330228951558866
0.8380371576973719
0.8383792717083387
0.8387217196489003
0.8390645044168151
0.8342662024078739
0.8339722184475883
0.8400944421420516
0.8404396497296057
0.8407844742784462
0.841129736144589
0.8379338650514181
0.8355789215461886
0.8403482952032693
0.842515529016788
0.8428632250552278
0.8432114393038072
0.8418789608964063
0.8378529664636232
0.8407282450036577
0.8446097981225853
0.8449608292376907
0.8453124516495049
0.8456641392220297
0.840735664826209
0.8415843920795899
0.8467251265805003
0.8470799461227383
0.8474353995560537
0.847791521969903
0.8441121777728935
0.84301214457349
0.8480984613928357
0.8492230279211682
0.8495827002314786
0.8499431056637217
0.8478319340061193
0.8450490462156683
0.8485769936614269
0.8513923107716277
0.8517565533819172
0.8521215842557213
0.8517311924150016
0.8476707294531305
0.8494369462319736
0.853589805530659
0.8539589330732389
0.8543288952899882
0.8546996804569694
0.850797292309121
0.8507814410231397
0.8558168020210833
0.8561915803627069
0.8565667407796494
0.8569427859255714
0.8543081931066128
0.8526666858508977
0.8566075449081825
0.8584559969895709
0.8588365823255898
0.8592180872077498
0.8580613871102726
0.8550951895973152
0.8575510940609242
0.8607534402447697
0.8611396365949823
0.8615267790106085
0.8619120427894279
0.8580175186147455
0.8588944475720867
0.8630849145028189
0.8634768722605625
0.8638697891219602
0.8642636735804599
0.8613421585042362
0.8607049295619261
0.8648429177081355
0.8658490086551061
0.8662477955564468
0.8666475640309399
0.8649506941386732
0.8630047580122135
0.8659312306460902
0.8682565162545018
0.8686612277407527
0.8690669261310562
0.8687144609274493
0.8657696517538891
0.8673394807537059
0.8706996187527957
0.8711102694225521
0.8715219043669388
0.8719344921604932
0.8689345341513607
0.8691401078652389
0.8731780266158798
0.8735948635395878
0.8740124024318039
0.874430916499933
0.8724047892242042
0.871368676186452
0.8745656887693276
0.8761147190544972
0.8765380912559132
0.8769624239427579
0.8760701999411521
0.8740205795543666
0.8760874969790755
0.8786693196331088
0.8790984182122408
0.8795284558131863
0.8798185524114791
0.8770535904904857
0.8779289991267346
0.8812579323845329
0.881692618041593
0.882128213004817
0.8825647142578754
0.880395613626613
0.8801338297156986
0.8834286238271831
0.8843197254022105
0.8847606983025822
0.8852025460554475
0.8839557025654564
0.8827119344493602
0.8850953318940896
0.8869785888499603
0.8874247308349632
0.8878717103444808
0.8876358879219423
0.8856399117957792
0.8870134904838957
0.8896678858739535
0.8901189615577866
0.8905708325080165
0.8910234566516444
0.8888658863803682
0.8892306851145382
0.8923860027156889
0.8928418896721761
0.8932983882809846
0.8937556292208669
0.8923177376374255
0.891766958248847
0.8943097711783088
0.8955918797400245
0.8960527215820985
0.8965142569992474
0.8959128510313903
0.8946137318503624
0.8963260154008806
0.898367179209894
0.8988320622185147
0.8992975868425296
0.8995675540359039
0.8977364702900789
0.8985800434287817
0.9011659354165942
0.9016345436949778
0.9021037382030153
0.9025735103776783
0.901080468799887
0.9010983365662841
0.9036718996401907
0.9044582209233084
0.9049307546879477
0.905403811065072
0.9045785017720337
0.9038834661042324
0.9057949882167459
0.9073010876023591
0.907776621529931
0.9082526210450506
0.9081588569639265
0.906915160266059
0.9080995833470126
0.9101610929824013
0.9106392823847104
0.9111178792413744
0.9115968382886689
0.9101540966544922
0.9106157376514635
0.9130360943104632
0.9135166553750825
0.9139975011321556
0.9144786866822511
0.9135476145394429
0.9133539904740869
0.9153495863501856
0.9164066482393294
0.9168893941857893
0.9173724222358903
0.9170362463052325
0.9163053479006457
0.9177093969266376
0.9193071724451014
0.9197914718724177
0.9202759959173821
0.9205600037053583
0.919443530808786
0.9202320954454498
0.922216155879986
0.9227016665193872
0.9231873445389103
0.9236731807172637
0.9227290257068403
0.9229335542919258
0.9249234731327488
0.9256179409739519
0.926104437138658
0.9265910368537419
0.9261141684432872
0.9258133421760312
0.9273360786453029
0.9285382990361252
0.9290252853153003
0.9295123214178709
0.9295484138664066
0.9288558331898134
0.9298681362480293
0.9314607946103072
0.9319479522479014
0.9324351074075058
0.9329222147616443
0.9320329081680329
0.9325387442377632
0.9343835116861421
0.9348705604804062
0.9353575280029225
0.9358444345756269
0.9353077438922947
0.9353536813577746
0.9369152793515
0.9377912985086139
0.9382777832850101
0.9387641593033131
0.938639056072013
0.9383057121940435
0.9394550851483405
0.9407084262083714
0.9411941455234424
0.9416797101979726
0.9419851930007962
0.9413762407467299
0.9420974230144762
0.9436202790331337
0.9441049633641312
0.9445894490830676
0.945073729052336
0.9445380052935884
0.9448523191922251
0.9463928932566961
0.947008665003227
0.9474918176891229
0.9479747240627108
0.9477583654204293
0.9477189004140982
0.9489357933911063
0.9499037604244843
0.9503853398137232
0.9508666342600631
0.9510027016294617
0.9506862648716629
0.9515499187904133
0.9527888427614726
0.9532686225894469
0.9537480810455053
0.9542271612158592
0.953735292056475
0.954247957395183
0.9556625773828045
0.9561403569882233
0.9566177694083919
0.9570948209796744
0.9568410904056924
0.9570336544353371
0.9582646751019701
0.9589993176497258
0.9594744878937783
0.9599492660638786
0.9599757210299027
0.9599021194703454
0.9608489080643565
0.9618443621113766
0.9623171077691908
0.9627894322665553
0.9631108525902494
0.9628409462447072
0.9634919854861443
0.9646744294583818
0.9651445816751675
0.9656142857016823
0.9660835371276676
0.9658319557053621
0.9662008225564042
0.9674068616762528
0.9679559418451394
0.9684228716898109
0.9688893248816584
0.9688533022650836
0.9689750599983297
0.9699584529821966
0.9707502979646283
0.9712143126105037
0.9716778283440898
0.9718816679245331
0.971807663022516
0.972547515565489
0.9735268347245524
0.9739878054343495
0.9744482568950801
0.9748943031107471
0.9746860938577843
0.9751829665293108
0.9762848048612275
0.9767426190240898
0.9771998911316656
0.9776566227082325
0.977593880028467
0.9778677213169822
0.9788525853578536
0.9794780912608375
0.9799320801612276
0.9803855123591605
0.9805123686272753
0.9805989113263975
0.9813879294116465
0.9821936260409188
0.9826442385987115
0.9830942799388841
0.9834224634122273
0.9833686085419193
0.9839529608105138
0.9848886901569119
0.9853358434763442
0.9857824126272783
0.9862283954558999
0.9861649421958948
0.9865528345678648
0.9875137277461509
0.9880064311097748
0.9884494563276515
0.9888918844113397
0.9889734545975906
0.9891878050328669
0.9899952475004572
0.9906555939525773
0.9910950125537092
0.9915338244439231
0.9917785330904552
0.9918536086003567
0.9924923877314186
0.993282977461199
0.9937187353119311
0.9941538782031425
0.9945647706462037
0.9945422127727178
0.9950117126445275
0.9958882757614824
0.9963203280235284
0.9967517570684786
0.997182563154949
0.9972428251869889
0.9975557228772081
0.9983585228899501
0.9988995405067145
0.8957151528210499
0.8962984532125247
0.8954327302548394
0.8944915894805
0.8965767835285232
0.8986299514854681
0.8992123130039694
0.8997944345902605
0.8997982106070729
0.8982790548181121
0.899497570615009
0.902120199323457
