0.5515272108476508
0.5785619136668975
0.5905853282503163
0.5934643529922033
0.5911181657275559
0.586108668112172
0.5801477939306462
0.5744237288496525
0.5697079908422243
0.5664010107730165
0.5645977493670189
0.5641812855728096
0.5649208075923856
0.5665509524624308
0.5688224827965063
0.5715260592661664
0.5744966082394525
0.5776064455203883
0.5807534612349874
0.5838483132157187
0.5868027720876517
0.5895205747219231
0.5918927794120792
0.5938024930641457
0.5951502183663661
0.5959202772071721
0.5963073305815151
0.5968615395358239
0.5984401969316732
0.601679583559136
0.6062432128948859
0.6107019701145052
0.6130723790209188
0.611273668889072
0.6051509354400977
0.6039213077576658
0.6108513104984703
0.6043716698879882
0.5873515932144656
0.5836767365786198
0.6164667214080027
0.6410062422289842
0.648911693705888
0.6322886570926841
0.6498702727690073
0.6044946029298388
0.5995546053155992
0.6200200023688669
0.643170901349855
0.6383522645869484
0.6504177603624681
0.6508832773006136
0.6531283041292039
0.6531442342990375
0.6632921097423737
0.664524956960025
0.6708032889260853
0.6615170635942345
0.6703667750586307
0.6786170167666737
0.6780046901681087
0.6732388781286177
0.6706514999368652
0.6731372094791563
0.6785763366964728
0.6840531587400637
0.6882350133868208
0.6909277078255724
0.692356397733121
0.692837157878416
0.6926754874526792
0.6921421223241675
0.691466842342166
0.6908340673123762
0.6903790570417301
0.6901871224520391
0.6902974768044534
0.6907113890088774
0.6914028046404175
0.6923291888356441
0.6934408394443613
0.6946877901953663
0.6960242103088687
0.6974106938549763
0.6988150172606661
0.7002119249278178
0.70158238817161
0.7029126469110673
0.7041932255255318
0.705418026852895
0.7065835503954649
0.7076882460372166
0.7087319958773339
0.709715708268187
0.7106410055721138
0.7115099877339908
0.7123250558023674
0.7130887820501924
0.7138038158376446
0.7144728165889758
0.7150984071405375
0.7156831422556283
0.7162294883276263
0.7167398112533347
0.7172163702019567
0.7176613155755026
0.718076689891033
0.7184644306445219
0.7188263744646729
0.7191642620518522
0.7194797435372796
0.719774384002104
0.7200496689737053
0.7203070097741244
0.7205477486379174
0.7207731635477904
0.7209844727589098
0.7211828389989686
0.7213693733425813
0.7215451387665127
0.7217111533976368
0.721868393468969
0.7220177960011864
0.7221602612281193
0.7222966547850369
0.7224278096783884
0.7225545280551546
0.7226775827892287
0.722797718901359
0.7229156548282246
0.7230320835552212
0.7231476736265169
0.723263070044962
0.7233788950734752
0.7234957489486118
0.7236142105161635
0.7237348377978052
0.7238581684970559
0.7239847204520972
0.7241149920423239
0.7242494625548939
0.7243885925169581
0.7245328239987315
0.7246825808920664
0.7248382691687391
0.7250002771222391
0.7251689755964636
0.7253447182043585
0.7255278415392208
0.7257186653810663
0.7259174929001911
0.7261246108597871
0.7263402898192426
0.7265647843395264
0.7267983331918614
0.7270411595706984
0.7272934713118357
0.7275554611163649
0.7278273067809885
0.7281091714351127
0.728401203785008
0.7287035383652137
0.7290162957972656
0.7293395830557393
0.7296734937415149
0.7300181083621036
0.7303734946188051
0.7307397077004155
0.7311167905831487
0.7315047743363948
0.7319036784339017
0.7323135110699333
0.7327342694799309
0.7331659402651872
0.7336084997210203
0.7340619141679282
0.7345261402851918
0.7350011254463941
0.735486808056317
0.7359831178886862
0.7364899764242314
0.7370072971885453
0.7375349860892253
0.7380729417518033
0.7386210558539744
0.7391792134576585
0.739747293338435
0.7403251683119264
0.7409127055567022
0.7415097669333195
0.7421162092991181
0.7427318848184191
0.7433566412677957
0.7439903223361082
0.7446327679190139
0.7452838144076884
0.7459432949715165
0.7466110398345325
0.7472868765454097
0.7479706302408264
0.7486621239020479
0.7493611786045928
0.7500676137608691
0.7507812473556811
0.7515018961745362
0.7522293760246874
0.7529635019488774
0.753704088431753
0.7544509495989495
0.7552038994088479
0.7559627518370263
0.7567273210534464
0.7574974215924168
0.7582728685153988
0.7590534775667263
0.7598390653223182
0.7606294493314817
0.7614244482519031
0.7622238819779391
0.7630275717623216
0.7638353403314074
0.7646470119940935
0.7654624127445437
0.7662813703588578
0.7671037144858364
0.7679292767319842
0.7687578907409067
0.7695893922672521
0.7704236192453568
0.7712604118527511
0.7720996125686835
0.7729410662278245
0.7737846200693081
0.7746301237812712
0.775477429541051
0.7763263920511944
0.7771768685714437
0.7780287189468452
0.778881805632142
0.7797359937125979
0.7805911509214047
0.781447147653817
0.782303856978163
0.7831611546438693
0.7840189190866397
0.7848770314309247
0.7857353754898121
0.7865938377624694
0.7874523074292643
0.7883106763446817
0.7891688390281625
0.7900266926529742
0.7908841370332242
0.7917410746091312
0.7925974104306488
0.7934530521395502
0.7943079099500663
0.7951618966281733
0.7960149274696149
0.7968669202767545
0.7977177953343269
0.7985674753841802
0.7994158855990746
0.8002629535556177
0.8011086092063955
0.8019527848513728
0.8027954151086197
0.8036364368844237
0.8044757893428413
0.8053134138747439
0.8061492540664043
0.806983255667669
0.8078153665597606
0.80864553672275
0.8094737182027325
0.8102998650787463
0.8111239334294583
0.8119458812996528
0.8127656686665418
0.8135832574059266
0.8143986112582234
0.8152116957943816
0.8160224783816986
0.8168309281495538
0.817637015955067
0.818440714348693
0.8192419975397581
0.8200408413619399
0.8208372232386979
0.8216311221486495
0.8224225185908952
0.8232113945502813
0.8239977334626034
0.8247815201797356
0.8255627409346801
0.8263413833065232
0.8271174361852888
0.8278908897366702
0.8286617353666262
0.8294299656858242
0.830195574473911
0.83095855664359
0.8317189082044837
0.8324766262267569
0.8332317088044789
0.8339841550186985
0.834733964900201
0.8354811393919299
0.836225680311033
0.8369675903105143
0.8377068728404564
0.8384435321087873
0.8391775730415587
0.8399090012427051
0.84063782295326
0.8413640450099903
0.8420876748034251
0.8428087202352499
0.8435271896750334
0.8442430919162679
0.844956436131687
0.8456672318278491
0.8463754887989514
0.8470812170798657
0.8477844268983696
0.8484851286265661
0.8491833327314727
0.8498790497247809
0.8505722901117712
0.8512630643393989
0.8519513827435418
0.8526372554954319
0.8533206925472834
0.8540017035771411
0.8546802979329817
0.8553564845761044
0.8560302720238581
0.8567016682917599
0.8573706808350698
0.858037316489895
0.8587015814139092
0.8593634810267823
0.8600230199504265
0.8606802019491826
0.8613350298700704
0.8619875055832591
0.8626376299229059
0.8632854026285448
0.8639308222872071
0.8645738862764772
0.8652145907087045
0.8658529303765954
0.8664888987004429
0.8671224876772456
0.8677536878320044
0.8683824881714756
0.8690088761406988
0.86963283758261
0.8702543567010751
0.8708734160276842
0.8714899963926663
0.872104076900277
0.8727156349090407
0.8733246460172119
0.8739310840538425
0.8745349210758316
0.8751361273713363
0.8757346714699219
0.8763305201598152
0.8769236385126209
0.8775139899158492
0.8781015361135741
0.8786862372555381
0.8792680519549811
0.87984693735545
0.8804228492068094
0.880995741950642
0.8815655688151844
0.8821322819198966
0.8826958323897237
0.8832561704790509
0.8838132457052974
0.8843670069920424
0.8849174028215099
0.885464381396179
0.8860078908092205
0.8865478792233961
0.8870842950579871
0.887617087183253
0.8881462051218547
0.8886715992566104
0.8891932210438935
0.8897110232319089
0.8902249600830451
0.8907349875994289
0.8912410637507755
0.8917431487035739
0.8922412050506204
0.8927351980398793
0.8932250958016303
0.8937108695728507
0.8941924939177722
0.8946699469435657
0.8951432105101077
0.8956122704328189
0.896077116677587
0.8965377435468332
0.8969941498558274
0.8974463390984185
0.8978943196014096
0.8983381046668797
0.8987777127018367
0.8992131673346643
0.8996444975179226
0.9000717376171464
0.900494927485381
0.9009141125232981
0.9013293437248201
0.9017406777082787
0.9021481767332271
0.9025519087031084
0.9029519471540709
0.9033483712302859
0.9037412656462086
0.9041307206362642
0.904516831892509
0.9048997004908429
0.9052794328063878
0.9056561404186565
0.9060299400071473
0.9064009532379825
0.9067693066421927
0.9071351314862063
0.9074985636350515
0.9078597434087126
0.9082188154319928
0.9085759284781432
0.9089312353063933
0.9092848924933894
0.9096370602583956
0.9099879022819457
0.9103375855174402
0.9106862799949886
0.9110341586165653
0.9113813969413049
0.9117281729595018
0.9120746668535921
0.9124210607440906
0.9127675384181302
0.9131142850379016
0.9134614868259174
0.9138093307236445
0.9141580040196173
0.9145076939427355
0.9148585872159812
0.9152108695653431
0.9155647251782502
0.9159203361053523
0.9162778815990018
0.9166375373813392
0.9169994748344414
0.9173638601046107
0.9177308531125338
0.9181006064608095
0.9184732642301889
0.9188489606558913
0.9192278186755504
0.9196099483407679
0.9199954450849688
0.9203843878412995
0.920776837005791
0.9211728322429654
0.9215723901335884
0.921975501667466
0.9223821295881105
0.9227922056008527
0.9232056274616621
0.9236222559705806
0.9240419119013439
0.9244643729075024
0.9248893704550806
0.9253165868425075
0.9257456523800232
0.9261761428128052
0.9266075770843181
0.9270394155484292
0.9274710587500561
0.9279018469038459
0.9283310602077562
0.928757920132483
0.9291815918274494
0.9296011877783897
0.9300157728394606
0.9304243707432984
0.9308259721647821
0.9312195443780713
0.9316040425017886
0.9319784222745972
0.9323416542441353
0.9326927391882922
0.9330307245218021
0.9333547213764471
0.9336639219836617
0.9339576169381649
0.9342352118845584
0.9344962431494401
0.9347403918425161
0.9349674959734675
0.9351775601774575
0.9353707627101638
0.935547459460393
0.9357081848304312
0.9358536494458464
0.9359847347710233
0.9361024848176566
0.9362080952340828
0.9363029001480402
0.9363883571995059
0.9364660312406385
0.9365375771951893
0.9366047225602487
0.936669250000736
0.9367329804345581
0.9367977569377098
0.9368654297179931
0.9369378423177749
0.9370168191141792
0.9371041540927235
0.9372016007802323
0.9373108631367039
0.9374335871247698
0.9375713525998193
0.9377256650938925
0.9378979470018852
0.9380895276196856
0.9383016314313036
0.9385353639978862
0.9387916947693421
0.9390714361252266
0.9393752179646271
0.9397034572179614
0.9400563217641182
0.9404336884262693
0.9408350950155784
0.9412596868238412
0.9417061585644785
0.94217269355252
0.9426569029124195
0.9431557687981701
0.9436655969554828
0.9441819853477764
0.9446998168324378
0.9452132847572543
0.9457159605206478
0.9462009112309504
0.9466608732565883
0.9470884834462019
0.9474765641227985
0.9478184509888038
0.9481083456223139
0.9483416675040661
0.9485153759235778
0.9486282310212737
0.9486809665064945
0.9486763543028462
0.9486191525805012
0.9485159415393755
0.9483748636364493
0.9482052945276623
0.9480174762778216
0.9478221448105991
0.9476301795605256
0.9474522960459353
0.9472987931571711
0.9471793578403921
0.947102921688166
0.9470775573692203
0.9471103980285691
0.9472075596371513
0.9473740445211173
0.9476136038037123
0.947928537394766
0.9483194130956851
0.9487846926155603
0.9493202637670072
0.9499188972946407
0.9505696760407585
0.951257484335571
0.9519626936219563
0.9526612264429738
0.9533252056202537
0.9539243708095614
0.9544283425327197
0.95480962366492
0.9550469791555469
0.9551286059257931
0.9550544066695266
0.9548367994332032
0.9544998269827146
0.9540767637050696
0.9536067807892992
0.9531313850445113
0.9526912612292617
0.9523238959911112
0.9520620629315828
0.9519330008035601
0.951957963818236
0.952151760731077
0.952521905605702
0.9530670673668699
0.9537746496690939
0.954617619051955
0.9555512085367985
0.9565108781325353
0.9574137190278422
0.9581657561436002
0.9586764208612563
0.9588783018973974
0.958746208603397
0.9583075844579378
0.9576390757755423
0.9568506242261943
0.956064148404588
0.9553947564369508
0.9549388641433205
0.9547689475599583
0.9549316504543514
0.9554451299395194
0.9562922582312742
0.957408461420159
0.958667506788826
0.9598762479496264
0.9607967750705239
0.9612096661661461
0.9610030967386237
0.9602355653131427
0.9591232857017288
0.9579605067405883
0.9570297866148474
0.9565475899834933
0.9566465655451873
0.9573681938202964
0.9586392252560694
0.9602257077330761
0.9617035764775052
0.9625420376667589
0.9623631661058822
0.9612218713107602
0.9596091465604003
0.9581665057350393
0.9574091865053714
0.9576206674939048
0.9588226842644905
0.9606848228844327
0.9624115246043569
0.9629579268234483
0.961831402033958
0.9596720902572351
0.9577117740425698
0.9569111611048539
0.9576377934608504
0.9595298216500859
0.9612169856807239
0.9608257027714544
0.9580384160431175
0.9546875057764059
0.9526450526435097
0.95248307929559
0.9530177049710153
0.9509825983198966
0.9439495758593092
0.933328812937251
0.920006397639791
0.9005634031911011
0.8758506986866766
0.9193657212250332
0.9316267828419422
0.8961688903841007
0.8738178077140719
0.8823858207433362
0.8748115880173271
0.8729906369755701
0.9599184607084134
0.8854118428858943
0.8753518794777361
0.8991398928181585
0.9196877315985518
0.9266964798217671
0.936271080379892
0.9447424526146893
0.9435882330453855
