0.5420465544466178
0.5437909591110827
0.5458322955804634
0.548061521023317
0.5504104635648894
0.5528349875957264
0.555305653448558
0.5578023269199925
0.5603109495370435
0.5628215369566554
0.5653269007612505
0.5678218103046757
0.5703024300765269
0.572765934070479
0.5752102365178438
0.5776338007204428
0.5800355012866548
0.5824145235048219
0.5847702889411035
0.5871023998159351
0.5894105970000492
0.5916947280046351
0.5939547223846224
0.5961905726954209
0.5984023196482301
0.6005900404665826
0.6027538397028978
0.604893841959242
0.6070101860920346
0.6091030205804471
0.6111724998126759
0.6132187811001069
0.615242022271611
0.6172423797323603
0.6192275137627177
0.6211816945669842
0.6231134142406577
0.6250228268118063
0.6269100813689118
0.6287753216202642
0.6306186855650625
0.6324403052568227
0.6342403066433174
0.6360188094701715
0.6377759272375786
0.6395117672015062
0.641226430412292
0.642920011784794
0.6445926001952844
0.6462442786011167
0.6478751241798928
0.6494852084854231
0.6510745976182463
0.6526433524088633
0.6541915286121626
0.6557191771117835
0.6572263441333797
0.6587130714659302
0.6601793966903999
0.6616253534151654
0.663050971517731
0.6644562773923391
0.6658412942031414
0.6672060421426484
0.6685505386952171
0.669874798905358
0.671178835650664
0.6724626599191715
0.673726281090966
0.6749697072238389
0.6761929453427908
0.6773960017331591
0.6785788822371209
0.6797415925533056
0.6808841385392008
0.6820065265160193
0.6831087635756333
0.6841908578891565
0.6852528190166888
0.6862946582177034
0.6873163887614868
0.6883180262369972
0.6892995888614402
0.6902610977868031
0.6912025774035273
0.7003731070295276
0.7015897732095905
0.7027917953138089
0.70397917789526
0.7051519255080455
0.7063100428294261
0.7074535347771089
0.7085824066209577
0.7096966640883429
0.7107963134622918
0.7118813616715456
0.7129518163715661
0.7140076860154679
0.7150489799137882
0.716075708281934
0.7170878822740646
0.718085514002089
0.7190686165383684
0.7200372039006171
0.7209912910173897
0.7219308936724321
0.7228560284260466
0.7237667125114798
0.7246629637041979
0.7255448001617336
0.7264122402316047
0.7272653022245871
0.7281040041503843
0.7289283634124625
0.7297383964585076
0.7305341183826124
0.731315542474896
0.7320826797137977
0.7328355381957654
0.7335741224964476
0.734298432956811
0.7350084648867997
0.7357042076782353
0.7363856438175914
0.7370527477880403
0.737705484848756
0.7383438096777859
0.7389676648628982
0.7395769792225622
0.7401716659366179
0.7407516204631404
0.7413167182144415
0.7418668119609724
0.7424017289269822
0.7429212675360082
0.7434251937574642
0.7439132369975283
0.7443850854680019
0.7448403809554596
0.7452787128995362
0.7456996116730854
0.746102540937694
0.7464868889249411
0.7468519584660248
0.7471969555589262
0.7475209762218439
0.7478229913326715
0.7481018290948483
0.748356154697589
0.7485844466503238
0.7487849691635104
0.7532469571887512
0.7534022941758474
0.7535231207513311
0.753606385839938
0.7536485857129129
0.7536456882626807
0.753593042771842
0.7534852721486451
0.7533161439775234
0.7530784160192242
0.7527636510140102
0.7523619948573524
0.7518619115710276
0.7512498682659214
0.750509964026652
0.7496234993486481
0.7485684892660981
0.7473191369497589
0.745845311277142
0.7441121222263027
0.7420797803673376
0.7397040929294647
0.7369382418630364
0.7337369933742252
0.7300653275627759
0.7259148077584145
0.7213329744746958
0.7164736841882274
0.7116796078955752
0.7076131519622195
0.7054645651077696
0.7072874226520087
0.716376111784166
0.7361969235890985
0.7629260973800387
0.7763970736389952
0.7343569129677799
0.7602265276118304
0.7776294842535487
0.7144498927208552
0.7605295928356604
0.7648697155392513
0.7717667960851153
0.7307693601819257
0.7797828691072852
0.7681751401422061
0.7412885471359532
0.7213305077475323
0.7127605184205226
0.7118786305517317
0.7151548430041191
0.7204008980503697
0.726355840548704
0.7323262655355908
0.7379619696185789
0.7431133985805045
0.7477418572111331
0.7518653099724634
0.7555273026212866
0.758780074428575
0.7616759462668852
0.7642633290045895
0.7665852053589911
0.7686788712773397
0.7705762716160588
0.7723045769013615
0.773886820996831
0.775342513385868
0.776688189490045
0.7779378879089962
0.7791035558288744
0.7801953892635399
0.7812221166325635
0.7821912342618045
0.7831092016825849
0.7839816036055834
0.7848132844047321
0.7856084599793532
0.786370811014036
0.7871035609345568
0.7878095412571893
0.7884912465339836
0.7891508806922581
0.7897903962375595
0.7904115275222576
0.7910158190652803
0.7916046497327026
0.7921792534461298
0.7927407369696633
0.7932900952315988
0.7938282245596744
0.7943559341453916
0.7948739560009581
0.7953829536296321
0.7958835295949402
0.7963762321450335
0.7968615610241894
0.797339972583303
0.7978118842843651
0.7982776786798391
0.7987377069360334
0.7991922919596215
0.7996417311780761
0.8000862990176969
0.8005262491169018
0.8009618163073453
0.8013932183910822
0.8018206577382743
0.802244322726772
0.8026643890421703
0.8030810208545979
0.8034943718864873
0.8039045863838249
0.804311800001878
0.8047161406150916
0.8051177290597138
0.8055166798167156
0.8059131016417229
0.8063070981479126
0.8066987683471789
0.807088207154287
0.8074755058582305
0.8078607525645594
0.8082440326120448
0.8086254289667009
0.8090050225958718
0.809382892824808
0.8097591176779158
0.8101337742066302
0.810506938805672
0.8108786875192517
0.8112490963386302
0.8116182414922847
0.8119861997297907
0.8123530486003958
0.8127188667271424
0.8130837340772776
0.8134477322295759
0.8138109446390981
0.8141734568997987
0.8145353570053026
0.814896735608059
0.8152576862769951
0.815618305753675
0.8159786942068863
0.816338955485457
0.8166991973690148
0.8170595318162831
0.8174200752104055
0.8177809486006723
0.818142277939911
0.8185041943166784
0.8188668341812724
0.8192303395644552
0.8195948582876511
0.8199605441632476
0.8203275571834997
0.8206960636964038
0.8210662365667668
0.8214382553205707
0.8218123062705988
0.822188582621162
0.8225672845496429
0.8229486192624671
0.8233328010229995
0.8237200511487833
0.8241105979754552
0.8245046767846241
0.8249025296929593
0.8253044054997283
0.8257105594900465
0.8261212531911533
0.8265367540791143
0.8269573352334867
0.827383274937652
0.8278148562227401
0.8282523663533449
0.8286960962535429
0.8291463398721154
0.8296033934862953
0.8300675549438544
0.8305391228438866
0.8310183956572389
0.8315056707881874
0.8320012435796453
0.8325054062649224
0.8330184468698101
0.8335406480695574
0.8340722860060905
0.8346136290716223
0.8351649366655777
0.8357264579325038
0.8362984304893343
0.8368810791510181
0.8374746146640741
0.8380792324580958
0.8386951114255774
0.839322412740649
0.8399612787273869
0.8406118317882864
0.8412741734032502
0.8419483832090328
0.8426345181685139
0.8433326118384267
0.8440426737432606
0.8447646888620064
0.8454986172332111
0.8462443936824997
0.8470019276753026
0.8477711032960398
0.8485517793534807
0.8493437896104343
0.8501469431343898
0.8509610247642139
0.8517857956865822
0.8526209941144808
0.8534663360588959
0.8543215161837358
0.8551862087331198
0.8560600685194202
0.8569427319598963
0.853031911101739
0.8539957617050482
0.8549669216903817
0.855944892038557
0.8569291625878471
0.8579192133261678
0.858914515626144
0.8599145334113218
0.8609187242427955
0.8619265403165289
0.8629374293626803
0.8639508354392089
0.8649661996129604
0.8659829605222255
0.8670005548154543
0.8680184174613137
0.8690359819256087
0.8700526802107063
0.8710679427529754
0.8720811981733713
0.873091872875618
0.8740993904854534
0.8751031711230501
0.8761026304990123
0.8770971788221705
0.8780862195047798
0.8790691476475142
0.8800453482828516
0.8810141943508868
0.8819750443762091
0.882927239808076
0.8838701019784825
0.8848029286236646
0.8857249899037366
0.8866355238421837
0.8875337310913194
0.8884187689109729
0.8892897442247849
0.8901457055906231
0.8909856338875088
0.8918084314794512
0.8926129095647146
0.8933977733545906
0.8941616046453185
0.8949028412459133
0.8956197525974636
0.8963104107582996
0.8969726557241186
0.8976040537892358
0.8982018473166102
0.898762893846023
0.8992835918993151
0.8997597900948783
0.9001866752010023
0.9005586334578939
0.9008690777704583
0.901110231067419
0.9012728530324532
0.9013458932648851
0.9013160483582285
0.901167192931337
0.9008796447550691
0.9004292112145341
0.8997859480719786
0.8989125423038861
0.8977622114201653
0.896276000587651
0.894379378031413
0.8919781314310848
0.8889538751927177
0.8851602621955421
0.8804228378312009
0.8745495675411619
0.8673676054784143
0.8588181447176626
0.8491677873467258
0.8394269279041637
0.8320801328112573
0.8321658468755699
0.8479735234644806
0.8848450629512815
0.9220966009707906
0.9227516509244412
0.8414132142386883
0.8493524924726912
0.8489060175867353
0.9042931174433427
0.8729102471081913
0.8497990775032365
0.9256894126581878
0.9280800466368327
0.8931691672155846
0.8569025501672006
0.8417456708693033
0.8430262136106826
0.8521408652307528
0.8637142839597749
0.8750827938320114
0.8851829606936322
0.8937600791152436
0.9009068988639487
0.9068313089682907
0.9117541329535511
0.9158712513717784
0.9193441651185045
0.9223016721247467
0.9248450096750713
0.9270533837119126
0.9289888163949247
0.9307000678170335
0.9322256925796204
0.93359638055048
0.9348367364783957
0.9359666310692416
0.9370022287956626
0.937956772988442
0.9388411887231078
0.939664548583477
0.9404344347969126
0.9411572226461594
0.9418383037296106
0.9424822629783619
0.9430930198991766
0.9436739419679493
0.9442279362075502
0.944757523572013
0.9452648996988918
0.9457519847911305
0.9462204647818249
0.9466718254708505
0.9471073809655279
0.9475282974817972
0.947935613348172
0.9483302558873864
0.9487130557192307
0.9490847589243165
0.9494460374261983
0.9497974978836636
0.9501396893324476
0.9504731097733389
0.9507982118694793
0.9511154078879318
0.9514250739979903
0.9517275540202349
0.9520231627051472
0.9523121886076013
0.9525948966131959
0.9528715301638074
0.9531423132225942
0.9534074520127088
0.9536671365589718
0.9539215420575473
0.9541708300951236
0.9544151497360953
0.9546546384937089
0.9548894231989697
0.9551196207792723
0.9553453389571402
0.9555666768781216
0.9557837256757247
0.9559965689802928
0.9562052833778564
0.9564099388242622
0.9566105990192415
0.956807321744524
0.9570001591696191
0.9571891581284742
0.9573743603698434
0.9575558027838947
0.9577335176072899
0.9579075326087402
0.9580778712568154
0.9582445528716068
0.958407592761667
0.9585670023475154
0.9587227892728626
0.9588749575045947
0.9590235074224635
0.959168435899332
0.9593097363727566
0.9594473989086094
0.9595814102573876
0.959711753903805
0.9598384101102062
0.9599613559543071
0.9600805653617284
0.9601960091337485
0.9603076549706822
0.9604154674912584
0.9605194082483478
0.9606194357413751
0.9607155054257257
0.9608075697194451
0.960895578007514
0.9609794766439631
0.9610592089520911
0.9611347152230245
0.961205932712862
0.9612727956386242
0.9613352351732298
0.9613931794397089
0.9614465535048524
0.961495279372493
0.9615392759766054
0.9615784591744015
0.9616127417395919
0.9616420333559752
0.9616662406115066
0.9616852669929874
0.9616990128815074
0.9617073755487588
0.9617102491543271
0.9617075247440499
0.9616990902495189
0.9616848304887816
0.9616646271682777
0.9616383588860243
0.9616059011360384
0.9615671263139549
0.9615219037237694
0.9614700995855977
0.9614115770443052
0.9613461961788177
0.9612738140118728
0.9611942845199208
0.9611074586428227
0.961013184292925
0.9609113063630264
0.9608016667326552
0.9606841042720079
0.9605584548427808
0.9604245512950383
0.9602822234591287
0.9601312981315382
0.9599715990534278
0.959802946880447
0.9596251591422428
0.9594380501899044
0.9592414311293775
0.9590351097386635
0.9588188903663798
0.9585925738089951
0.9583559571637666
0.9581088336541002
0.9578509924237107
0.9575822182955936
0.9573022914914143
0.9570109873064824
0.9567080757349947
0.9563933210397056
0.9560664812595998
0.9557273076485134
0.9553755440369402
0.9550109261084927
0.9546331805816242
0.954242024286273
0.9538371631240274
0.9534182908992248
0.9529850880070808
0.9525372199634494
0.9520743357591371
0.9515960660197995
0.9511020209502924
0.950591788039894
0.9500649295020218
0.94952097941885
0.9489594405575535
0.94837978082065
0.947781429288001
0.9471637718023338
0.9465261460435253
0.9458678360291637
0.9451880659698747
0.9444859933973075
0.9437607014702275
0.9430111903494743
0.9422363675151835
0.9414350368790645
0.9406058865200316
0.9397474748422237
0.9388582149194441
0.937936356747976
0.9369799670790251
0.935986906440682
0.9349548028848073
0.9338810219033898
0.9327626318477489
0.93159636404722
0.930378566655132
0.9291051510403647
0.927771529281543
0.9263725409934609
0.9249023673026923
0.9233544292663717
0.9217212673613864
0.9199943978158998
0.9181641404506639
0.9162194112616217
0.9141474710948727
0.9119336192839398
0.9095608178194899
0.907009227196489
0.9042556290974433
0.9012727028979067
0.8980281117165684
0.8944833380526888
0.8905921870019123
0.8862988436985515
0.8815353266047936
0.876218112891331
0.8702436162744936
0.8634820558176994
0.8557690430183518
0.863086024099916
0.8544975087269322
0.8444091807018629
0.8324060148201579
0.8179171253807609
0.8001433570350477
