0.5787278247549833
0.5706885626200886
0.5665302859235835
0.5644068939302841
0.5635276014858949
0.5639528016056248
0.5657055820897616
0.5686315199592129
0.572865727288102
0.578816329289057
0.5863073062697755
0.5942041589175244
0.6011739235207257
0.6064518504337495
0.6099022740546038
0.61173215221642
0.6122574408056146
0.6118096840098671
0.6107303781923824
0.6093828435527703
0.6081263861922171
0.6072479268974853
0.6069049637714837
0.6071273477784664
0.6078664251144594
0.6090485810055074
0.6106065463563299
0.6124884997196894
0.6146560558484201
0.6170800188264449
0.6197375882589875
0.6226114602872508
0.6256897892011045
0.6289650327186245
0.6324292197578057
0.6360642149028002
0.6398288211144973
0.6436487003306546
0.6474166006074982
0.6510064204152495
0.6542967717730405
0.6571938615124127
0.6596445391322637
0.6616368717714316
0.6631918555201827
0.6643519671398143
0.665170785147103
0.665705459605006
0.6660120955865749
0.6661433954004985
0.6661477896770105
0.666069406234547
0.6659483941177997
0.6658212744676179
0.6657211121574865
0.6656773932930085
0.6657155696103507
0.6658563157035365
0.666114652581475
0.6664992031010039
0.6670119070250697
0.6676484727293056
0.6683996563320848
0.6692531911431423
0.6701959577411906
0.6712159026042767
0.6723033204064521
0.6734513507385587
0.6746557857533091
0.6759144404147219
0.6772263678848911
0.678591139162325
0.6800083052241782
0.6814770690251037
0.6829961362038894
0.6845636880062321
0.6861774176137707
0.6878345800581964
0.689532017709084
0.6912661338193744
0.6930327952224252
0.6948271536357573
0.6966433856750671
0.6984743669378881
0.7003113164866843
0.702143473656129
0.7039578950878571
0.7057394782620509
0.7074713172982454
0.7091354655988831
0.7107141110785461
0.7121910685556383
0.7135533832905432
0.7147927579566379
0.715906502816113
0.7168977866720426
0.7177751194839525
0.7185511766554005
0.7192412172154387
0.7198614081332784
0.7204273365989109
0.7209528980213729
0.7214496325596091
0.7219264846796903
0.7223898984130703
0.7228441374870249
0.723291724772799
0.7237339165609855
0.7241711529795192
0.7246034494406215
0.7250307122482594
0.7254529740038944
0.7258705521755526
0.7262841385113167
0.7266948291141957
0.7271041058355349
0.7275137797226857
0.7279259068471123
0.7283426860657304
0.7287663471989361
0.7291990368151726
0.7296427073968387
0.7300990142607171
0.7305692233679667
0.7310541322229259
0.7315540055253553
0.7320685271405916
0.7325967702358466
0.7331371879570353
0.7336876275621255
0.7342453711933957
0.7348072061469637
0.7353695263028193
0.7359284641428708
0.7364800495356462
0.7370203875025455
0.7375458431008193
0.738053218210304
0.7385399033332681
0.7390039882882182
0.7394443192359698
0.7398604955075792
0.7402528072232556
0.7406221222483841
0.7409697371046672
0.7412972098856302
0.7416061935434024
0.7418982854042324
0.7421749043098046
0.7424372015134301
0.742686006457986
0.7429218045907517
0.7431447417941919
0.7433546488357987
0.743551079223309
0.7437333546394217
0.743900613362459
0.7440518584575974
0.7441860038373679
0.7443019174176153
0.7443984614841603
0.7444745310329939
0.7445290912777611
0.7445612157686965
0.7445701266724639
0.7445552387492638
0.7445162084455799
0.744452989295779
0.7443658944753268
0.7442556668400672
0.7441235560771732
0.7439714016384179
0.7438017188884807
0.7436177843684544
0.7434237142828791
0.7432245283747744
0.7430261894614333
0.7428356073814834
0.7426605953786017
0.7425097675213648
0.7423923681273162
0.7423180286818782
0.7422964544783696
0.742337051752406
0.7424485154818968
0.7426384067891522
0.7429127552242185
0.7432757234246469
0.7437293686026983
0.7442735268658707
0.7449058335751217
0.745621877867251
0.7464154747501072
0.7472790263519137
0.748203936771468
0.7491810432320848
0.7502010294504422
0.7512547939936051
0.7523337552027701
0.7534300833388571
0.7545368586488916
0.7556481602780133
0.7567590950846106
0.757865777575393
0.758965272723444
0.7600555128215337
0.761135198199726
0.7622036899711468
0.763260901234788
0.7643071915354304
0.7653432679542491
0.7663700950172821
0.7673888146625442
0.7684006767786906
0.7694069802877553
0.7704090243585745
0.7714080690752009
0.772405304718967
0.773401828731461
0.7743986293900859
0.7753965752332906
0.7763964093070416
0.7773987473580958
0.7784040791655817
0.7794127722744469
0.7804250774680159
0.7814411353890878
0.7824609837875274
0.783484564935949
0.7845117328132286
0.7855422597081926
0.786575841943008
0.787612104458014
0.7886506040371921
0.7896908309864864
0.7907322091056727
0.7917740938182162
0.7928157683419321
0.7938564377953745
0.7948952211394903
0.795931140849644
0.796963110197833
0.7979899179966723
0.7990102106132813
0.8000224709999956
0.8010249944072294
0.8020158603389645
0.8029929001802716
0.8039536597659954
0.8048953559674022
0.8058148261471052
0.8067084690714572
0.8075721755771742
0.8084012469760207
0.8091902988732087
0.80993314782389
0.8106226781587748
0.8112506865628488
0.8118077029330961
0.8122827882845786
0.8126633150987962
0.8129347443928407
0.8130804301559912
0.8130815110781529
0.8129170005532871
0.8125642725925686
0.81200028315097
0.8112040861204609
0.8101615117656847
0.8088732252978513
0.8073675541626133
0.8057188499516146
0.8040694699661138
0.8026470394798031
0.8017585234541224
0.8017358638253601
0.8028220452461197
0.8050334660723453
0.8080824975729107
0.8114223685736751
0.8143777208303175
0.8162530213565699
0.8163480552214799
0.813935803050878
0.8085432621643162
0.8015538583029906
0.7990708469155667
0.8063804284665358
0.8160054859619404
0.817330749786737
0.8054000679125384
0.8033019701076467
0.8196770910846616
0.8037740471700422
0.8198371467104766
0.8034467657604538
0.8035594823964791
0.8095629651804871
0.8057711128292523
0.8130390692090554
0.8171379588056019
0.8221653648837852
0.8273600784035442
0.8257006983337362
0.8176819418937901
0.8169970760044677
0.8153730810834235
0.8246617859631037
0.8302302396449871
0.8303168458529373
0.8359944812900063
0.823061644335816
0.8381112766608916
0.826717857745938
0.8328225601082618
0.8410702308802822
0.8376949599738459
0.8311233596140548
0.8318620508559712
0.838216291440867
0.8435340698683161
0.8458836323849257
0.8456756150394968
0.8437228570811182
0.8409241423778567
0.838229812355717
0.8364533879675321
0.8360052988448666
0.8368065048049977
0.8384599998969138
0.8405042350091321
0.8425733194627469
0.8444374778923895
0.8459789055735941
0.8471528804191664
0.8479561050591767
0.8484064208404124
0.8485316031040134
0.8483640417593621
0.847938855906889
0.8472938588713723
0.8464703951150131
0.845514412502153
0.8444772976216641
0.8434160743536558
0.8423926196433975
0.8414716457164965
0.8407173762572446
0.8401891134380768
0.8399362117931105
0.8399932514295042
0.8403763207022489
0.8410811915024844
0.8420837995271954
0.8433429333432424
0.8448045606060164
0.8464069326632679
0.8480855788136777
0.8497774924053358
0.8514241177116185
0.8529730549499346
0.8543786333298541
0.8556016321848463
0.8566084718336698
0.8573701822054128
0.8578614238960691
0.858059811241637
0.8579457880229869
0.8575033410541142
0.8567219004228483
0.855599842877816
0.8541500253048481
0.8524076047310797
0.8504398442651491
0.8483564063461679
0.8463166736275872
0.8445283521214766
0.8432305521551933
0.8426573281757214
0.8429861063356648
0.8442869486430069
0.8464947891070744
0.8494194526814013
0.8527896418083116
0.8563106054498743
0.8597126494994518
0.8627778434189673
0.8653450623459387
0.8673009362083968
0.8685654228848724
0.8690787215617082
0.868794239807581
0.8676818855901223
0.8657471355624938
0.8630724813258355
0.8598839235670264
0.8566259379101125
0.8539855869923826
0.8527665428055928
0.8535696237547936
0.8564427549287631
0.8608053647285944
0.8657356988046067
0.8703584876691776
0.8740549573040431
0.8764625232841909
0.8773817431639299
0.8766983643540951
0.8743846955959041
0.8706349811818253
0.8661678878981924
0.8625213423212219
0.8616941509240731
0.8646918989113888
0.8704103946181999
0.8765643419204394
0.8813029263874104
0.8836783244623124
0.8832983267760219
0.8800933737724725
0.8747345724994076
0.8697549769913175
0.8693225426019107
0.8747716485859579
0.8822707885071239
0.8875784370588763
0.8887938000513383
0.8854509779704888
0.878777769928475
0.8744669801938253
0.878938065140079
0.8876700226713284
0.8926659890870537
0.8909819794991239
0.8834771038087041
0.8792317269226233
0.8870564260121861
0.8952097870197785
0.8944119880242715
0.8855376537612325
0.8850438741896558
0.8960251390953216
0.897738171247531
0.8878928600126794
0.8909011303411631
0.9008375935200887
0.8937900491254515
0.8916432335820027
0.9027837351649938
0.8930353322192126
0.8994437112580406
0.901006202547693
0.8963991869355118
0.9040000328307053
0.8982832649067788
0.902767492996457
0.9054312465794218
0.8969925192286252
0.9061009995503737
0.9095001862762784
0.9067723875788861
0.9045370867343101
0.9053429308975868
0.9094117516082493
0.9125896239595238
0.9040943635176494
0.9137538186758257
0.9085118547611315
0.908831821156716
0.9156408145083801
0.908877559885755
0.9135564498908034
0.9083952659121424
0.917220775917576
0.91572031422453
0.9188902524246451
0.9135581982060901
0.9201574769288234
0.9136221178072281
0.9131736775650086
0.9136720561986297
0.917904518368469
0.9185444004056914
0.9220421916247057
0.9192580926506624
0.9173904521260976
0.9230204235627067
0.9210578556608346
0.9209935460124891
0.9192616530421975
0.920874383141566
0.9263835400426211
0.9264110443488431
0.9276410932000979
0.9257209732897111
0.9288531662571454
0.9230110770202627
0.924609336296294
0.9242016528763409
0.9308670448033121
0.925097119482674
0.930005274036867
0.9323698744803864
0.9329571487648849
0.9332322551749361
0.9321023984505604
0.9288604854642281
0.9305365036724874
0.935205794688526
0.9307370231143274
0.9342583676967526
0.9338189126450139
0.934462394235589
0.9343056503094896
0.9367951810127105
0.9331033996178694
0.9387669629310182
0.9353597678632464
0.9361430615492757
0.9402024948567723
0.9370320683650163
0.9367586418381759
0.9412554039019033
0.9409405803410602
0.9378193861291763
0.9396538588307792
0.9432691006228989
0.9434546417253802
0.9410434376962453
0.9405608391646458
0.9435743357535056
0.9460866799772218
0.9462740971028414
0.9447345246324936
0.943654569385578
0.9450355204000618
0.9476903608119229
0.949599657657833
0.9501437297116295
0.949577945863093
0.948716253033776
0.9487509576097272
0.9501981800350726
0.9523097831472138
0.9541473494840861
0.9553271295836131
0.9558683264081249
0.9559783256140957
0.956006274142217
0.9563888024689703
0.9574118697731528
0.9589711273934824
0.9607031561695569
0.962311086436163
0.9636903684858672
0.9648725691917752
0.9659511524687991
0.9670410679463329
0.9682535778348929
0.9696619973004943
0.9712599826563493
0.9729525359135801
0.9746130422136023
0.9761642768867885
0.9776106837596814
0.9790150628661013
0.9804609854340938
0.9820258741505486
0.9837630046445426
0.9856827998636237
0.9877294793021137
0.9897625274107007
0.9915669076109359
0.9929088063131226
0.9936057145883299
0.9935408276839099
0.9925980009352091
0.9905599442849965
0.9869990134170425
0.9811813178056896
0.9721691141040107
0.9598695100692793
0.948709886931907
0.9527580784829736
0.9802884908268086
0.9943175809381328
0.9455350448251082
0.9942331594459993
0.9537590959885734
0.9627321559688271
0.946505212703914
0.9938225104141487
0.9722829401298111
0.9936732760724102
0.9546424079178246
0.9954704129383866
0.9798276112598253
0.9465680520940953
0.9453066870999101
0.9628356689502721
0.9771579388539069
0.9862695654526882
0.9927862074802255
0.9964490683887709
0.9963479080298653
0.9954760566655677
0.9970654471443964
0.9969952960251705
0.994430934450727
0.9959974877796555
0.9931796275575713
0.9913130041457602
0.9901001426101761
0.9910215249885387
0.9886005079521798
0.9876712907914988
0.9847964150679526
0.9843465842287228
0.9822498961693341
0.980824557932694
0.979254138305907
0.9778115020602756
0.9770707063757247
0.9758657983890107
0.9724088337406596
0.9708989878956568
0.9720384549871702
0.9692823072984629
0.9691128580101823
0.9643706070934436
0.9681878340356159
0.9655860386852659
0.9591642368139791
0.959942194995853
0.9634870958134456
0.9638618338065854
0.9608674743710127
0.955249757762541
0.9497160982206462
0.948152530296081
0.9505437393272074
0.9538457687588716
0.9561740734846518
0.9570812933858911
0.9565978344519235
0.9547929821622209
0.9516979123729269
0.9473685232541643
0.9420172017070765
0.9361631684019281
0.9306811938126737
0.9265938472311065
0.9246311386832087
0.9248822808827875
0.9268420722498302
0.9297571723571387
0.9329526422095205
0.9359712813277689
0.9385640020847534
0.9406248315343873
0.9421279857599355
0.9430845053071657
0.9435170417896268
0.9434468280928457
0.9428877091202635
0.9418439484783655
0.9403100006976154
0.9382713867883964
0.935706376010291
0.9325885101800918
0.9288902036023409
0.9245877497548705
0.9196680561112578
0.9141372649354852
0.9080310342710584
0.9014255983349134
0.8944478269750662
0.8872815479081629
0.8801667896940216
0.8733889162056511
0.867256331683146
0.8620685098570735
0.8580796793389432
0.855466028870934
0.8543043066820114
0.8545667787715975
0.8561327945103686
0.8588127272537118
0.8623775732586036
0.86658756542009
0.8712151206942828
