7.179861720135345
5.721895215161393
5.022228398657583
4.670298655386273
4.761849310072874
4.6749839163501825
4.3935239171859655
4.347757200423429
4.17234954817612
3.8274820030361836
4.05459373546884
3.66987463190666
3.5758402809848158
3.356375783429102
3.2043292434547888
3.12570743381188
3.0385397673868537
2.942064839966059
2.862680825413026
2.710683594589139
2.6327587059375066
2.555381125252589
2.478972898465748
2.3866421795699666
2.301639643113043
2.2674649638708035
2.160623604245733
2.094848062165875
2.0235535807698737
1.9612622568516564
1.9095358607159167
1.876710403744316
1.8490935198974996
1.834643421185231
1.761874143507832
1.7229133101360978
1.6902068256433096
1.6780796912719065
1.6595965469086924
1.6219733061426809
1.5943596744329422
1.5834517057690554
1.5703329884217947
1.553362971880979
1.5440500169135931
1.5213394961659805
1.5066831570521249
1.495163378136383
1.4897140532627893
1.1874817620576268
1.1323539585661961
1.1275482221091147
1.124031241274823
1.1048566877067314
1.10073733908026
1.0933274051673343
1.0841428109963072
1.0768299071467244
1.0712135083416667
1.0605522644445513
1.0572404751383682
1.0542200378150692
1.044666937226833
1.0383634150433434
1.0308428084020618
1.0294918691458719
1.0147566606200287
1.007444215935394
1.0107125507897128
0.9983072533559871
0.9874299461320921
0.9810744223978751
0.9777756915873681
0.9662793583851694
0.9612617571356988
0.9476989627021434
0.9412101793694896
0.9375878648281283
0.9306660447310288
0.9257663243967098
0.9217552212114422
0.9179550201773731
0.9104049965565517
0.9008021011703912
0.8984984873294349
0.89580683483353
0.8883282282206082
0.881596870174133
0.8800828913564605
0.8753147426698918
0.8701082113742891
0.8674024020566572
0.8656551188359556
0.863347726635465
0.8620066284628434
0.8605366793911159
0.8580181861606502
0.8567720287903688
0.8527467665890137
0.8506170171656698
0.8099323397329166
