0.4877522383907506	0.6721549288890097	688
0.35387591384627015	0.7386201274229537	688
0.44373752057050575	0.6926466797128338	686
0.6334700382960299	0.6121936592379494	687
0.41214210044975047	0.7081440314551289	689
0.40118742336546936	0.7136803994415897	690
0.3796780595269118	0.7248067714745696	691
0.5577148999311492	0.6419659977857308	686
0.5973155894050789	0.6260503601373167	685
0.44695923124291415	0.6911044751005295	688
0.41732484982182005	0.705554552384879	690
0.3707120271818533	0.7295478409538528	691
0.4029078461690413	0.712805194390157	690
0.37138199826808505	0.7291914297131634	684
0.437876314232655	0.6954701110948236	689
0.37871756729184863	0.7253117126550103	691
0.56921988957584	0.6372593201519386	680
0.312798902752898	0.7617312887015912	688
0.41756610925086013	0.7054344721379301	690
0.38326884557349583	0.7229252673477261	691
0.43020893039718894	0.6991985427767439	690
0.36556938492329827	0.732295268948321	691
0.5086754308367047	0.6628330915718594	689
0.6334700382960299	0.6121936592379494	687
0.4454355900031286	0.691832971954036	690
0.49282800257927867	0.6698695350517406	686
0.3650921824431548	0.7325512612710622	691
0.4260598062637201	0.7012328624701948	688
0.5423310611982975	0.6483692283439204	690
0.42357950009941264	0.7024546222604127	688
0.4224771864774521	0.7029989721496677	690
0.6334700382960299	0.6121936592379494	687
0.3644861115904801	0.7328766423531965	691
0.4480651558509998	0.6905766608356234	688
0.3926947292217446	0.7180324438786471	691
0.4299245432761038	0.6993376012057932	689
0.3708554634786011	0.7294715063997044	691
0.38368432047666373	0.7227081966611512	691
0.6988322363055844	0.5886396423549624	690
0.6901831080892288	0.5916518720451013	690
0.4344870479901962	0.6971133001173214	687
0.3755233784008724	0.7269960043591257	691
0.3660039611417813	0.7320622988268239	691
0.4078220507603866	0.7103170457231328	690
0.3732496251548269	0.7281997254412176	691
0.3766017565983883	0.7264265029495682	690
0.36197230301808514	0.7342293215390897	691
0.36568899779121183	0.7322311314049856	691
0.36568608369979894	0.7322326938346522	691
0.3687754671218952	0.7305800140491163	691
0.4344988127497399	0.6971075828798599	687
0.37603429096066454	0.7267260754830899	691
0.40369005863637475	0.712407980556233	690
0.43881299002934526	0.6950173559244864	688
0.3959560385461545	0.7163549369659731	690
0.3967457731160049	0.7159499024429453	689
0.41036494218289543	0.7090363423613237	690
0.45539697518909694	0.687097758925926	685
0.42681700679674855	0.7008607237202991	690
0.521335682415665	0.6573171270210018	686
0.5139422136740275	0.6605271924964725	690
0.45025759930669046	0.6895326736974587	686
0.3677385376227278	0.7311338918168558	691
0.391659585128377	0.7185665306992102	690
0.3712415897031846	0.729266095419741	691
0.37184403750191974	0.7289458368904422	691
0.3720277310313116	0.7288482421913808	691
0.3635799422432718	0.7333636767602096	691
0.36610119633330607	0.7320101927178289	691
0.402906511205825	0.7128058726739253	690
0.36408436027349605	0.733092489821892	691
0.35380652114162336	0.7386579872260705	691
0.36948437249640803	0.730201833685125	691
0.373718073416885	0.7279514038223824	691
0.37226771168862066	0.7287207820181582	691
0.3655891965866829	0.732284644971943	691
0.36525000629998805	0.7324665778322426	691
0.3468659939017802	0.7424643613601583	687
0.46728103994027936	0.6815326939961697	688
0.3665522862818915	0.7317685609533426	691
0.3667268560063677	0.7316750933848196	691
0.35267367394363763	0.739276604004986	691
0.3481465637592073	0.7417591134984418	688
0.5097477744355968	0.6623622945056762	685
0.36498845954424497	0.7326069264599419	691
0.46090157953621713	0.6845088088120649	689
0.367289169328277	0.7313741836273602	691
0.36467116211591427	0.7327772636812419	691
0.36813929477584034	0.7309197271202145	691
0.36707300792872655	0.7314898284145889	691
0.44630940226856625	0.6914149893732829	690
0.3641925493338163	0.7330343509707157	691
0.37575803374055794	0.7268720047238926	691
0.3611902279754584	0.7346511747203268	691
0.3963950509713639	0.716129722247567	690
0.3337996439404976	0.7497377919862537	688
0.3765005616882656	0.7264799069704039	690
0.36384520256479813	0.7332210415958028	687
0.36813929477584034	0.7309197271202145	691
0.37381006052325005	0.7279026619000918	691
0.312798902752898	0.7617312887015912	688
