0.6334700382960299	0.6121936592379494	687
0.4326525076731025	0.6980059677026555	686
0.46226319508993857	0.6838714147752953	683
0.47850906996027837	0.6763570277095873	688
0.6174029473141048	0.6182751191721408	689
0.6901831080892288	0.5916518720451013	690
0.6901831080892288	0.5916518720451013	690
0.4118451569854541	0.7082929704098584	688
0.6901831080892288	0.5916518720451013	690
0.6901831080892288	0.5916518720451013	690
0.47396451478963675	0.6784423844441868	686
0.6901831080892288	0.5916518720451013	690
0.6901831080892288	0.5916518720451013	690
0.3962969227507254	0.7161800500354791	691
0.6901831080892288	0.5916518720451013	690
0.3796033396449395	0.7248460273061996	691
0.6901831080892288	0.5916518720451013	690
0.6615096198874771	0.6018622992190219	689
0.6901831080892288	0.5916518720451013	690
0.6901831080892288	0.5916518720451013	690
0.6901831080892288	0.5916518720451013	690
0.5428478950609471	0.6481520331338281	686
0.47190251692933344	0.6793928188166896	689
0.6193497716175294	0.6175318127850317	683
0.5966877616603729	0.6262965271056592	686
0.6334700382960299	0.6121936592379494	687
0.5326066373935051	0.6524831457735913	689
0.40624437837923283	0.7111139538581126	690
0.6901831080892288	0.5916518720451013	690
0.6419223469374887	0.6090422009696126	682
0.6901831080892288	0.5916518720451013	690
0.40331804970125823	0.7125968344901445	690
0.6403800086616249	0.6096148421217918	688
0.6901831080892288	0.5916518720451013	690
0.6901831080892288	0.5916518720451013	690
0.6901831080892288	0.5916518720451013	690
0.46536430858818867	0.6824241549621569	688
0.6334700382960299	0.6121936592379494	687
0.5830713115729956	0.6316834830430756	683
0.3890291232116187	0.719927309866526	690
0.48172688188363	0.6748882079595939	686
0.6846554304137434	0.5935931953482052	690
0.6901831080892288	0.5916518720451013	690
0.6901831080892288	0.5916518720451013	690
0.38464391467530734	0.7222073411087033	691
0.6901831080892288	0.5916518720451013	690
0.6901831080892288	0.5916518720451013	690
0.5389851616023112	0.6497788444944147	689
0.6901831080892288	0.5916518720451013	690
0.6859612524563138	0.5931334415563099	682
0.6576476561550432	0.6032645093707827	689
0.6901831080892288	0.5916518720451013	690
0.35848573372657266	0.736113729554464	691
0.540353173277723	0.6492017657691427	689
0.4489086474048442	0.6901746371595688	688
0.5607059976478903	0.640735668029136	686
0.6334700382960299	0.6121936592379494	687
0.6901831080892288	0.5916518720451013	690
0.6334700382960299	0.6121936592379494	687
0.6895717995206819	0.5918659392182635	690
0.38774681948017187	0.7205925360179058	691
0.4877013558299942	0.6721779180217902	689
0.40242064316812654	0.7130528239665372	691
0.6901831080892288	0.5916518720451013	690
0.35471460850890096	0.7381628526916632	691
0.405001953408595	0.7117427826872105	691
0.556029480266741	0.6426613458689586	684
0.41585622631655317	0.7062864021169496	690
0.4427454369601975	0.6931229684614058	690
0.3876394358878858	0.7206482996500791	691
0.3920549588170001	0.7183624422772953	690
0.41721265625383935	0.7056104075751976	691
0.5431240509858881	0.6480360404992126	686
0.4505074539280613	0.6894138994542496	688
0.503682568237163	0.6650339779973286	685
0.5687232187107225	0.6374610817718783	688
0.39978812890545756	0.7143938281445025	690
0.4888654360515078	0.6716523708495874	689
0.575999584732176	0.6345179336896457	687
0.5392148796144413	0.6496818691425921	685
0.3944182691314143	0.7171449357321614	690
0.60884384150717	0.621564364545907	685
0.6235907716748146	0.6159187508613703	689
0.6901831080892288	0.5916518720451013	690
0.5813209822833827	0.6323826795468358	685
0.5260008458691856	0.6553076315173443	685
0.6334700382960299	0.6121936592379494	687
0.5906237140232315	0.6286842017906661	681
0.4184166070215728	0.7050114860822346	688
0.46508938144936357	0.6825522133064221	685
0.3966378309242121	0.7160052361880096	690
0.34136800929138045	0.7455075662109172	691
0.6901831080892288	0.5916518720451013	690
0.3894156991221131	0.7197270051229728	691
0.47480522696609456	0.6780556386128064	688
0.5678684758841932	0.6378086015385022	686
0.4524019616025489	0.688514630548021	690
0.41767050488999746	0.7053825247479447	691
0.3765375892376059	0.7264603653532259	690
0.3665846642697815	0.7317512234299354	691
0.34136800929138045	0.7455075662109172	691
