0.6334700382960299	0.6121936592379494	687
0.47361057326078543	0.678605337220955	684
0.672535726412528	0.5978945526891255	685
0.4391211918269653	0.6948685111991849	685
0.6334700382960299	0.6121936592379494	687
0.5963666833748099	0.6264224945398781	689
0.6334700382960299	0.6121936592379494	687
0.5225396395705653	0.6567973496453935	686
0.6901831080892288	0.5916518720451013	690
0.6901831080892288	0.5916518720451013	690
1.2965749607599735	0.4354310297230986	660
0.6901831080892288	0.5916518720451013	690
0.6901831080892288	0.5916518720451013	690
6.471490792629757	0.13384209761543825	476
0.6901831080892288	0.5916518720451013	690
6.434161308406468	0.13451416488221893	464
5.5652838606693855	0.152316338672071	630
4.716866896641656	0.1749209869810761	614
2.784303028843636	0.26424945158410545	652
5.853563455916264	0.1459094975091769	600
3.2262822594476415	0.23661457957867113	628
3.317808326300455	0.23159897902573431	630
1.388812343764355	0.4186180645835801	666
0.9498107213954539	0.512870295063468	680
0.8883887800512232	0.529551970740302	684
0.5343589516750563	0.6517379775497136	688
0.6550681203361256	0.6042047379880119	686
0.5784632803756541	0.6335275659767092	683
0.49414551646830945	0.6692788546885887	688
0.36672507138596255	0.7316760487798211	691
0.37603429096066454	0.7267260754830899	691
0.39359818131777785	0.7175669525159729	690
0.5639159416883581	0.6394205553787176	686
0.43276362238823324	0.6979518354417237	689
0.4529753847610539	0.6882429052054814	689
0.37135248154127676	0.7292071246891171	691
0.4468870951220101	0.6911389308615501	690
0.5773723301737596	0.6339657295052478	688
0.4177210114941808	0.7053573953496454	689
0.3679397935827977	0.7310263249092861	691
0.5428862244974063	0.6481359312970398	686
0.31145917127698086	0.7625094413166443	688
0.3723683819525632	0.7286673266089321	691
0.41863212286577867	0.704904382102881	690
0.4083852386078898	0.7100330027517501	690
0.45616810566303284	0.6867338984496387	689
0.6059611430197654	0.6226800718974135	688
0.36858963958254815	0.7306792124372821	691
0.6901831080892288	0.5916518720451013	690
0.43265643310875224	0.698004055187243	689
0.3996285725042812	0.7144752683997819	690
0.6901831080892288	0.5916518720451013	690
0.5752295807021838	0.634828098869394	686
0.4511408775881194	0.6891129699702611	688
0.36017936376618753	0.7351971560802906	691
0.535873295299962	0.6510953755496454	685
0.6347041414636856	0.6117314898979931	687
0.5533308966575536	0.6437778339127824	686
0.5756571659511698	0.6346558259050816	686
0.3644831190280911	0.7328782496864388	691
0.6901831080892288	0.5916518720451013	690
0.7214434437593384	0.58090784430081	685
0.3686584808267906	0.7306424604886909	691
0.6901831080892288	0.5916518720451013	690
0.5244921763711391	0.6559561377221191	685
0.46114465691865014	0.6843949332907668	689
0.4457547208344619	0.6916802591679031	689
0.6888946140298252	0.5921032559953089	690
0.6901831080892288	0.5916518720451013	690
0.6876951582126704	0.592524067592299	690
0.5417583746661508	0.6486100652552239	689
0.5576862463770657	0.6419778067154688	683
0.6233764636533845	0.6160000606079473	683
0.5208514642015266	0.6575264077646251	685
0.4951657860771549	0.6688221529089999	689
0.36609293530282244	0.7320146193262683	691
0.6385703697335431	0.6102881014274751	687
0.3749856027699277	0.7272803424163031	690
0.3778501525775371	0.7257683269325806	691
0.6684803493123757	0.5993477839952542	683
0.4119240198991499	0.7082534087573831	691
0.6901831080892288	0.5916518720451013	690
0.6901831080892288	0.5916518720451013	690
0.6712934971858343	0.5983389522449678	682
0.3808069583156358	0.7242141951687732	691
0.3987014144981454	0.7149488730293452	690
0.5612656208446166	0.6405060014445318	686
0.46321922625673456	0.6834245901471919	690
0.5209549537326404	0.6574816680440517	689
0.40213893085127034	0.713196087774895	691
0.44672694196155255	0.6912154401743184	690
0.6901831080892288	0.5916518720451013	690
0.6901831080892288	0.5916518720451013	690
0.5996604310573906	0.6251326722753219	684
0.5259069947791339	0.6553479362906677	690
0.4829238962702572	0.6743434390093299	688
0.6087612303594977	0.6215962823622606	686
0.6036518790542045	0.6235767332432374	682
0.6901831080892288	0.5916518720451013	690
0.5664939622974244	0.6383682440329341	686
0.31145917127698086	0.7625094413166443	688
