8.559432172853617	0.10460872381518103	378
6.358079148493183	0.13590503442801155	445
5.894540539885453	0.14504229748377317	518
7.218992513359088	0.12166941366287994	583
7.083980237587548	0.12370144045508252	583
7.0750951421599835	0.12383755019541638	583
6.951448813969992	0.12576324433392422	420
6.406316464263664	0.13501988536745843	451
6.125128777700339	0.14034834052820497	462
6.317965907559386	0.1366499943607294	414
5.829188502836493	0.14643028224871105	472
5.829188502836493	0.14643028224871105	472
5.782286058711095	0.14744291103965024	473
5.484722572510252	0.15420860165077155	482
5.430216723178327	0.1555157536752074	485
5.430216723178327	0.1555157536752074	485
5.423760283127903	0.1556720605883308	482
5.295728257168925	0.15883785944244072	488
5.206219991615513	0.1611286743542738	492
3.4739376936928648	0.2235167470950144	635
5.1724356675709835	0.16201059903367554	494
5.1724356675709835	0.16201059903367554	494
5.204405703581106	0.1611757914900395	489
4.534205176059271	0.18069442100302968	505
4.361520300639779	0.18651426161357107	505
4.356655365136749	0.18668365460066724	505
4.351931273201158	0.1868484382464554	505
4.180511896649935	0.19303111737793072	499
3.996623829588459	0.20013513806628982	514
3.996623829588459	0.20013513806628982	514
3.965433955158414	0.20139226682516548	510
3.7094831051691046	0.2123375278493738	522
3.678131834402352	0.21376054275472411	523
3.644148739082716	0.21532471421178337	530
3.6421252295796327	0.2154185745847608	528
3.627212755181686	0.21611282059165557	527
3.6271155871229626	0.21611735889696626	526
3.549796809983961	0.21979003497598504	526
3.549796809983961	0.21979003497598504	526
3.549796809983961	0.21979003497598504	526
3.548849931661694	0.2198357859729833	526
3.5411374982385118	0.22020914371958475	528
3.525067296920752	0.22099118850243105	528
3.5251764567310517	0.22098585758187017	530
3.5250933695051785	0.220989915200214	530
3.5168509753122317	0.2213931797762874	531
3.509242275405925	0.2217667490287998	531
3.4645136868583526	0.22398856183229512	530
3.463966729182374	0.22401600654025514	530
3.463877834095997	0.22402046766643094	530
3.450550875729721	0.22469128607276914	530
3.3442557368828036	0.230189026743979	534
3.4374470699722517	0.225354800684136	530
3.4356228641090847	0.22544748068901807	531
3.4342042618262743	0.22551960643963195	529
3.433472283714174	0.22555684032882747	531
3.4284772281853453	0.2258112548565073	531
3.4284772281853453	0.2258112548565073	531
3.425723820007367	0.22595174047673303	531
3.4211457506328635	0.22618571212153665	531
3.4211457506328635	0.22618571212153665	531
3.420033404740951	0.22624263403244751	531
3.4160247454315487	0.226448006441657	531
3.4160247454315487	0.226448006441657	531
3.414630850755843	0.22651950611652766	531
3.4139557107463716	0.22655415358277495	533
3.4139557107463716	0.22655415358277495	533
3.4135260440328903	0.2265762091405363	531
3.4135260440328903	0.2265762091405363	531
3.4133031601051633	0.22658765186123564	531
3.411976736906887	0.2266557735073354	531
3.4106933132779282	0.22672172580886665	531
3.4106933132779282	0.22672172580886665	531
3.4106933132779282	0.22672172580886665	531
3.4106933132779282	0.22672172580886665	531
3.4103121883212353	0.22674131836926611	531
3.410417669728521	0.22673589552836027	531
3.410417669728521	0.22673589552836027	531
3.410417669728521	0.22673589552836027	531
3.410339563777253	0.22673991096131066	531
3.410303958578934	0.22674174147448442	531
3.409377615231495	0.2267893764747339	531
3.409377615231495	0.2267893764747339	531
3.409377615231495	0.2267893764747339	531
3.4092949995760238	0.22679362576016238	531
3.4092949995760238	0.22679362576016238	531
3.4092949995760238	0.22679362576016238	531
3.4092949995760238	0.22679362576016238	531
3.407506959484657	0.22688563153554817	531
3.407506959484657	0.22688563153554817	531
3.407506959484657	0.22688563153554817	531
3.407506959484657	0.22688563153554817	531
3.407506959484657	0.22688563153554817	531
3.407506959484657	0.22688563153554817	531
3.407506959484657	0.22688563153554817	531
3.407506959484657	0.22688563153554817	531
3.407506959484657	0.22688563153554817	531
3.407506959484657	0.22688563153554817	531
3.40630755282171	0.22694739030633942	531
3.40630755282171	0.22694739030633942	531
3.3442557368828036	0.230189026743979	534
