6.284136326573974	0.13728463542778593	570
5.192747136886583	0.16147922366207773	638
4.2960325082864514	0.188820593233774	586
8.720874326181658	0.10287140502440774	374
8.720874326181658	0.10287140502440774	374
8.717947774024216	0.10290238466530661	375
8.71988410608143	0.10288188512189471	374
8.716774767556876	0.10291480701383322	375
8.712393294547418	0.10296123413385705	374
8.710646752986285	0.10297975257852655	374
8.698375001147978	0.10311005708498917	374
4.434166368902345	0.18402086578037385	597
8.686224746383097	0.1032393967911396	374
8.692460614093898	0.10317297534806492	374
8.638926808754448	0.10374598955267106	374
8.516158305086718	0.10508442250960298	390
8.505044822614837	0.10520728925136201	395
8.301234892409639	0.10751260575260384	394
5.267118438566717	0.1595629649898078	543
8.17380816830965	0.10900598548097373	390
8.130952206646217	0.10951760313367123	390
8.208091705483639	0.10860013474936138	395
8.173260830339913	0.10901248950564782	387
8.080582118005065	0.11012509847988605	401
8.077232522557965	0.11016573581373895	402
8.098364251199115	0.10990986647607623	399
7.940978682710249	0.11184457937851534	411
8.001593817614316	0.11109143783439776	410
7.769049661607717	0.11403744289169188	428
7.769049661607717	0.11403744289169188	428
7.769049661607717	0.11403744289169188	428
7.685958633636008	0.1151283401382482	426
7.685958633636008	0.1151283401382482	426
7.651507205564747	0.11558679617775601	425
7.773982226630838	0.11397333322203396	422
7.771974957125007	0.11399941346022122	422
7.587891533589848	0.1164430170186357	425
7.587891533589848	0.1164430170186357	425
7.587891533589848	0.1164430170186357	425
4.849548604838079	0.17095336196931746	574
3.4917176658049542	0.2226319805478672	586
2.408868517084797	0.29335247017834	660
1.8140081315414902	0.35536500011896144	682
2.088689648272226	0.32376189059959043	666
1.310357039449475	0.4328335330535256	685
1.6967356886484581	0.37081869172769283	685
1.3142609017184244	0.4321033982199081	685
1.50728447990114	0.3988378694225512	681
1.4522168252364227	0.40779428218122116	677
1.3118560262395014	0.4325528876582399	685
1.3118560262395014	0.4325528876582399	685
1.2032307337268093	0.4538789263839288	669
1.2032307337268093	0.4538789263839288	669
1.2032307337268093	0.4538789263839288	669
1.2032307337268093	0.4538789263839288	669
1.2032307337268093	0.4538789263839288	669
1.2032307337268093	0.4538789263839288	669
1.2032307337268093	0.4538789263839288	669
1.2031999888518685	0.4538852601034734	669
1.2031999888518685	0.4538852601034734	669
1.2031999888518685	0.4538852601034734	669
1.2031999888518685	0.4538852601034734	669
1.1962596919724369	0.4553195615505336	670
1.1962596919724369	0.4553195615505336	670
1.2031999888518685	0.4538852601034734	669
1.2031999888518685	0.4538852601034734	669
1.2031999888518685	0.4538852601034734	669
1.2031999888518685	0.4538852601034734	669
1.2031999888518685	0.4538852601034734	669
1.2031999888518685	0.4538852601034734	669
1.1273675035611066	0.47006452732123155	675
1.2031464936974698	0.45389628100568663	669
1.163551160354546	0.46220307535326677	681
1.1389061461681307	0.46752869535276664	678
1.107588503302156	0.4744759228061865	676
1.107588503302156	0.4744759228061865	676
1.107588503302156	0.4744759228061865	676
1.107588503302156	0.4744759228061865	676
1.107588503302156	0.4744759228061865	676
1.107588503302156	0.4744759228061865	676
1.107588503302156	0.4744759228061865	676
1.107588503302156	0.4744759228061865	676
1.107588503302156	0.4744759228061865	676
1.107588503302156	0.4744759228061865	676
1.107588503302156	0.4744759228061865	676
1.107588503302156	0.4744759228061865	676
1.107588503302156	0.4744759228061865	676
1.107588503302156	0.4744759228061865	676
1.107588503302156	0.4744759228061865	676
1.107588503302156	0.4744759228061865	676
1.0924394495830545	0.4779110813453947	678
1.0924394495830545	0.4779110813453947	678
1.0924394495830545	0.4779110813453947	678
1.0924394495830545	0.4779110813453947	678
1.0924394495830545	0.4779110813453947	678
1.0924394495830545	0.4779110813453947	678
1.0691780779712197	0.4832836818861315	678
1.0691780779712197	0.4832836818861315	678
1.0924394495830545	0.4779110813453947	678
1.0924394495830545	0.4779110813453947	678
1.0691780779712197	0.4832836818861315	678
