2.3668658247072094	0.2970121329640341	591
8.548648109032243	0.10472686694298447	377
7.956898322569771	0.11164579120879156	403
8.21656758203133	0.10850026228306571	558
6.542683907286904	0.13257880249149923	431
8.04255049978642	0.11058826821300245	398
7.641376891269702	0.11572229895565489	394
6.116853772404867	0.14051152826512106	451
4.5593956817099155	0.179875665855183	508
5.778270796060609	0.14753025219664864	434
5.489733305060589	0.1540895369645184	458
4.566884325623614	0.17963369481150085	507
4.5593956817099155	0.179875665855183	508
2.653107850891513	0.2737395228438048	655
4.641110036784919	0.17727007512335952	504
3.6207060816849785	0.2164171410866587	592
3.483152904059207	0.22305730395556314	639
2.163510856720144	0.31610449443400274	662
2.212980485856652	0.3112374956530051	659
1.974096959876885	0.33623651598816595	672
1.670880861238167	0.3744083139434456	682
1.4185004025207628	0.41347936058134066	672
0.7442804604974216	0.5733023000870096	684
0.5675869000423978	0.6379231671130662	691
0.5675869000423978	0.6379231671130662	691
0.5675869000423978	0.6379231671130662	691
0.5675869000423978	0.6379231671130662	691
0.5675869000423978	0.6379231671130662	691
0.5675869000423978	0.6379231671130662	691
0.540444074535694	0.6491634565191278	690
0.540444074535694	0.6491634565191278	690
0.540444074535694	0.6491634565191278	690
0.540444074535694	0.6491634565191278	690
0.540444074535694	0.6491634565191278	690
0.540444074535694	0.6491634565191278	690
0.540444074535694	0.6491634565191278	690
0.540444074535694	0.6491634565191278	690
0.540444074535694	0.6491634565191278	690
0.540444074535694	0.6491634565191278	690
0.540444074535694	0.6491634565191278	690
0.540444074535694	0.6491634565191278	690
0.540444074535694	0.6491634565191278	690
0.540444074535694	0.6491634565191278	690
0.540444074535694	0.6491634565191278	690
0.540444074535694	0.6491634565191278	690
0.540444074535694	0.6491634565191278	690
0.540444074535694	0.6491634565191278	690
0.540444074535694	0.6491634565191278	690
0.540444074535694	0.6491634565191278	690
0.540444074535694	0.6491634565191278	690
0.540444074535694	0.6491634565191278	690
0.540444074535694	0.6491634565191278	690
0.540444074535694	0.6491634565191278	690
0.540444074535694	0.6491634565191278	690
0.540444074535694	0.6491634565191278	690
0.540444074535694	0.6491634565191278	690
0.540444074535694	0.6491634565191278	690
0.540444074535694	0.6491634565191278	690
0.540444074535694	0.6491634565191278	690
0.540444074535694	0.6491634565191278	690
0.540444074535694	0.6491634565191278	690
0.540444074535694	0.6491634565191278	690
0.540444074535694	0.6491634565191278	690
0.540444074535694	0.6491634565191278	690
0.540444074535694	0.6491634565191278	690
0.540444074535694	0.6491634565191278	690
0.540444074535694	0.6491634565191278	690
0.540444074535694	0.6491634565191278	690
0.540444074535694	0.6491634565191278	690
0.540444074535694	0.6491634565191278	690
0.540444074535694	0.6491634565191278	690
0.540444074535694	0.6491634565191278	690
0.540444074535694	0.6491634565191278	690
0.540444074535694	0.6491634565191278	690
0.540444074535694	0.6491634565191278	690
0.540444074535694	0.6491634565191278	690
0.540444074535694	0.6491634565191278	690
0.540444074535694	0.6491634565191278	690
0.540444074535694	0.6491634565191278	690
0.540444074535694	0.6491634565191278	690
0.540444074535694	0.6491634565191278	690
0.540444074535694	0.6491634565191278	690
0.540444074535694	0.6491634565191278	690
0.540444074535694	0.6491634565191278	690
0.540444074535694	0.6491634565191278	690
0.5208566999987123	0.6575241441227478	691
0.4727612849441775	0.6789966644444373	689
0.5208566999987123	0.6575241441227478	691
0.5208566999987123	0.6575241441227478	691
0.5208566999987123	0.6575241441227478	691
0.5208566999987123	0.6575241441227478	691
0.540444074535694	0.6491634565191278	690
0.540444074535694	0.6491634565191278	690
0.540444074535694	0.6491634565191278	690
0.540444074535694	0.6491634565191278	690
0.540444074535694	0.6491634565191278	690
0.540444074535694	0.6491634565191278	690
0.540444074535694	0.6491634565191278	690
0.540444074535694	0.6491634565191278	690
0.540444074535694	0.6491634565191278	690
0.4727612849441775	0.6789966644444373	689
