3.5028583130863895	0.22208116055834123	582
5.711988487401026	0.14898714470042448	590
7.1340407001907185	0.12294012740513495	565
5.311040761125496	0.15845247049579542	519
8.720722400773006	0.10287301280411819	371
8.635412876844452	0.10378382460425452	375
8.504235047847729	0.1052162530667267	380
8.459790090881311	0.10571059086860098	375
8.588355994558507	0.10429316564461213	371
8.410829551792798	0.10626055806201445	369
8.525422400682897	0.1049822210433742	376
8.250484454913572	0.10810244640418058	377
8.166817292896447	0.10908911654374527	381
8.148204056775407	0.10931107283941409	381
7.963125823822807	0.1115682206917292	384
8.021596257630216	0.11084512889326295	384
8.005881391133311	0.11103854876265018	383
6.695578367852523	0.12994474907531262	416
7.034119885521494	0.12446914089521206	405
7.13631227251633	0.122905803821948	396
7.123804782093919	0.1230950308166131	401
6.646733150806003	0.1307748002026977	415
7.215987705311421	0.12171391144530636	400
3.915305335357708	0.2034461608735901	529
5.935879702307917	0.14417781779970168	482
4.924059864398792	0.1688031557563414	500
5.978916417596139	0.14328871993346587	473
5.796832267208934	0.1471273617894711	505
3.915305335357708	0.2034461608735901	529
3.915305335357708	0.2034461608735901	529
3.915305335357708	0.2034461608735901	529
3.915305335357708	0.2034461608735901	529
3.915305335357708	0.2034461608735901	529
3.915305335357708	0.2034461608735901	529
3.915305335357708	0.2034461608735901	529
3.8597489441343003	0.2057719465543578	540
3.8597489441343003	0.2057719465543578	540
3.8597489441343003	0.2057719465543578	540
3.8597489441343003	0.2057719465543578	540
3.8597489441343003	0.2057719465543578	540
3.8597489441343003	0.2057719465543578	540
3.8597489441343003	0.2057719465543578	540
3.8597489441343003	0.2057719465543578	540
3.8597489441343003	0.2057719465543578	540
3.8597489441343003	0.2057719465543578	540
3.8597489441343003	0.2057719465543578	540
3.8597489441343003	0.2057719465543578	540
3.8597489441343003	0.2057719465543578	540
3.8597489441343003	0.2057719465543578	540
3.8597489441343003	0.2057719465543578	540
3.8154195793906522	0.20766622378657623	529
3.8154195793906522	0.20766622378657623	529
3.8154195793906522	0.20766622378657623	529
3.8154195793906522	0.20766622378657623	529
3.8154195793906522	0.20766622378657623	529
3.8154195793906522	0.20766622378657623	529
3.8154195793906522	0.20766622378657623	529
3.8154195793906522	0.20766622378657623	529
3.8154195793906522	0.20766622378657623	529
3.8154195793906522	0.20766622378657623	529
3.8154195793906522	0.20766622378657623	529
3.8154195793906522	0.20766622378657623	529
3.8154195793906522	0.20766622378657623	529
3.8154195793906522	0.20766622378657623	529
3.8154195793906522	0.20766622378657623	529
3.8154195793906522	0.20766622378657623	529
3.8154195793906522	0.20766622378657623	529
3.8154195793906522	0.20766622378657623	529
3.8154195793906522	0.20766622378657623	529
3.8154195793906522	0.20766622378657623	529
3.8154195793906522	0.20766622378657623	529
3.8154195793906522	0.20766622378657623	529
3.8154195793906522	0.20766622378657623	529
3.8154195793906522	0.20766622378657623	529
3.8154195793906522	0.20766622378657623	529
3.8154195793906522	0.20766622378657623	529
3.8154195793906522	0.20766622378657623	529
3.8154195793906522	0.20766622378657623	529
3.8154195793906522	0.20766622378657623	529
3.8154195793906522	0.20766622378657623	529
3.8154195793906522	0.20766622378657623	529
3.8154195793906522	0.20766622378657623	529
3.8154195793906522	0.20766622378657623	529
3.8154195793906522	0.20766622378657623	529
3.813202404589788	0.2077618840725287	539
3.8154195793906522	0.20766622378657623	529
3.8154195793906522	0.20766622378657623	529
3.8154195793906522	0.20766622378657623	529
3.8154195793906522	0.20766622378657623	529
3.8154195793906522	0.20766622378657623	529
3.8154195793906522	0.20766622378657623	529
3.8154195793906522	0.20766622378657623	529
3.8154195793906522	0.20766622378657623	529
3.8154195793906522	0.20766622378657623	529
3.8154195793906522	0.20766622378657623	529
3.8154195793906522	0.20766622378657623	529
3.8154195793906522	0.20766622378657623	529
3.8154195793906522	0.20766622378657623	529
3.8154195793906522	0.20766622378657623	529
3.8154195793906522	0.20766622378657623	529
3.5028583130863895	0.22208116055834123	582
