0.8036014080559637
0.8108983295041761
0.8160898971713291
0.821161760114272
0.8204534436994542
0.8081002736416338
0.8011170584443154
0.8079267749956471
0.8151322380580259
0.8130393316833416
0.8170206312268739
0.8159148715970665
0.7972757544304713
0.7732423948185811
0.7620609008672762
0.7594623432549462
0.7612094583547802
0.7643208876147369
0.783059146953867
0.7956403020159228
0.7846891001183304
0.7772579591379704
0.7756379725789567
0.7678920364761908
0.7665671305823951
0.7845352436231979
0.8107857030605878
0.8320356942845151
0.8509110820585852
