0.024279630547286973
0.01976529056897244
0.018900376635643024
0.018962416834777125
0.034647649464161615
0.05619750953011382
0.07135722478666778
0.08006110575028287
0.08085668070073572
0.08094061746602649
0.08768110711900196
0.09701998807130152
0.10291381085776836
0.11092065120370624
0.11150090999192838
0.09203122263621226
0.08419225582085589
0.0969324015917456
0.1055231502252415
0.11847131337461948
0.14527999623835403
0.1569289636306053
0.16004192401968156
0.15699465332907525
0.1504840774058154
0.13389378721012404
0.12032522163954651
0.12264260707816993
0.11246800775736934
0.10383711549089601
0.11498611157580928
0.11675243379103897
0.11370151381602607
0.13975111586294933
0.1651474708543673
0.17604830614274417
0.19574060844443347
0.19116057876764894
0.17259594919316895
0.1559326705152652
0.1286167175604502
0.11110677201603783
0.11294973221281585
0.12607306767651777
0.12987211997033432
0.1636147118681891
0.19231014763115634
0.21856411755723196
0.24153360427924325
0.2666489534099605
0.2834874046171176
0.2875747617703065
0.2901731530696306
0.30223450571952254
0.3033293333825675
0.30486209215381643
0.30855896061552146
0.31387617411310204
0.2937824350517797
0.28373921491298976
0.2633936655557952
0.24396777133239234
0.23349391908407033
0.23848998308797278
0.2588245843770183
0.2931474350630952
0.3320247693604641
0.3604355499783241
0.3875617328364009
0.3949481707611392
0.3995865911377219
0.39106518170203186
0.3816934559004973
0.3723217300989627
0.3611581362316352
0.3476114672272143
0.3379404884981583
0.32513100352946267
0.32184652032539834
0.3408673282898323
0.3597969004903037
0.3827882837784716
0.394247481288914
0.39730205076326275
0.377215610485683
0.35163678418126926
0.3312693380429887
0.3155147664307276
0.3288862629058953
0.3568116699988315
0.38465314032647696
0.41371716821477156
0.45641545115718435
0.461199848498192
0.4624041589920202
0.4613421759632809
0.4575212271033077
0.4465875471806251
0.46095168770165557
0.47523554074180185
0.5068176726634656
0.5587380551585815
0.612048868744928
0.6547617494697551
0.6983906362588966
0.7068427067117101
0.6758627301444251
0.6509517488928602
0.6133991564181105
0.5439797766616605
0.4823519213038469
0.4441059377107561
0.40485636221858257
0.36310692975986064
0.35257103731240447
0.3635448608680645
0.38144529488903156
0.3727669599909091
0.39075133077716695
0.4247895261032073
0.4500326051315286
0.4360772005837323
0.44091633934013147
0.4179176572682211
0.3785622484446002
0.33266706834782034
0.30180752289439694
0.2645468843484971
0.24508814549078853
0.25876984317655594
0.2746484951870852
0.2936145615211982
0.3285578146284747
0.3761061848252944
0.38243428922062916
0.3921454115826627
0.4173337491955924
0.4224611925964348
0.4143485187041202
0.4457700758789449
0.4763084718386901
0.5146712370463069
0.5562126521265405
0.5901669109022195
0.5821564210569455
0.575956046559215
0.5608766187835451
0.5410821326497444
0.4983400563600889
0.453247749782575
0.4031958733348003
0.356720434234869
0.3526622726465084
0.34737060499949113
0.3481187373182948
0.37454423048921703
0.39007983665484086
0.36855552265438113
0.36348282066893045
0.38465678982581286
0.3745880236215304
0.3594173600818981
0.36287336631587985
0.3864158128274415
0.3832809558722085
0.3765295179361548
0.3753106096599122
0.34848367994428625
0.31800732418367506
0.284381513900346
0.26461622311644434
0.2706925174308361
0.3113106276630129
0.3416118111093001
0.3869522786982796
0.4178373702171955
0.4288148432721914
0.41462952477975024
0.4001048095118807
0.3805986280225229
0.3829817031596164
0.38359115729773763
0.38844489383655106
0.4007069648662595
0.419829956662805
0.4252821990566613
0.4164615366934498
0.407046017759602
0.39315630291027553
0.3744566444395197
0.37551497796892314
0.40210469495616186
0.42782219944125793
0.4527514277596436
0.4775091330481119
0.48234097280583943
0.4789944494026409
0.4693636145214916
0.4564957388529979
0.4514850770666812
0.46616671758205386
0.48446493907824734
0.5140216394901373
0.5405055231459287
0.5562783420399399
0.5623984292717158
0.5794813919910027
0.6043011374786049
0.6264276068334433
0.651002840808916
0.6770706901375894
0.6795158054738168
0.6871759504755134
0.7065689998496812
0.7337061309908363
0.7440814486914535
0.7603724859596234
0.7743826321377405
0.7901627496005649
0.8023189872988259
0.8275073251266848
0.8599689685491629
0.8837887714220896
0.8931787442904449
0.9004192052507581
0.8968719632528139
0.8803619603230776
0.8569034505768065
0.836119970111408
0.8254709453338328
0.8252483301729303
0.8347222400215057
0.8416160054226485
0.8636001470974688
0.8770628793365989
0.8904489735941806
0.9064444072192357
0.9399534361029682
0.9651855668482112
0.9818232994606225
0.9960378135178921
1.005449682952404
1.001106866004007
0.9800971210932995
0.9617587559641286
0.94848214453733
0.9323188371667643
0.9184692659504154
0.9334246133278169
