0.6524770583515889
0.6696622057599363
0.6726069412125192
0.6721709818452205
0.6744027181168188
0.6669267107092025
0.6715273668770108
0.6695601772070445
0.6719240553101746
0.668013347839379
0.6722257228608046
0.6677821347929014
0.6724002091754456
0.6742126779686544
0.6680000648442337
0.6774903840712552
0.6773125196879507
0.6765816616789103
0.6686374774059773
0.6759947749103776
0.6759271699047484
0.6816286227775782
0.677407879098354
0.673966592853189
0.6740830932776805
0.6771716403962025
0.6742099460875031
0.6678352427640394
0.6727896708096713
0.6735104992771659
0.6780578640441791
0.6785453641872381
0.6712716421669628
0.6755800252161757
0.6711349178858732
0.681220185446386
0.6754953386780912
0.6704289647689723
0.678755286243614
0.6717528384184808
0.6756699786247518
0.6811173663084906
0.6780301097530985
0.683632384518851
0.6759583117309819
0.6807611487343748
0.6782826046996153
0.6773254942222735
0.6745674505592343
0.674385404016069
0.6802500378941254
0.6708977523142494
0.6758684021689334
0.6776577725405275
0.6730119486673698
0.6758182008174268
0.669236521501438
0.6757105902223911
0.676637448886624
0.6738154755592497
0.671716940909538
0.6706802666859918
0.6694209285304875
0.6747433004990541
0.6761734095054684
0.6789600796735643
0.6774178923135665
0.6755675885862757
0.6747374219094828
0.6782117325469563
0.6733629170482065
0.6797492147160844
0.6769012042478046
0.6678787997772726
0.6801525543217043
0.685348862871268
0.679670248857861
0.6797901768207668
0.6761826379106607
0.6741073976629286
0.6810761074895906
0.67714923470593
0.6819476794138429
0.6782517773453298
0.676108017304102
0.6768863420952222
0.6786379117885647
0.6774578422406272
0.6769663988072564
0.6772407129378364
0.6771428015890519
0.6819773180872026
0.678714777568315
0.6741973290289474
0.6780581438284277
0.6801279217312397
0.6757041783464682
0.6799773374108647
0.6726810777719407
0.6809537967083302
0.7044234515110661
