0.5365635605137129
0.4945860402804265
0.4883877824704837
0.4895357767526282
0.48416234033119593
0.5025022501234753
0.4919837494935549
0.4947012927536093
0.4912038917456124
0.4997993180384407
0.4896015091736081
0.500710829459482
0.48843371903976
0.4860318625897702
0.5009580997226069
0.4766755563069579
0.4771470953936342
0.47880868007880606
0.4977483959029566
0.48001922589805945
0.4818620547371026
0.46722482564516826
0.47667838641422283
0.4869523842402336
0.48597188231727284
0.4782276259438987
0.4844715535263144
0.5002777383709393
0.487144202451374
0.4856389430044622
0.47540517979079705
0.47423737664543414
0.4910038254496616
0.481130523178609
0.4926126746786214
0.4685895226888575
0.48183842024281276
0.49471554143810675
0.4739187844384977
0.4913482781441763
0.482561255106887
0.4691476966166698
0.4769198666055803
0.46296363399677337
0.48083742749562414
0.46955438531854216
0.4749999088674267
0.47694898186714524
0.48387606144861933
0.4853291276681282
0.47024078420273296
0.49271147885811406
0.4804147152449185
0.47669258236221745
0.4871409857664424
0.4806756320695943
0.4970274366487971
0.4813100167089159
0.47840579309879316
0.4855083470249112
0.49168742665110104
0.49403533764419
0.49606103787844835
0.48509158788338985
0.47994699384949807
0.47320695583907624
0.47709438308262453
0.4819969340036467
0.48468030580847465
0.475211213130465
0.4879256652235916
0.4719207033137812
0.4783671241335715
0.5005266786667507
0.47052769591224697
0.4626664545652674
0.4716557353379579
0.4712741203742895
0.4800902497955886
0.48657557469139234
0.4685142522759942
0.4775277150168793
0.46652038830194487
0.47558709290628476
0.4817152833805968
0.4791278691812317
0.4743692883473435
0.4765956200381754
0.47770630786126916
0.47758991985967425
0.47722667501829996
0.4664238482512385
0.4741615087525939
0.48417162579138484
0.47614496706250586
0.4707063670461519
0.48121546273179944
0.47102838872048053
0.4900523677210403
0.4691607912066238
0.4220341636626802
