0.01924400192718069
0.023584748764185176
0.023313863542546016
0.02476502482711813
0.025783412530243265
0.027520537285670936
0.028193992580911636
0.029080614560441236
0.02992907118225164
0.029962907503823917
0.030851761471099297
0.03150397334848249
0.03198459446423192
0.03229678751538716
0.03264221558120165
0.033137946587632534
0.03356124577269727
0.034139337834953806
0.03430861748049087
0.034812056435274547
0.03574152354634371
0.036342551938217955
0.03671436764734305
0.037758092491544604
0.038035917539765006
0.03819066053248728
0.03852251448252708
0.03891387059842988
0.039233126624445676
0.039651419940346884
0.04081373881407509
0.04114498440683857
0.04140136886412421
0.041679374173008224
0.04235807766730178
0.0425992172636071
0.04297376036018243
0.04328971417165512
0.04393877723940366
0.04412493425605887
0.04471414759773372
0.0449155855958395
0.04582999768994994
0.04626628852094879
0.04646105039671507
0.04675790537016106
0.04732209097368993
0.047934257513571096
0.04838573559023963
0.04875717657685288
0.04897262713847434
0.049773755325596136
0.05011828973847443
0.050412441137566634
0.050766807192003806
0.05092633259507132
0.05128973485649622
0.05151230408504668
0.05171840250471421
0.051788483697751506
0.0518759269059962
0.052066002690975166
0.052180001403775135
0.05234564223621422
0.052505336737024524
0.05274857388872454
0.05290876064724408
0.052962321492905605
0.05305592985067561
0.05315840007210593
0.05350296793360282
0.05367969568859934
0.05387893445268645
0.05408018743570375
0.05411165932678412
0.05448604891027346
0.05455553610186327
0.05464122497007445
0.05471152964790573
0.054905077403121824
0.055109226661987754
0.05530835995893313
0.05541036343438379
0.055479817427398805
0.055681276488808364
0.05579546929374389
0.055861997022940736
0.055950933669605706
0.05605437471077449
0.05616105926768744
0.05624896790037539
0.056334164215994055
0.05638284097808164
0.056577744551097986
0.056659721159585244
0.056749812462944416
0.05695556633532163
0.05699511253001016
0.05714833858075811
0.05730084235955185
0.05730313335496712
