29.8
37.4
31.15
35.1
38.3
36.5
37.5
41.85
41.2
44.35
43.85
46.05
46.8
48.35
47.75
48.35
49.55
49.65
47.95
49.8
50.4
50.15
50.35
54.15
54.8
53.75
55.65
55.35
56.9
57.0
59.1
59.65
58.6
58.55
61.5
61.5
61.5
61.8
63.1
63.25
63.25
63.5
64.7
67.8
68.1
69.15
69.25
70.0
70.05
70.85
71.6
73.4
73.75
73.85
74.75
74.05
75.9
76.1
76.6
76.9
77.0
76.55
77.05
77.1
76.5
76.8
77.5
77.9
78.45
78.85
80.05
78.9
79.2
80.75
81.1
81.95
82.25
83.25
83.2
82.45
82.05
83.0
83.75
82.9
83.4
83.8
84.15
85.0
85.5
85.3
84.85
85.3
85.6
85.9
86.95
86.8
86.1
86.8
86.25
87.15
87.05
