0.8280658052899686
0.8450003080310639
0.8298586811977129
0.8410683857336785
0.8547764476519241
0.8356993254077472
0.8350405167982707
0.8365259558540628
0.8529859449054265
0.8626696134597406
0.8780473229661946
0.8558326292269621
0.8475143813862104
0.8388132816631424
0.8283168891323305
0.8198592412590621
0.8375601304752454
0.8240779266119586
0.8074906560129405
0.8227812460222991
0.8274604456927085
0.8383974675703564
0.8663744565746254
0.8722522995659697
0.8806980367605114
0.8908152107923546
0.8933090501288731
0.8957014207001183
0.8985743009768707
0.8934719829516757
0.8961375366510407
0.902322765943302
0.9036069115907146
0.9062310846855354
0.9108490004898793
0.9272292802584842
0.9421941308152466
0.9405610950081116
0.9383800608227825
0.9508024532548017
0.9513270570350445
0.9526203766797364
0.9565164201928601
0.9678470961612711
0.9666442391555916
0.9634417130325796
0.9616890483731276
0.9607999991694194
0.9496427901843938
0.9529025850422751
0.9428690336690436
0.921367909137336
0.9252097789224647
0.9353815652698994
0.948514632090448
0.9503158106423609
0.9624436479938703
0.958454494244333
0.9579621746505312
0.9570873765022305
0.9549506556213926
0.9555421524851677
0.9605936583996876
0.9610665688529981
0.950733678379569
0.9580164074646996
0.9563388677052493
0.9442084969257131
0.9494577451076074
0.9434704929340126
0.9326925517921382
0.9157049745768454
0.937178166299837
0.95087966942569
0.951899486497311
0.9263503508948493
0.9071745158595542
0.9226067613935459
