0.6616325645130609
0.6857625358566724
0.6865016283440661
0.6845283543007668
0.6893899136253491
0.690705056328053
0.6881939662798253
0.6861104389366464
0.6843214550483205
0.6865109536839459
0.6812163336102581
0.6860136953131258
0.685327171034644
0.688715716051173
0.6879508999851364
0.6843098703357405
0.6869176423856523
0.6890862743718642
0.6860928221386249
0.6883435841052901
0.6864861918282076
0.6900235499948553
0.6879910827992747
0.6921305391415395
0.6924734415629318
0.6805599462123826
0.6857222913817088
0.6887974991060015
0.69075953007189
0.6863224863982723
0.6881503449814713
0.6873611890551967
0.6907475158947047
0.6859369365441357
0.6893647807655001
0.6953560866272411
0.6937657787080599
0.6903919425456044
0.6933708658359146
0.691110608812451
0.6917549355511087
0.6896050089030469
0.6914125105047044
0.6900881363377709
0.6910869211603736
0.6898978272897704
0.6838223139523022
0.6876643301954997
0.6795700069751677
0.6906948556949375
0.6896779155959748
0.6925633337260223
0.6829631544270962
0.6843725080566581
0.6830185764991418
0.6894308003347127
0.6839572966975853
0.6860240546987655
0.6876034940849012
0.691241291947247
0.6886334826018328
0.6938579106934484
0.6913000517222125
0.6860480592932781
0.6873525097461263
0.6848759172789207
0.6892832396803483
0.6836347268863476
0.6842956939603433
0.6876175908053397
0.6871170849643603
0.6881127379749026
0.6834472677621248
0.6830688228253492
0.6819829591403677
0.6913822951693538
0.6849723333492312
0.6872882263647846
0.6820427249554591
0.6904069286354655
0.682368144171108
0.688292244919153
0.6839409355969385
0.683642099940155
0.685951020325199
0.6843536353453561
0.6886246570984765
0.6911286210387639
0.6842203117387937
0.6862783565362877
0.6892306281745725
0.6860096632895002
0.688572723243122
0.6884156823560833
0.6904702019617055
0.6862944817239078
0.6864218359644825
0.689385182332831
0.680851798471742
0.686245426939287
0.7020882406997632
