0.5176429147182051
0.4588229249248533
0.4572559526809384
0.46187600567929216
0.4507763631722802
0.44798066596820585
0.4534344846001357
0.4580706006844414
0.46194068447751346
0.4573838911951674
0.46986130252698377
0.45883069150260347
0.46112070955436446
0.45237786487346926
0.4548474865908367
0.4624895103234147
0.4564025242818645
0.4524761936866038
0.4586583492377655
0.45358136701372487
0.4574850279055018
0.44959529938042736
0.4540821245197243
0.44519966484900475
0.44427302408362657
0.47219708181449416
0.45960969935789375
0.45228101410567023
0.4482309047840113
0.45799678235763086
0.45374561692280835
0.4557011124454796
0.4480361815010564
0.4590189225014722
0.4515712477331301
0.43815660625566133
0.44147260233295854
0.44895928355119413
0.4423404243900958
0.4474498497485775
0.44582056679414184
0.45048571715732777
0.44676863860464033
0.44953838865684137
0.44734368403770475
0.450106236717757
0.463400198333263
0.45492258073419994
0.47384684059428983
0.44806920496274244
0.4501883892217101
0.444053309194189
0.46563478286855037
0.4632660903731936
0.4664367041245284
0.4509802622380385
0.4630584992719407
0.4599213750856026
0.4550283786478608
0.44693522679599906
0.45250366415485066
0.44131697544334525
0.4467939586998795
0.45874146970132135
0.4552960750492246
0.461872310152373
0.4513244601792697
0.4640358531242733
0.46273988406967337
0.45479206850007403
0.45627324767884814
0.45434661586537006
0.46509495101146764
0.46628804943398616
0.46776327259753775
0.44662227254216297
0.46069899370599005
0.45630784255620693
0.4677957611320462
0.4490804082356079
0.46747769657777577
0.4537761599724779
0.46342776768119115
0.4640348635087969
0.45885680576220783
0.4626903283009618
0.45293884102061577
0.4473062003140377
0.4628276521386508
0.45863883011439277
0.45174058379986476
0.4585664668191053
0.4530569883302443
0.45333560837746845
0.44851707010923647
0.4586304588559821
0.4578641866559896
0.4513503410978935
0.4701211730180349
0.45776693848102096
0.42435427090321126
