0.0956144707520427
0.07081791391592962
0.06638646453118269
0.07600628032306257
0.08517019700965875
0.0861771696472522
0.08547746353276531
0.08905574382598289
0.0912836633270266
0.09974621930967405
0.11734603641616888
0.12459965145511685
0.1262943825816832
0.12954173156446877
0.132268231384135
0.131166562196545
0.13518653449091647
0.14234015773379274
0.15065237694147826
0.15833907827859917
0.16410113660235018
0.1666498057796448
0.17114560977814405
0.171612785113745
0.17107077142284333
0.17890576335091804
0.18272033947680927
0.1840862051375433
0.19952086968876348
0.21339269044027467
0.22180928507910214
0.23347405280299602
0.23689243349704434
0.23342380848067307
0.22846918011371467
0.21399332762032192
0.20281225439523237
0.20621639135181657
0.21894455511706984
0.22416423873806268
0.252262002240294
0.2750295584706526
0.005254028253607844
0.08179772480136997
0.1287701248884551
0.15628380650587578
0.162954296394136
0.16734558258087287
0.18501652135372984
0.18716467904255868
0.18990279897635762
0.19554879839263462
0.20325931366955313
0.17592100653538964
0.16099800291178268
0.12659739153687807
0.08857680797637067
0.029147708183298243
0.07773322724015258
0.11899758116078984
0.17834375526350596
0.23264127733370962
0.26667667183949767
0.2959036309916204
0.3041423894106677
0.3096275126473568
0.30230200460842827
0.29371660997647714
0.28466145839059204
0.27308212663827997
0.2579080346841573
0.24655830873012047
0.23032697690814033
0.22635030519316332
0.2520735871323656
0.27578598996879233
0.30232114281304207
0.3152018881742845
0.31916338383747406
0.2984477800276907
0.2691085987505978
0.24324927296516832
0.2214346719807802
0.24093850394245978
0.277818422423338
0.3108707309103558
0.3422027801145227
0.38321361674093596
0.38834193331074984
0.39031678357520383
0.3902938931556287
0.3877933119159277
0.37870316167674767
0.39259635695844786
0.4059813911776824
0.4330272896523852
0.4729737412874606
0.5155707711786648
0.5428964006718094
0.568845755783924
0.5747835117962751
0.5589668186982943
0.5456604270683015
0.5234313041623591
0.4704955615669336
0.4214823179301042
0.3869447371292744
0.346927961461571
0.29787166990919867
0.28450682839857666
0.2993175878601755
0.32205507330425753
0.3118829718421284
0.33410599181460915
0.3724622561524415
0.39872786105246055
0.3853664717092822
0.39089302483431543
0.36736430480353366
0.32221366587289807
0.2603778481184508
0.21138684198371444
0.1405870810151918
0.09697142215469343
0.12832312559177816
0.16177550909329078
0.19798623926748832
0.25624503889094385
0.32287038129975415
0.3312485826577349
0.3435955236643895
0.37333464780866243
0.3795101932790156
0.3709131962859539
0.40541922626756866
0.4363321065150304
0.47194211176794526
0.5072170387626154
0.5392292536661105
0.5288181276677478
0.5248142960239468
0.5137299032170347
0.49831282626292367
0.461594109526643
0.4182267309636482
0.363038416502785
0.30307824140660283
0.29760563119103867
0.2902218962345858
0.2915892425482263
0.32869407210768126
0.3491420940091525
0.3212728021055909
0.3146028096098948
0.34324517929012016
0.33033731657889176
0.30976788762775787
0.3149102714719593
0.3468302598822787
0.34308216579345624
0.3344682373252884
0.3331332691193604
0.29549929561622634
0.24752963807451162
0.18625440251871206
0.14488879416437614
0.1582300282202804
0.23676000875956593
0.2865302969060498
0.35096711396136476
0.3897695200585149
0.4029720517903211
0.3866204886784215
0.36906954831790695
0.3439990877826997
0.3474706669802559
0.3485650523520118
0.3552722569373017
0.37137185312551746
0.39519556172060955
0.4019968821519175
0.3917957812646226
0.38054728002321253
0.3631436122081333
0.3382733184031493
0.3399923706085615
0.37551758789429385
0.40729863228233926
0.4360500073611631
0.4628659099677117
0.4682293029516666
0.46516883195420233
0.4554553992256683
0.44192817601384204
0.4367325876148927
0.4531293420279699
0.4726985705339513
0.5024081810943617
0.5275075807186845
0.5420089402942585
0.5477977074304369
0.5628325230564615
0.5883247106838552
0.6062052760741555
0.6252289250908475
0.6445539730872544
0.6468126636090112
0.6527066230319106
0.666528958432471
0.6850086244907723
0.69224178398265
0.7030829358052737
0.7123091795530228
0.7224377254764647
0.7302473349490006
0.7454310576054883
0.7641477525626817
0.7776026034530369
0.7832027842623611
0.7876360657293663
0.786430655045495
0.7783298179597992
0.766204058060842
0.7551736974989564
0.7496708618572868
0.7501257106167151
0.7561472259573967
0.7606509875914165
0.7735184460195476
0.781473324158697
0.7892763161829344
0.7983424350147761
0.8161784564674012
0.8293495643149721
0.8380714606685062
0.8455105467879331
0.8506033635177812
0.8492003082224501
0.8397782376091396
0.8314176455355773
0.8254003226858754
0.8177841882857431
0.8112006220123672
0.8195338682370277
0.8324102920346863
0.8376707048000754
0.8416800518457996
0.8455955633101744
0.8461011865641421
