0.05409913781117974
0.06869280097703741
0.07707168572975756
0.07783755452436328
0.07791835715549154
0.08440716211678166
0.09339733644772648
0.09907108843114636
0.10677895952594806
0.10733755189797047
0.08859484767131685
0.0810485818387717
0.09331302037985245
0.10158299707651831
0.1140476857874029
0.13985535308276978
0.151069357005375
0.15406608185132462
0.1511325939011025
0.1448651178679547
0.12889429632926663
0.11583237054571642
0.1180632265970603
0.10826853897777049
0.09995991758046137
0.11069261873923468
0.11239298784348216
0.10945598687032232
0.134532916841885
0.15898099149982226
0.1694747979950525
0.18843180489706893
0.1840227900005834
0.16615134939474804
0.15011026470755295
0.12381426839557466
0.10695813073050935
0.10873227621310563
0.12136559643902625
0.12502279504646502
0.15750546455355885
0.18512943484819896
0.2104031017597237
0.23251492554010458
0.256692486879731
0.27290220328886616
0.27683694167429923
0.27933831104395396
0.290949302076325
0.2920032497177383
0.29347877645709775
0.2970376066980075
0.30215627953924673
0.2828128252169897
0.27314461118225086
0.25355874896660907
0.2348582026704404
0.22477543599743907
0.22958495081972424
0.2491602737596488
0.28220153563876504
0.31962722021928247
0.3469771641726741
0.3730904762571533
0.3802011102792893
0.38466633561181884
0.3764631090407223
0.3674413162619137
0.3584195234831051
0.3476727696118687
0.334631922793561
0.32532205096104083
0.31299086229439077
0.3098290191632469
0.3281396048093332
0.34636236136460763
0.36849526411023104
0.37952658401224115
0.3824670982152427
0.3631306701457652
0.3385069375131084
0.31889999612532
0.30373368808188095
0.31660590317824866
0.34348859708027135
0.37029048835116574
0.39826928782508675
0.43937324977138154
0.4439790014009251
0.44513834386855083
0.4441160144680974
0.44043773689541604
0.42991231215922604
0.443740106737382
0.4574906117073475
0.48789349114963665
0.5378752065547883
0.5891954354252229
0.6303134500839807
0.672313267846178
0.6804497444986093
0.650626536393585
0.6266457119939206
0.5904953043967667
0.5236679908091711
0.4643412721006978
0.4275233640754674
0.3897393374996353
0.3495487966908358
0.33940630635194863
0.3499703757887819
0.3672024213914666
0.3588481288338307
0.37616097706764373
0.4089282123986074
0.433228734299847
0.41979441380851923
0.424452862851169
0.4023129338527661
0.3644270256805633
0.32024553625719065
0.2905382624610001
0.2546689074578744
0.235936742920746
0.24910757655344656
0.26439333192865716
0.28265121995473313
0.316289718906515
0.3620626695849849
0.36815448743650914
0.37750300396967257
0.401750828457806
0.4066868170715462
0.3988770641734697
0.42912536460628187
0.4585234803835182
0.4954538094877408
0.5354441001267365
0.5681305330334759
0.5604191487088324
0.5544502914189214
0.5399339178612542
0.5208785425927089
0.4797324225090251
0.4363238279261336
0.3881408499917586
0.34340076798945957
0.3394941350289524
0.33440005417589347
0.33512025181017246
0.36055903742069945
0.3755145560186175
0.35479394332353004
0.3499106521228962
0.3702940015810075
0.36060119535118446
0.3459969927027056
0.3493239543259477
0.37198734401866745
0.36896954020747535
0.36247019576356404
0.3612968005834752
0.33547156775961157
0.3061331756482609
0.2737629272201591
0.2547356571696357
0.26058506733467907
0.29968652861745576
0.3288562892137704
0.3725037786671089
0.40223564465838363
0.41280322732505864
0.3991475776986846
0.38516520411105154
0.36638736841359637
0.36868146136066776
0.3692681589507122
0.373940660705825
0.3857448754483164
0.4041538294609317
0.4094024893234677
0.4009111836986595
0.3918472329893659
0.37847614939376556
0.3604747217666334
0.3614935379372452
0.3870904153732831
0.4118476480501744
0.43584603818523954
0.4596793098282063
0.4643307324111727
0.461109165614143
0.4518379386891701
0.43945053958647606
0.43462697205172784
0.4487604114189962
0.4663753914189837
0.49482846740395703
0.5203234632436242
0.535507337229368
0.5413989051179925
0.557844003167733
0.5817369984765856
0.6030372825089378
0.6266948961771851
0.6517893920910526
0.6541432087040098
0.6615173297916771
0.680186257639982
0.7063101092070824
0.7162980205364926
0.7319807630214691
0.7454677811328071
0.7606586811644265
0.7723610143105472
0.7966088390055845
0.8278583896667037
0.8507887794478927
0.859828137962102
0.8667982456872239
0.8633834549731699
0.8474899228357685
0.8249073357741769
0.8048998944605888
0.7946484960656475
0.7944341931833806
0.8035543545356222
0.8101907120467059
0.8313539828049821
0.8443140269921615
0.8572002948009921
0.8725984712551949
0.9048562988112085
0.929146281229827
0.9451627737219378
0.958846528773238
0.9679069662526897
0.96372630674403
0.9435010495252375
0.9258474248246068
0.9130665518419886
0.8975067699186255
0.8841743310236685
0.898571257249564
0.9219021471634563
0.9309204267124233
0.9375708369359698
0.9440807208625024
0.9438980364280994
