8.37203611798518
5.365979527774845
4.433730070052048
3.464234020751623
3.7895593912115912
3.6173362543234004
3.0950583591299177
2.9528686185717774
2.703328821070518
2.347144867496774
2.1948750875218614
2.0957203875063994
1.7638819942068396
1.7117854712711922
1.5539208863587926
1.5365698048110539
1.5335657473855782
1.507355191074911
1.4436296912574873
1.1722750067495442
1.146491904520871
1.076247825088649
0.9691864779841739
0.9865692600095585
0.9718024167282898
0.9663486893015941
0.9860813746797603
0.9738258802137164
0.9542276917870451
0.9633488700889915
0.9521829944456875
0.9469948989148375
0.9439089143991953
0.9346386013065281
0.9288461042860116
0.9228747271275223
0.9153568827210513
0.915940673943002
0.9172615640586926
0.9178888961208971
0.9088752314966875
0.903327971069927
0.9038648801692079
0.8987467217422177
0.8982178808857212
0.8890732682296552
0.8876497762163605
0.8880848463154477
0.8933859560772122
0.8902808935112632
0.8889813975241623
0.8900383732760252
0.8847286361423479
0.8847376928573067
0.8866502859500288
0.8838983380125045
0.8834175797542061
0.8829755203140348
0.8988395765991433
0.8796038392729993
0.8822662231023475
0.8821497780693329
0.8780306405231737
0.8775457271936545
0.8782019145739037
0.878778178697068
0.8767072151771567
0.8782008405009372
0.8771147651587018
0.8782900426563571
0.8762161903520278
0.8724651856832292
0.8733033438947373
0.8746417429088676
0.8997502812056114
0.8728093796331098
0.8736540607346089
0.87465733503732
0.8739284284854808
0.8747945437079272
0.8734521474220287
0.8905100835784012
0.8771144464419092
0.8733237139912143
0.8736640765196062
0.8728667811548398
0.8906640143945891
0.8942690059849692
0.8742604782664385
0.8894327175700992
0.8777014422602691
0.8741186674552763
0.8717034252257942
0.8727812549609506
0.874725090489118
0.8723517778928512
0.8692217814297047
0.869196741827483
0.8714342031388584
0.8710600909500947
0.8537315646015365
