4.825697231688615	0.17165327345893389	144
4.0164343254878325	0.1993447805982695	152
3.23374630974853	0.23619743055870454	180
3.1193472675338083	0.2427569066296965	181
3.1193472675338083	0.2427569066296965	181
3.1193472675338083	0.2427569066296965	181
2.9395439187874577	0.2538364898614425	180
2.490569133949697	0.28648623236648696	180
2.490569133949697	0.28648623236648696	180
2.432211043079716	0.2913573750123192	183
2.064451691617174	0.32632265104243807	195
2.139163297887474	0.31855622186745053	194
2.2657766747293016	0.30620587370166374	188
2.0643427727353427	0.3263342498422146	195
1.8495540798672199	0.35093210094352617	195
1.9570356011229628	0.33817651692128436	196
1.9611962787540578	0.337701356433136	196
1.8323430692849176	0.3530645742898901	196
1.8323430692849176	0.3530645742898901	196
1.831217404279336	0.35320494939333075	196
1.8238238133700242	0.35412974253750423	195
1.82382228254078	0.3541299345156501	195
1.8112529674190543	0.35571327503767003	195
1.7932270671622026	0.35800884638281716	195
1.765316024452266	0.3616223213395918	196
1.7338970280748434	0.3657782241726128	195
1.7338970280748434	0.3657782241726128	195
1.7333256272814623	0.3658546899860555	195
1.7065497919962136	0.36947408207940297	197
1.6995352699374555	0.3704341303246498	197
1.6988695797268978	0.37052549982841015	197
1.6988695797268978	0.37052549982841015	197
1.678253909114788	0.37337759373625573	197
1.6782000623884108	0.37338510070386716	197
1.671891032878577	0.37426676001926784	197
1.671891032878577	0.37426676001926784	197
1.671229697775432	0.3743594198704769	197
1.66676954082014	0.374985533880239	197
1.6563121905578153	0.3764617741674422	197
1.6532814326387697	0.3768917943263445	197
1.6532685796026718	0.37689362007586524	197
1.6532685796026718	0.37689362007586524	197
1.652660531151635	0.3769800124276953	197
1.6518624611998987	0.37709346341722644	197
1.6498013992298215	0.3773867733222026	197
1.6496764397023906	0.3774045709944567	197
1.6488754373441918	0.3775186956328219	197
1.6472621311875326	0.37774876474035124	197
1.6458573280744495	0.3779493283289619	197
1.6424073356167348	0.37844278833210293	197
1.6424073356167348	0.37844278833210293	197
1.6424073356167348	0.37844278833210293	197
1.6456854171057598	0.3779738866663699	197
1.6456854171057598	0.3779738866663699	197
1.6444973659215378	0.3781436929703752	197
1.6406776975277981	0.3786906675268245	197
1.63792086973705	0.3790864280548646	197
1.6333247472281105	0.3797480736292095	197
1.6327648237490267	0.3798288365825291	197
1.625822807445427	0.3808330086723809	197
1.6257593096129184	0.38084221822578895	197
1.6060732004238523	0.38371907582540654	197
1.6060149001767676	0.3837276601650164	197
1.5743719104206886	0.38844426322092135	197
1.5743719104206886	0.38844426322092135	197
1.5738142184903765	0.3885284310017262	197
1.5695553956620858	0.38917238433084433	197
1.5591478043809428	0.3907550780334471	197
1.555324845550228	0.39133967712221496	197
1.555324845550228	0.39133967712221496	197
1.551547204189907	0.3919190671283273	197
1.5187087748380415	0.39702883080013973	199
1.5181398163870836	0.3971185370615187	199
1.5146864823161115	0.39766388654500023	199
1.5146864823161115	0.39766388654500023	199
1.511836916938319	0.3981150182388836	199
1.506305012955548	0.39899373573081387	199
1.503021072006111	0.39951721189407496	199
1.497015293546821	0.4004781238562523	199
1.4916417612668766	0.4013418042453862	199
1.4916417612668766	0.4013418042453862	199
1.4858033817252423	0.4022844314042094	199
1.485673814775346	0.4023054006747782	199
1.485673814775346	0.4023054006747782	199
1.4855587990363426	0.40232401679159735	199
1.4844868572699745	0.4024976010937038	199
1.483709359742277	0.40262359848084855	199
1.483004004709254	0.4027379730775321	199
1.482892413914533	0.40275607368077543	199
1.4800094830621364	0.4032242645964693	199
1.4792698937681512	0.4033445501490508	199
1.475940618360628	0.40388690770060587	199
1.4758627035550085	0.40389961792474743	199
1.4702049266938635	0.40482471279757576	199
1.4689907597457899	0.4050237920302955	199
1.4689907597457899	0.4050237920302955	199
1.4689839316411322	0.4050249121448517	199
1.4685778522982003	0.40509153846171736	199
1.464705375426543	0.4057280070754662	199
1.464705375426543	0.4057280070754662	199
1.464705375426543	0.4057280070754662	199
