2.6841004825300523	0.2714366789782159	180
2.7845611110873456	0.2642314315047985	177
4.786240895116812	0.17282377594129048	142
4.432745984196536	0.1840689778077104	146
4.432745984196536	0.1840689778077104	146
4.432745984196536	0.1840689778077104	146
4.3725774339960575	0.1861304024530759	143
4.3725774339960575	0.1861304024530759	143
3.737817017986504	0.211067670237924	163
2.6051265444624003	0.2773827735772645	181
2.4930326537371195	0.28628418315245974	183
1.8945284706526206	0.3454794140527258	192
1.8945284706526206	0.3454794140527258	192
1.8874682350853254	0.34632415617567813	195
1.8751394202474065	0.3478092202965064	192
1.8245508453112722	0.3540385904753638	196
1.7927053383550846	0.358075729030906	195
1.7822468543251635	0.35942173802638766	196
1.7792010363367385	0.3598156401517822	195
1.752582373700464	0.36329521308953205	195
1.7515675855993582	0.36342919768121046	195
1.6525270934078822	0.37699897674380844	196
1.6525270934078822	0.37699897674380844	196
1.6465110903398532	0.3778559642731686	196
1.6265007580086874	0.3807347083189733	196
1.6097645652837804	0.3831763268236658	194
1.5474707640607115	0.39254621254454874	202
1.4493656206906698	0.4082689785275997	202
1.4318854510884125	0.4112035785042593	201
1.4186659017973757	0.4134510679035385	202
1.4186659017973757	0.4134510679035385	202
1.3901522495474024	0.4183833896729212	202
1.3901522495474024	0.4183833896729212	202
1.3901522495474024	0.4183833896729212	202
1.3640415361690819	0.4230044120208206	203
1.351201395103403	0.4253144805385849	203
1.351201395103403	0.4253144805385849	203
1.3157992316958735	0.4318163622792526	202
1.3157992316958735	0.4318163622792526	202
1.3157992316958735	0.4318163622792526	202
1.3157992316958735	0.4318163622792526	202
1.3157992316958735	0.4318163622792526	202
1.3157992316958735	0.4318163622792526	202
1.3157992316958735	0.4318163622792526	202
1.3060912224984855	0.43363419028869604	203
1.3056842808900477	0.4337107245290222	201
1.3043500036203044	0.43396185407118104	203
1.2972578168891777	0.43530159856160416	202
1.239209305809278	0.4465862112155646	204
1.239209305809278	0.4465862112155646	204
1.239209305809278	0.4465862112155646	204
1.239209305809278	0.4465862112155646	204
1.238973711893201	0.44663320283221797	204
1.2069072627073778	0.4531228008073277	204
1.1994968085553754	0.4546494435046704	204
1.1994968085553754	0.4546494435046704	204
1.1985680155176008	0.45484151181221183	204
1.1899722322553477	0.4566267942905139	204
1.182660350915563	0.45815648760034	204
1.112761534461517	0.4733141832094514	206
1.112761534461517	0.4733141832094514	206
1.112761534461517	0.4733141832094514	206
1.0625050199238382	0.4848473047774336	206
1.0439997562504986	0.4892368489487466	206
0.9651698316882162	0.5088618723303578	205
0.9651698316882162	0.5088618723303578	205
0.9216511286340855	0.5203858208699945	205
0.9051520743068149	0.5248924815431585	206
0.8403951102196044	0.5433615827639725	209
0.8244778697739875	0.5481020167835075	209
0.8244778697739875	0.5481020167835075	209
0.8244778697739875	0.5481020167835075	209
0.8244778697739875	0.5481020167835075	209
0.822724947787682	0.5486291287194713	205
0.822724947787682	0.5486291287194713	205
0.7929518122955816	0.5577394736112085	206
0.7579806367304917	0.5688344792351121	209
0.7579806367304917	0.5688344792351121	209
0.7443571743811492	0.5732770872196934	209
0.7443571743811492	0.5732770872196934	209
0.7433761548006931	0.5735996774111679	209
0.7433761548006931	0.5735996774111679	209
0.7433761548006931	0.5735996774111679	209
0.7421169108232597	0.5740142890452956	209
0.741900590175003	0.5740855739072535	209
0.741900590175003	0.5740855739072535	209
0.741651217962131	0.5741677723339341	209
0.741651217962131	0.5741677723339341	209
0.741651217962131	0.5741677723339341	209
0.7311662464112899	0.5776452735680362	212
0.7293649713366206	0.5782469383701598	212
0.7293649713366206	0.5782469383701598	212
0.7293649713366206	0.5782469383701598	212
0.7293649713366206	0.5782469383701598	212
0.7291115683437671	0.5783316810249854	212
0.7291115683437671	0.5783316810249854	212
0.7254357341665789	0.5795637474049538	212
0.6840940160178821	0.593791077272839	212
0.7271986273125197	0.5789722063153654	212
0.7251615288469341	0.5796558660036787	212
0.6840940160178821	0.593791077272839	212
