4.788970695075659	0.17274228056649896	142
2.8838095076397354	0.2574791575212243	180
3.6929340111453257	0.21308631180943172	182
3.685743866704771	0.21341328686479094	160
2.966856232626227	0.252088793078835	173
2.950960274468979	0.25310302572819543	176
2.5823706581795394	0.2791447606675553	180
2.5823706581795394	0.2791447606675553	180
2.3942606471888257	0.2946149703701199	182
2.3942606471888257	0.2946149703701199	182
1.9021984761434365	0.344566372086599	195
2.047605686922204	0.3281264384993015	191
1.8915126070512038	0.34583975098756736	194
1.897747255813774	0.3450956593932379	195
1.8854702238186227	0.34656396442608334	192
1.8874321337518216	0.34632848623896045	193
1.8856513056601432	0.3465422166699495	193
1.8805343036932793	0.3471578167695657	192
1.8552359029266494	0.3502337579094563	195
1.853474469255553	0.350449955229805	195
1.8379132241979363	0.3523715917292096	194
1.8376173031800638	0.3524083388127493	193
1.8148457277394212	0.35525925635828415	195
1.8148457277394212	0.35525925635828415	195
1.7964702855269459	0.3575936440932243	195
1.793081175183941	0.3580275463831244	194
1.79413366769884	0.3578926847918369	195
1.7853314440377805	0.35902369972542336	195
1.7840482673085662	0.3591891748941314	194
1.7718570367290152	0.3607689670676774	196
1.7718570367290152	0.3607689670676774	196
1.7718570367290152	0.3607689670676774	196
1.6599463378420902	0.37594743389118923	196
1.6587390998491556	0.3761181381267291	196
1.6574912284606251	0.3762947509630196	196
1.656764611698345	0.376397666393466	195
1.6184685417666154	0.38190262134114655	196
1.6184685417666154	0.38190262134114655	196
1.614927163290111	0.3824198295228217	197
1.6101528182045002	0.3831193304183204	197
1.603099988937093	0.3841573524835377	197
1.5947075292080608	0.385399891410965	196
1.5947075292080608	0.385399891410965	196
1.5894129691629335	0.3861879166857132	195
1.5943765049968865	0.3854490657288773	196
1.5943765049968865	0.3854490657288773	196
1.5855202713945578	0.38676935201928536	197
1.5855202713945578	0.38676935201928536	197
1.5855202713945578	0.38676935201928536	197
1.5519528398867275	0.39185677116368134	195
1.5519528398867275	0.39185677116368134	195
1.5511740886597454	0.39197638626274545	194
1.5511740886597454	0.39197638626274545	194
1.5053065510587937	0.39915275022027924	198
1.5053065510587937	0.39915275022027924	198
1.5053065510587937	0.39915275022027924	198
1.5053065510587937	0.39915275022027924	198
1.487884878011685	0.4019478589375884	198
1.487884878011685	0.4019478589375884	198
1.487884878011685	0.4019478589375884	198
1.487884878011685	0.4019478589375884	198
1.4770102595806498	0.403712498215206	194
1.4770102595806498	0.403712498215206	194
1.4761982261079758	0.40384488990276596	195
1.3497051416231625	0.42558531378503345	203
1.3481555783748718	0.42586616032149244	203
1.3404927625216954	0.4272604538723629	203
1.3273172264868418	0.4296792842072206	202
1.3273172264868418	0.4296792842072206	202
1.2657849950476519	0.44134814299931796	203
1.2657849950476519	0.44134814299931796	203
1.2427636166827924	0.44587846555093996	200
1.2427636166827924	0.44587846555093996	200
1.2427636166827924	0.44587846555093996	200
1.2416597660315751	0.44609802752105704	202
1.2097016037275825	0.4525497914800276	203
1.2097016037275825	0.4525497914800276	203
1.204443577774418	0.45362921060088507	203
1.159622581738596	0.46304387093181526	202
1.159622581738596	0.46304387093181526	202
1.1523645238897555	0.46460531610732875	204
1.1576048032926536	0.4634769066484886	203
1.1464968390925088	0.4658753657530555	203
1.1464968390925088	0.4658753657530555	203
1.1442246222676673	0.46636904996568423	200
1.1370559551461956	0.4679334659403386	202
1.1350412836034174	0.46837501816932053	202
1.1342445733927131	0.4685498618419091	200
1.0798257496206067	0.4808095102113318	204
1.0798257496206067	0.4808095102113318	204
1.0798257496206067	0.4808095102113318	204
1.078942009799329	0.48101389807237843	204
1.0675805901827053	0.4836570843952609	204
1.0674057143253857	0.4836979955462248	204
1.0675805901827053	0.4836570843952609	204
1.0630054085526706	0.4847297034967851	206
1.0630054085526706	0.4847297034967851	206
1.0630054085526706	0.4847297034967851	206
1.0605014878799333	0.4853187468594881	206
1.0569371557272509	0.48615972404195296	206
1.0569371557272509	0.48615972404195296	206
