3.5090569614710665	0.22177586323366227	169
2.9379003030408795	0.25394243709719916	180
2.4576095380338185	0.28921715682466953	182
2.4403884093684063	0.2906648555369311	182
2.5093429901839444	0.2849536231702403	183
2.5212388175912204	0.28399096221598275	183
2.4158607916932406	0.2927519770219619	185
2.41402191393911	0.2929096605727983	185
2.2462381073885824	0.30804887593548835	188
2.272866775409008	0.3055425315547806	188
2.0581988599496372	0.3269898544192342	192
1.9640508784264399	0.3373761251125627	192
1.9149104659452991	0.3430637104236758	194
1.7753313869929617	0.36031733171997454	194
1.7753313869929617	0.36031733171997454	194
1.73137977856814	0.36611532671016034	200
1.731400096576707	0.3661126032957642	200
1.7353628981664968	0.3655822050779061	193
1.7353628981664968	0.3655822050779061	193
1.725801672062924	0.36686454860202145	195
1.6975648510066443	0.37070471155747453	197
1.563506377360992	0.3900907010925608	197
1.5635062645472033	0.39009071825952096	197
1.5635062645472033	0.39009071825952096	197
1.562674334038485	0.39021735486151804	197
1.5123626609126042	0.3980317075866565	200
1.5123626376010566	0.3980317112798873	200
1.4831241847258225	0.40271848107766567	199
1.4690544568851358	0.4050133431490051	199
1.4535105123153258	0.40757926040281	201
1.4256949769006075	0.4122529870914495	199
1.4132231344648098	0.4143835626794511	199
1.4132231344648098	0.4143835626794511	199
1.411518820505746	0.41467642362844137	199
1.3994053540388722	0.416769929398015	201
1.268348590853732	0.4408493491838628	203
1.258087097100323	0.4428527142660395	204
1.258087097100323	0.4428527142660395	204
1.2389059031884013	0.4466467298049065	203
1.2336391304672032	0.4476998931294838	203
1.2183413071828824	0.45078726017590176	203
1.2183413071828824	0.45078726017590176	203
1.2144487282904788	0.4515796582800023	203
1.21265495039556	0.451945749526481	203
1.1911042934594793	0.4563908723948166	202
1.1903825629458273	0.4565412530745809	201
1.1907634756024241	0.456461873285986	202
1.1907634756024241	0.456461873285986	202
1.1819547005936957	0.4583046567043333	203
1.1752072406200746	0.4597263108203591	201
1.1752072406200746	0.4597263108203591	201
1.170345120944516	0.46075621353935103	203
1.170345120944516	0.46075621353935103	203
1.1386384374381513	0.46758721927671315	203
1.1381493178950226	0.46769418376471744	203
1.12715405445839	0.4701116959084646	202
1.1255526512411038	0.4704658806810093	202
1.1047831869824745	0.4751083181321168	202
1.1047831869824745	0.4751083181321168	202
1.1047831869824745	0.4751083181321168	202
1.1001897772363147	0.4761474466921374	203
1.0937228837887105	0.477618125943412	203
1.0753930749680691	0.4818364347753186	204
1.0749204073394574	0.4819461972916052	203
1.0713657615923644	0.4827732593355454	204
1.0685547413336929	0.48342931420575014	203
1.0622100958800222	0.4849166445251363	203
1.061072438985095	0.48518430555134495	203
1.0525684996564924	0.48719445912151293	204
1.0464049303712353	0.4886618406546702	204
1.036683247805697	0.4909943660004031	204
1.0357083265075948	0.4912295081661195	205
1.0357083265075948	0.4912295081661195	205
1.0357083265075948	0.4912295081661195	205
1.030824795520366	0.49241076936120737	204
1.030824795520366	0.49241076936120737	204
1.0138158669721753	0.496569729338525	205
1.0138158669721753	0.496569729338525	205
1.0138158669721753	0.496569729338525	205
1.0105073328158076	0.4973868951770767	205
1.0105073328158076	0.4973868951770767	205
1.0081403105367905	0.4979731718709898	205
0.9975982152079883	0.5006011681362464	206
0.9975982152079883	0.5006011681362464	206
0.9969312437740401	0.5007683680235681	206
0.9969312437740401	0.5007683680235681	206
0.9969312437740401	0.5007683680235681	206
0.9924865993413662	0.5018854331720769	206
0.9901428626456186	0.5024764898890921	206
0.9901428626456186	0.5024764898890921	206
0.9869685570819531	0.5032792272609449	206
0.9869685570819531	0.5032792272609449	206
0.9867089130942194	0.5033450010764486	206
0.9867089130942194	0.5033450010764486	206
0.9772175991858364	0.5057612275005909	206
0.9848449073809642	0.5038177019682191	206
0.9843002280964139	0.5039559971019726	206
0.9738122216822154	0.5066338069118514	207
0.9738122216822154	0.5066338069118514	207
0.9731325968461902	0.50680831161493	206
0.9731325968461902	0.50680831161493	206
