15.161425936904411	0.06187572828685325	133
15.586532713075059	0.060289875967368775	69
5.09585097573035	0.16404600505841416	190
5.174066909539004	0.16196779442979287	199
6.459506919760669	0.1340571180852372	193
5.174066909539004	0.16196779442979287	199
5.174066909539004	0.16196779442979287	199
5.174066909539004	0.16196779442979287	199
5.174066909539004	0.16196779442979287	199
5.020696683272279	0.16609373509520414	198
5.020696683272279	0.16609373509520414	198
4.541609007861705	0.18045300536023592	207
4.4103175772645  	0.18483203355792804	207
4.275964517053262	0.18953880314542396	206
4.275964517053262	0.18953880314542396	206
4.045565977772089	0.1981938209519873	217
3.7490126840105273	0.21057008404439614	218
3.7490126840105273	0.21057008404439614	218
3.6519531300745567	0.21496347276911906	222
3.584874769905231	0.2181084653748722	229
3.547548490333957	0.21989869973361476	230
3.248498774776251	0.2353772598304834	232
3.1453118137281693	0.2412363761607188	236
2.987516828973266	0.25078264064843764	239
2.896837288383839	0.2566183615058602	239
2.8583645645328337	0.2591771677545144	241
2.8128094091415146	0.2622737967448413	242
2.52178858577861	0.2839466298568051	242
2.5218742094048388	0.283939726560816	242
2.5218742094048388	0.283939726560816	242
2.3833113886073125	0.29556841955704066	246
2.2887562026504766	0.304066321241471	247
2.140610626515886	0.3184094174416568	247
2.118283524631959	0.3206892484601851	244
1.9708520446383433	0.33660377055961227	248
1.9708520446383433	0.33660377055961227	248
1.9688590178786092	0.3368297362649937	248
1.9406573774972444	0.340060017753951	255
1.9189778929323413	0.3425856709710884	251
1.9184773469720606	0.34264442759424074	251
1.9002742652123388	0.34479497749389115	256
1.8612013750915934	0.34950353676800805	256
1.849735212935047	0.35090979521920673	254
1.7812850658621229	0.35954602865924756	255
1.7743739335159323	0.360441679443229	255
1.7389464787154696	0.36510388493205864	257
1.7350863784255173	0.3656191657740846	255
1.6940368422484924	0.37119017242740515	257
1.6616683028935781	0.375704214876388	257
1.5895668866241717	0.38616496262957184	255
1.588255849475745	0.3863605679487024	254
1.5620721374995492	0.39030907263054215	256
1.5534797189324978	0.39162245644075755	257
1.542901699987666	0.39325153622920245	256
1.524606127984269	0.39610139138750877	254
1.4445467205187836	0.40907379335657745	256
1.4445383162339955	0.40907519974592954	256
1.426121289072177	0.4121805469925333	255
1.3976896955611677	0.4170681476636846	259
1.3976896955611677	0.4170681476636846	259
1.2913522134670623	0.43642352062797557	260
1.2887762602492645	0.43691470300862556	260
1.2561813633593086	0.44322677965527757	262
1.2561813633593086	0.44322677965527757	262
1.255937851143466	0.4432746227885358	262
1.2438455922608005	0.4456634642994502	263
1.2441488755348467	0.4456032355525748	263
1.2168811288608377	0.45108417721696165	259
1.1885279728656457	0.45692813269853066	262
1.1540892001162364	0.4642333288454532	262
1.1540892001162364	0.4642333288454532	262
1.1540892001162364	0.4642333288454532	262
1.1499115641149844	0.4651354114705886	261
1.143841568474897	0.46645237908666354	262
1.1371461897204584	0.467913708856202	262
1.0963390406703264	0.4770220754369196	266
1.0963391191979155	0.47702205756796257	266
1.0963391191979155	0.47702205756796257	266
1.0963391191979155	0.47702205756796257	266
1.0956314291320375	0.4771831468543002	264
1.0956312675798712	0.477183183640338	262
1.073734720598213	0.4822217567498357	265
1.0642881951993786	0.48442848354486434	265
1.0642877021162718	0.4844285992571759	265
1.063841259393151	0.48453338911057464	265
1.0562155813252958	0.4863303289217702	265
1.0562155813252958	0.4863303289217702	265
1.0562155813252958	0.4863303289217702	265
1.0558240903132197	0.4864229409081605	265
1.0539203257916026	0.48687380296243454	265
1.0534220429310792	0.48699194763322395	265
1.0458185412209018	0.4888019048860614	265
1.0458185412209018	0.4888019048860614	265
1.0458185412209018	0.4888019048860614	265
1.0458185412209018	0.4888019048860614	265
1.03932277514795	0.49035886431830367	265
1.03932277514795	0.49035886431830367	265
1.0267167590318387	0.493408857228624	265
1.0267167590318387	0.493408857228624	265
1.0267167590318387	0.493408857228624	265
1.0267167590318387	0.493408857228624	265
