17.087107465089613	0.0552880001365683	126
16.96494405466464	0.055663964048936046	133
14.337370928881946	0.06520022268724626	161
15.163359325734534	0.0618683269886754	161
14.680356283078455	0.0637740611212486	162
13.801091150066298	0.06756258642428	174
13.434369953124694	0.06927908895556083	178
13.37198675439183	0.06957980250673536	178
13.349739619925142	0.0696876756294214	179
9.842739608076915	0.09222761369784122	159
9.805825264276992	0.09254267726370727	160
9.805825264276992	0.09254267726370727	160
8.94091464678498	0.10059436536087882	161
8.94091464678498	0.10059436536087882	161
7.990757350315557	0.11122533520103309	193
7.979089755155243	0.11136986345702372	193
7.194125790128031	0.12203864397648884	174
7.194125790128031	0.12203864397648884	174
7.194125790128031	0.12203864397648884	174
7.187106914695695	0.12214326872964365	174
6.987237560195125	0.12519973175501373	186
6.685305352362836	0.13011844736820397	181
6.682071838229592	0.1301732164262681	181
6.483756206360653	0.13362273869237912	183
6.497709911291287	0.13337405845670758	183
6.439468632037479	0.13441820235568702	183
6.439468632037479	0.13441820235568702	183
6.435088895451854	0.13449738315996648	183
6.415287823650783	0.13485653204323875	183
6.415214255181108	0.13485786999361304	183
6.205340864696199	0.13878593931616354	180
6.205340864696199	0.13878593931616354	180
4.458921185091741	0.1831863780578093	199
4.458921185091741	0.1831863780578093	199
4.443949477654938	0.18369016907753613	204
4.443174033441863	0.18371633790435205	202
4.433258630520466	0.18405161027723935	200
4.433211720330446	0.18405319937342335	205
4.38270359523642	0.18578024635890764	204
4.38270359523642	0.18578024635890764	204
4.380768963844867	0.18584704281475836	204
4.365372227346104	0.18638035864561703	206
4.350092098721428	0.18691267020225338	207
4.341451329656746	0.18721503544323456	209
4.3380867791945095	0.18733303547959462	209
4.325669860479497	0.1877698066530104	207
4.32427493708282	0.1878190010502917	207
4.32427493708282	0.1878190010502917	207
4.295963849250096	0.1888230411809928	208
4.295963849250096	0.1888230411809928	208
4.2925253109756145	0.18894571896070192	208
4.257322907689624	0.1902108768204726	209
4.256705799187951	0.190233206536778	209
4.256801106046224	0.19022975757059332	209
4.256801106046224	0.19022975757059332	209
4.252858241363891	0.1903725465357985	209
4.247428363819025	0.1905695381941737	209
4.244594407540858	0.19067251388632944	209
4.16237926027617	0.19370913092241568	213
4.16237926027617	0.19370913092241568	213
4.16237926027617	0.19370913092241568	213
4.162032764590726	0.193722133431535	213
4.158885719797611	0.19384030860819906	213
4.1564203275012686	0.19393298770982592	213
4.148157653096301	0.1942442456863304	213
4.138577325440833	0.19460639330054472	213
4.1301756406627135	0.19492510004410307	213
4.130000825706774	0.19493174250361398	213
4.116439333788136	0.1954484231633828	214
4.1056919357110075	0.19585983889972833	213
4.1056919357110075	0.19585983889972833	213
4.098064729604911	0.19615286447677135	213
4.09710538116318	0.19618978326318143	213
4.086432410064871	0.19660145252716457	213
4.069457444413492	0.1972597681241004	214
4.063075381309466	0.1975084162664332	213
4.065270679038585	0.19742281575163623	213
4.058503254818459	0.19768693418304192	213
4.058510445043661	0.19768665318854925	213
4.0527966453845305	0.1979102010593378	216
4.041835077199762	0.19834048212370337	216
4.041835077199762	0.19834048212370337	216
4.032764894656735	0.19869793660770757	216
4.028266641801039	0.19887569041919723	217
4.021724584079123	0.1991347759633016	217
4.021724584079123	0.1991347759633016	217
4.011357677186353	0.19954672254834024	217
4.009108338946088	0.1996363289300305	217
4.009108338946088	0.1996363289300305	217
4.0064775849557535	0.1997412318403175	217
3.994989355531793	0.20020062683267414	217
3.9920721224336897	0.20031761871110326	219
3.9756550374040502	0.20097856312035053	217
3.9756550374040502	0.20097856312035053	217
3.9756550374040502	0.20097856312035053	217
3.9754715998158336	0.2009859728748155	217
3.9670851028009424	0.20132532044520426	218
3.963425350315864	0.20147376648595341	219
3.9577552801759186	0.2017041873766138	219
3.9574771354184026	0.2017155042139396	219
3.9574771354184026	0.2017155042139396	219
