17.051797973596702	0.0553961439997634	143
13.67935681475463	0.06812287572401483	163
5.6453375331478135	0.1504814458275248	192
14.351297025833642	0.06514107559232088	149
15.015364813394873	0.062440038778487486	90
15.002570453844529	0.0624899607775047	90
14.653448803621421	0.06388368547694424	89
10.883667557397105	0.08414910591953914	192
10.821406620196273	0.08459230209470596	115
9.722889429579249	0.09325844554933908	191
9.356205108045181	0.09656046684737381	182
10.077353821941616	0.09027426730915074	122
9.167116132072788	0.09835630743367227	186
8.954681719420245	0.10045524590194928	195
8.231554032605514	0.10832412359479632	194
8.10936406685423	0.10977714719281537	174
7.75723030484    	0.11419135562157293	177
7.758538629877151	0.11417429804885455	177
7.425432546800915	0.11868826845924889	151
7.181315833616575	0.12222972689687092	189
6.5488905608941215	0.13246979697657132	166
5.879000363272941	0.1453699588880691	178
4.94701043585266	0.1681517143422708	205
4.825752157929974	0.17165165508093352	208
4.432172042994999	0.18408842578716547	207
4.425151593414302	0.18432664650586347	208
4.425151593414302	0.18432664650586347	208
4.423864578431673	0.18437038490536078	208
3.8356011254032825	0.20679952172783922	212
3.8356011254032825	0.20679952172783922	212
3.668158843749158	0.21421721785218129	215
3.6632800046193186	0.2144413372153135	215
3.5800454563642163	0.21833844435112473	220
3.5800454563642163	0.21833844435112473	220
3.5800454563642163	0.21833844435112473	220
3.5800454563642163	0.21833844435112473	220
3.563939762034063	0.21910893923681382	219
3.563939762034063	0.21910893923681382	219
3.550760419233679	0.21974349512523755	224
3.4948677363785454	0.2224759567242988	222
3.497483959540666	0.22234654064272222	222
3.4954051472217  	0.22244936045820723	222
3.41788574715014	0.22635261689261052	224
3.35486741649063	0.22962811593604152	227
3.35486741649063	0.22962811593604152	227
3.2118332826471088	0.2374263017769561	231
3.0683538793791105	0.24579965992354003	231
2.61530734989388	0.27660165601946757	239
2.61530734989388	0.27660165601946757	239
2.528731896221623	0.28338792217984776	239
2.5279193570100733	0.2834531911884472	239
2.5274288858498575	0.2834926039222111	239
2.5111218101744948	0.2848092587110506	240
2.4928254884444545	0.2863011631438118	241
2.097753463222535	0.322814585431766	247
2.097753463222535	0.322814585431766	247
2.097753463222535	0.322814585431766	247
2.0957380164760036	0.3230247503754656	247
2.0777475706416966	0.3249129361806318	246
2.0654014578503515	0.3262215451222698	246
2.0654014578503515	0.3262215451222698	246
2.052621213579474	0.32758731923618184	248
2.052621213579474	0.32758731923618184	248
2.026677592375368	0.3303952831048614	247
2.026677592375368	0.3303952831048614	247
2.0225827244254844	0.33084288873849577	247
2.0218731938527026	0.3309205700736441	246
1.9754223486261557	0.33608674091653945	251
1.946954250489296	0.33933339814622693	248
1.902038320090361	0.34458538782108944	250
1.9469322179817266	0.33933593514576077	248
1.9325070869687024	0.34100514349777344	250
1.878211589378766	0.3474379728336235	249
1.8471929303684  	0.35122312553319296	252
1.8471929303684  	0.35122312553319296	252
1.8471929303684  	0.35122312553319296	252
1.8330868197319055	0.3529718867191758	248
1.8330868197319055	0.3529718867191758	248
1.7981619941261373	0.3573774506619653	249
1.7981619941261373	0.3573774506619653	249
1.7981619941261373	0.3573774506619653	249
1.7919840240905407	0.358168238561372	250
1.7599351017160059	0.36232736029852447	251
1.759879339682995	0.3623346809483569	251
1.7540304292478572	0.36310419426742	248
1.7540304292478572	0.36310419426742	248
1.7450824087030363	0.36428778853035165	248
1.7450824087030363	0.36428778853035165	248
1.744601087942034	0.36435167368887966	248
1.744601087942034	0.36435167368887966	248
1.744087628425671	0.3644198492938495	249
1.7373592816108685	0.36531558232703915	249
1.7365469040236123	0.36542403074826724	249
1.7361488575262403	0.3654771915092744	250
1.735013322918278	0.36562893190333456	249
1.7341145051221747	0.36574912942620696	250
1.7341145051221747	0.36574912942620696	250
1.6940900640159846	0.37118283956303055	251
1.6204055951171366	0.381620311704188	251
1.6204055951171366	0.381620311704188	251
1.6204055951171366	0.381620311704188	251
