12.530273019743523	0.0739083386226419	171
5.929755962362034	0.1443052259605324	196
8.423412077762686	0.10611867461041996	182
8.423412077762686	0.10611867461041996	182
8.423412077762686	0.10611867461041996	182
4.668989897148149	0.17639826814704002	201
4.640212532841573	0.17729828338511103	199
4.640212532841573	0.17729828338511103	199
4.446421764709384	0.18360678684115075	204
4.399020119739876	0.18521879485942347	210
3.0945366138949546	0.24422788078300847	233
3.9661198358819214	0.201364452137191	214
3.631194631246861	0.21592700795880157	224
3.390066964314978	0.22778695817821973	229
3.5138604952010373	0.22153985508926596	229
3.3089546797495415	0.23207484745653556	227
3.2055736743937953	0.23777968891346155	234
2.6153774322050447	0.27659629423257553	244
2.6153774322050447	0.27659629423257553	244
2.615373615728014	0.27659658621440536	244
2.156217479234113	0.31683494771173365	243
2.156217479234113	0.31683494771173365	243
2.1054835930544487	0.3220110395162107	244
2.1054835930544487	0.3220110395162107	244
2.0931571879111406	0.3232942715967553	244
2.072497081053877	0.325468169251115	246
2.0038752622621034	0.3329033041295258	245
1.933966631340526	0.3408355055296253	244
1.933966631340526	0.3408355055296253	244
1.9220921355202267	0.3422205576081083	250
1.9098368940988761	0.3436618739792568	250
1.9055927899700418	0.3441638496116693	248
1.8955309766357522	0.3453598003506341	251
1.8955309766357522	0.3453598003506341	251
1.868624543813548	0.34859912293387846	251
1.868624543813548	0.34859912293387846	251
1.8574790397176097	0.3499588224797005	247
1.8414849152991617	0.35192866751316765	248
1.8407752240623885	0.3520165874193918	249
1.8259434744281164	0.3538641197352219	251
1.8034173822748605	0.35670749789977413	250
1.7958061245755046	0.357678592664158	248
1.7958061245755046	0.357678592664158	248
1.753586534011618	0.36316272891672297	251
1.753586534011618	0.36316272891672297	251
1.7360574276151561	0.36548940453769463	249
1.7360574276151561	0.36548940453769463	249
1.7330825216681445	0.36588723248270133	251
1.7156847966204583	0.36823124732459855	248
1.7288291802707543	0.36645752956246974	249
1.7139945365617748	0.36846057961002765	252
1.7139945365617748	0.36846057961002765	252
1.7139945365617748	0.36846057961002765	252
1.6904217384152826	0.3716889384743903	248
1.6904217384152826	0.3716889384743903	248
1.6816455488963737	0.37290536044614403	252
1.6816455488963737	0.37290536044614403	252
1.6707328415518705	0.3744290647277676	252
1.638956593248265	0.37893764624946336	254
1.638956593248265	0.37893764624946336	254
1.638956593248265	0.37893764624946336	254
1.638956593248265	0.37893764624946336	254
1.6331493799591712	0.37977336478172224	253
1.6322810977500157	0.3798986365304093	253
1.6127430309731507	0.38273951481081425	253
1.6127430309731507	0.38273951481081425	253
1.6127430309731507	0.38273951481081425	253
1.6052050693069841	0.3838469423314964	254
1.6052050693069841	0.3838469423314964	254
1.6052050693069841	0.3838469423314964	254
1.6042909658328368	0.38398167221695445	253
1.5948508150882394	0.38537860989360745	254
1.5948508150882394	0.38537860989360745	254
1.5948508150882394	0.38537860989360745	254
1.5948508150882394	0.38537860989360745	254
1.5948508150882394	0.38537860989360745	254
1.5894416617067268	0.3861836374953858	253
1.5894416617067268	0.3861836374953858	253
1.5894416617067268	0.3861836374953858	253
1.5894416617067268	0.3861836374953858	253
1.5894416617067268	0.3861836374953858	253
1.5894416617067268	0.3861836374953858	253
1.5894416617067268	0.3861836374953858	253
1.5894416617067268	0.3861836374953858	253
1.5894416617067268	0.3861836374953858	253
1.5894416617067268	0.3861836374953858	253
1.5894416617067268	0.3861836374953858	253
1.5894416617067268	0.3861836374953858	253
1.5823743711676899	0.3872405221973385	254
1.5823743711676899	0.3872405221973385	254
1.5810849491820824	0.38743397435132426	254
1.5810849491820824	0.38743397435132426	254
1.5810849491820824	0.38743397435132426	254
1.5810849491820824	0.38743397435132426	254
1.5738525137491457	0.3885226502521591	255
1.5738525137491457	0.3885226502521591	255
1.5723153065659563	0.38875483011256545	254
1.5723153065659563	0.38875483011256545	254
1.5695526554181238	0.3891727993553327	253
1.5695526554181238	0.3891727993553327	253
1.5695526554181238	0.3891727993553327	253
