10.0259963603953	0.09069475150490149	134
10.783203094769979	0.08486656743138493	129
11.492205282053135	0.0800499173221757	118
5.699827501493637	0.14925757413561222	198
4.917767849425635	0.16898263423717402	201
4.917767849425635	0.16898263423717402	201
4.917767849425635	0.16898263423717402	201
4.917767849425635	0.16898263423717402	201
4.917767849425635	0.16898263423717402	201
4.917767849425635	0.16898263423717402	201
4.892368788570275	0.1697110340309572	199
4.886649000591312	0.16987593449168623	199
4.862247862559289	0.1705830294871614	200
4.806712838999089	0.17221447447578128	201
4.806712838999089	0.17221447447578128	201
4.722549719223073	0.17474728033219533	202
4.722549719223073	0.17474728033219533	202
4.704021449328443	0.17531490876804715	201
4.720764198887007	0.17480182109141174	202
4.6304369352635515	0.17760610970295712	203
4.50932836010884	0.18151032841691878	206
4.50932836010884	0.18151032841691878	206
4.382772657548599	0.1857778627521334	207
4.382503749138263	0.18578714416317862	207
4.013593585934036	0.1994577308391261	220
4.013593585934036	0.1994577308391261	220
2.7131385315899967	0.2693139486966008	246
2.683252345931845	0.2714991822660483	246
2.711512902074191	0.2694319072530091	246
2.712000003115913	0.26939655149800207	245
2.6795844004224993	0.2717698226694236	245
2.3694345384462565	0.2967857035326553	247
2.361675919855965	0.297470673509434	248
2.3611112056260573	0.2975206527906996	247
2.151348135930688	0.31732450902466536	248
2.1450974653487926	0.31795517023479575	249
2.140984108094503	0.31837155667962164	249
2.1353757489147274	0.31894103931439094	249
2.131298991437407	0.3193562808069488	249
2.1095521338378185	0.32158971998510827	251
2.109207935464688	0.32162532090364826	251
2.083439828888423	0.3243131228412844	249
2.08324513578146	0.3243336017609726	249
2.037174284566602	0.3292534133064075	249
2.037174284566602	0.3292534133064075	249
2.0307930943325245	0.3299466406565214	249
2.0265564154576747	0.33040851143320926	249
2.0197715297632386	0.33115088017218436	249
2.0011498188317116	0.3332056246326551	250
2.0011498188317116	0.3332056246326551	250
2.0011498188317116	0.3332056246326551	250
1.9846514545480374	0.3350474972466857	250
1.947271241669974	0.33929690143937447	250
1.9394280484294675	0.34020223782456543	250
1.8900987720698104	0.3460089356336521	249
1.8881214880645656	0.34624582246023733	249
1.8862773801142145	0.3464670467536382	249
1.8858161833022289	0.3465224173965591	249
1.8815125254331744	0.34703996292699485	248
1.8813212604556906	0.347062999785677	250
1.8659585211534184	0.34892340297986774	250
1.8640791683289708	0.3491523597036055	250
1.8618275366666714	0.349427066162329	250
1.8618275366666714	0.349427066162329	250
1.8613228529068162	0.3494886985521751	249
1.8522870846919663	0.3505958447755603	248
1.837651215089144	0.35240412728756915	247
1.837651215089144	0.35240412728756915	247
1.837651215089144	0.35240412728756915	247
1.836086143085446	0.3525985987548587	247
1.8358171816832336	0.35263204076027144	247
1.8357220115283586	0.35264387550493137	247
1.8349306071868257	0.3527423202052644	247
1.8349306071868257	0.3527423202052644	247
1.8349306071868252	0.35274232020526447	247
1.8308061520951657	0.35325626209335087	247
1.821281829449027	0.3544488145642975	248
1.821281829449027	0.3544488145642975	248
1.821281829449027	0.3544488145642975	248
1.8212480564885754	0.3544530576459254	248
1.8100327466904749	0.3558677389712818	251
1.8100010426100528	0.3558717540799045	251
1.8100010426100528	0.3558717540799045	251
1.8099713827443384	0.3558755103845069	251
1.8086983320560324	0.3560368119946783	251
1.8086983320560324	0.3560368119946783	251
1.808590450407077	0.35605048783636645	251
1.8070152266842907	0.356250294082381	251
1.8068322083237796	0.35627352323892314	251
1.8068322083237796	0.35627352323892314	251
1.8060932551802877	0.3563673438699568	251
1.8020812917296247	0.3568775834418193	250
1.7974807333611285	0.35746448155105465	250
1.7974807333611285	0.35746448155105465	250
1.7974807333611285	0.35746448155105465	250
1.797162332362992	0.3575051717342476	249
1.797162332362992	0.3575051717342476	249
1.791525351515451	0.3582270888054534	250
1.7910692438675775	0.35828562913555756	250
1.7903596152116297	0.3583767463335212	250
1.7903596152116297	0.3583767463335212	250
