16.959373645612523	0.05568122918609136	138
16.49112713656171	0.05717184445533528	101
14.00851994648065	0.0666288217336507	182
12.408619905458263	0.07457889082178612	137
12.193046997518005	0.0757975015315362	181
11.829866881234757	0.07794313138685965	175
11.767256930177961	0.07832536037058206	181
10.622201829658351	0.08604221598080751	147
10.362896238141138	0.08800573190515999	157
9.370192730866153	0.09643022323235806	149
9.301920027697788	0.0970692839112899	154
7.325211250853073	0.12011707209201825	168
7.039016459043587	0.12439332660838603	162
6.969275212748222	0.12548192568382235	162
5.522568160861763	0.1533138443842463	197
6.350284058334525	0.1360491638232804	181
6.192257722260708	0.13903839915314864	178
4.700275631787995	0.17543011331301744	204
4.554718473470585	0.1800271255466887	202
4.687010749751573	0.1758393018764178	203
4.297050455232445	0.18878430712552427	213
3.902459227598195	0.20397925889327967	220
3.869059836280906	0.20537845777714284	219
3.832501108001043	0.20693218224913112	219
3.7728122884181143	0.2095200773821836	222
3.6395130011232477	0.21553986372231207	227
3.716078307590517	0.21204058431143993	222
3.5758294400358737	0.21853961409718983	230
3.5910378233215727	0.2178156744691137	236
3.530028771347526	0.2207491498343254	237
3.529378622217615	0.2207808362707362	237
3.490014980813097	0.2227164061307675	237
3.485178268290683	0.22295657835270466	238
3.484757671507016	0.22297748802645329	238
3.398387884955466	0.22735602819852826	238
3.398387884955466	0.22735602819852826	238
3.395733752699128	0.2274933051588865	237
3.395733752699128	0.2274933051588865	237
3.374958112280985	0.2285736170119871	238
3.3748894574075496	0.22857720400381842	238
3.3748894574075496	0.22857720400381842	238
3.3508262579559167	0.22984140039409778	237
3.3546192416707803	0.22964120270968166	240
3.3546192416707803	0.22964120270968166	240
3.3347966514097904	0.23069132889423394	241
3.3347966514097904	0.23069132889423394	241
3.3269102565743034	0.23111179587804045	236
3.313743123629659	0.23181723420716402	239
3.303410881135109	0.23237381407936356	235
3.303410881135109	0.23237381407936356	235
3.253673681585965	0.2350909060864194	239
3.253673681585965	0.2350909060864194	239
3.2527354228657557	0.23514277296050037	239
3.2372451176123205	0.2360023959537885	238
3.2372451176123205	0.2360023959537885	238
3.2372451176123205	0.2360023959537885	238
3.190252014145177	0.23864913055927564	239
3.1532898336855704	0.2407729872087001	240
3.1532898336855704	0.2407729872087001	240
3.1532898336855704	0.2407729872087001	240
3.1139712741717966	0.24307413284049117	242
2.971053270170329	0.25182235844373535	244
2.971053270170329	0.25182235844373535	244
2.8109114847870424	0.26240441531952324	245
2.8109114847870424	0.26240441531952324	245
2.7569005537102083	0.2661768619380751	247
2.7393514856585157	0.2674260507029859	247
2.7368680581696987	0.26760377525606177	249
2.7212053245064536	0.2687301325230235	248
2.7118594190391985	0.2694067547037777	250
2.7118594190391985	0.2694067547037777	250
2.7118568103688054	0.2694069440412065	250
2.7091233210728434	0.26960548718308874	248
2.6940069859387523	0.2707087463035405	250
2.6933555444504873	0.2707564944573415	250
2.686276619829895	0.27127644046586646	250
2.6811005321467465	0.2716578890652626	250
2.675553907747118	0.2720678366034187	250
2.671527166398032	0.27236622655336484	251
2.6039302342569095	0.2774748496778792	243
2.6039302342569095	0.2774748496778792	243
2.6039302342569095	0.2774748496778792	243
2.559748216680363	0.2809187445657458	251
2.5514728919295213	0.2815733163196688	251
2.5514728919295213	0.2815733163196688	251
2.5514728919295213	0.2815733163196688	251
2.5449133465289777	0.2820943425822117	251
2.5347471376356125	0.2829056679479762	250
2.534628261430221	0.2829151825984011	250
2.533024778517392	0.28304358522490825	250
2.5329353557143657	0.28305074939527114	250
2.514354081463629	0.28454730992374233	251
2.481011227951556	0.2872728453072133	252
2.481011227951556	0.2872728453072133	252
2.481011227951556	0.2872728453072133	252
2.4807141730844116	0.2872973620565508	252
2.459911859040008	0.28902470373261513	252
2.459618689749615	0.2890491957864795	252
2.2916142459512656	0.30380230649141676	256
2.2285723588084023	0.3097344240316419	256
2.2285723588084023	0.3097344240316419	256
