13.316830845010124	0.069847860244052	92
12.892228579578974	0.07198269120549602	101
12.833986955099075	0.0722857411421376	110
11.927918808201726	0.07735197094257587	117
10.784688644590041	0.08485586935375393	161
10.784688644590041	0.08485586935375393	161
10.938483202444154	0.08376273459892049	157
10.920828359353525	0.08388678788545452	157
10.868280540588449	0.08425820375412345	160
8.871981627951893	0.10129678495030452	147
8.87184476756776	0.10129818929946378	147
8.847759430537883	0.10154594119135384	148
8.660012485950224	0.10351953493377221	141
8.645786775321174	0.10367220666317323	141
8.379237335263566	0.10661847698855559	151
7.791171860626717	0.113750477849117	162
7.78861428141101	0.11378358043487262	153
7.7521511803303875	0.11425762414243978	158
6.4652538796607075	0.13395391719021477	177
5.810709675880224	0.1468275770939772	184
5.0787548424050035	0.164507374606402	204
3.562035847273835	0.2192003819079099	238
3.562035847273835	0.2192003819079099	238
3.562035847273835	0.2192003819079099	238
3.562035847273835	0.2192003819079099	238
3.5132992360459463	0.22156740506221995	237
3.49719225735475	0.2223609627461647	237
3.3702278427148715	0.2288210216927226	239
3.298224945604855	0.23265417995922918	240
3.3468633127956124	0.23005094203361703	239
3.3458852059021043	0.23010271846157138	239
3.279961404281827	0.23364696676927135	238
3.167830214750222	0.23993299834070378	241
3.167830214750222	0.23993299834070378	241
3.167830214750222	0.23993299834070378	241
2.9731562897597366	0.25168906709694816	243
2.9875439533708597	0.25078093475424956	241
2.820333862358867	0.26175722751690333	247
2.784915244427854	0.26420670884828884	247
2.7655839641469493	0.2655630599453487	247
2.7183382786941803	0.2689373384153697	247
2.509736386201662	0.2849216835576158	247
2.375876186691966	0.2962193945210721	244
2.502962748573107	0.285472633246625	248
2.502962748573107	0.285472633246625	248
2.502962748573107	0.285472633246625	248
2.4585834215788527	0.28913571775102576	248
2.4585834215788527	0.28913571775102576	248
2.4067511815223774	0.29353479215735656	248
2.0833289783920916	0.3243247824049851	249
2.0833289783920916	0.3243247824049851	249
2.0833289783920916	0.3243247824049851	249
2.0998388578642992	0.32259741420525695	246
2.1359489265277647	0.31888274440337777	246
2.14079907913416	0.31839031240281535	246
2.0919671086175016	0.3234187055913172	246
2.082016405992343	0.3244629061856085	249
2.082016405992343	0.3244629061856085	249
2.0538180498382737	0.32745893294230766	247
2.0538180498382737	0.32745893294230766	247
2.0345567370478457	0.3295374206688405	247
2.030604883380517	0.3299671314739454	248
2.014758255708229	0.33170155454639577	248
1.9984779314147207	0.3335025379120223	248
1.9984779314147207	0.3335025379120223	248
1.9507078971254586	0.3389017262515842	249
1.9507078971254586	0.3389017262515842	249
1.9507078971254586	0.3389017262515842	249
1.9334128095207597	0.3408998545156599	249
1.9334128095207597	0.3408998545156599	249
1.9023357505285525	0.34455007482090494	248
1.9023357505285525	0.34455007482090494	248
1.8916935975326983	0.3458181049517963	248
1.8688618793242089	0.34857028398856227	249
1.8410702716375063	0.35198003019602553	249
1.8354937440204413	0.35267226461311174	249
1.8354937440204413	0.35267226461311174	249
1.8319536072252065	0.35311312920122867	249
1.8319536072252065	0.35311312920122867	249
1.832193082092162	0.3530832718725846	249
1.8090372155110743	0.35599385956090324	250
1.7858268941067825	0.3589598485517634	250
1.786631861230774	0.3588561567505832	250
1.786631861230774	0.3588561567505832	250
1.786631861230774	0.3588561567505832	250
1.7807884381567352	0.3596102408505614	250
1.7804112833722336	0.35965902094424884	250
1.780250866419164	0.3596797728141541	250
1.76752395773639	0.36133381870266407	250
1.76752395773639	0.36133381870266407	250
1.7659672071399322	0.36153718576946575	250
1.7648882240480452	0.36167827375528044	250
1.7648882240480452	0.36167827375528044	250
1.7623639911662863	0.36200877335422915	248
1.7502001825318116	0.36360989514567205	247
1.7560937301413402	0.3628323627254568	250
1.7373936790687483	0.3653109918556532	250
1.7483543372390353	0.3638541022350809	250
1.7556999861418094	0.3628842054755302	250
1.7557224592231708	0.3628812461331453	250
1.7373936790687483	0.3653109918556532	250
