16.94606776801631	0.05572251330635292	135
13.727400796047663	0.06790064410200382	116
12.62940393610159	0.07337078016678324	141
7.758991552579219	0.11416839415783371	195
6.585445958607399	0.1318314052274375	185
6.150725393142592	0.13984595198677058	175
5.629577441535337	0.15083917622484413	190
4.827866940581472	0.17158936712103892	206
4.536653156582338	0.18061452861845503	204
4.367705797273267	0.1862993311794377	206
3.862650757212077	0.20564915103492526	221
3.8779785777762203	0.2050029503114139	221
3.847749138356725	0.20628130116876814	222
3.801403410523518	0.2082724392222993	224
3.7871852405706  	0.20889101836402027	225
3.574060849082928	0.2186241138878802	220
3.5660013014933476	0.21901001203677756	221
2.6439138907407918	0.27443019510999045	243
2.6439135678922745	0.2744302194243382	243
2.643145080795242	0.2744881078910301	243
2.6413222475927403	0.27462551567939225	243
2.6401917520545215	0.27471080319755153	243
2.626579821613474	0.27574189710102603	242
2.6248428164452062	0.2758740311340383	243
2.5888249851026366	0.2786427324127095	242
2.581131004834222	0.27924139012230637	241
2.5796163823877696	0.279359543922121	241
2.567742215937422	0.2802893088892216	241
2.550987681347817	0.28161179078504683	242
2.550987681347817	0.28161179078504683	242
2.537994058333543	0.28264603713637027	243
2.4617141751880833	0.2888742251360679	245
2.5324208789993734	0.2830919741034	244
2.529812491474842	0.28330116753090634	243
2.516108372912869	0.2844053407749672	244
2.5153481686054975	0.28446684426046187	244
2.4938558780576985	0.2862167287094622	244
2.493840544444326	0.28621798484482464	244
2.4520074499308557	0.28968651270437734	244
2.4419246037123603	0.29053512645844387	246
2.436560947508025	0.290988582852033	246
2.3788159597617904	0.29596166583470884	248
2.1725035486115423	0.3152084732695267	244
2.172484230262275	0.31521039268249673	244
2.157568387528851	0.3166993956329197	246
2.1086312627810324	0.3216849846338429	252
2.108620864428562	0.321686060671739	252
2.0723145912369576	0.3254875014597336	250
2.048903652816256	0.32798674995069305	246
2.0427438373098936	0.3286507354769981	252
1.9980530847176476	0.33354979773287724	252
2.0040101477747405	0.33288835616642737	245
1.959441357581967	0.3379016101934378	251
1.955018629963155	0.3384073419572548	251
1.899796726390276	0.34485175836611814	253
1.8997969725377684	0.34485172909358763	253
1.8839747632005515	0.3467436722262538	252
1.883973024149153	0.34674388131457157	252
1.8753038937361248	0.3477893248704977	252
1.874968668936602	0.3478298775234589	252
1.8732727633797668	0.34803517881947355	253
1.8630473772561291	0.34927818796990157	252
1.8630473714808893	0.3492781886744534	252
1.8608848160651814	0.34954220959352894	252
1.8578930239359814	0.3499081286894245	252
1.8566846697870687	0.35005613695351884	253
1.8559426221361588	0.35014709057846205	254
1.851859945628691	0.35064835548210993	254
1.8243266932910251	0.3540666886643902	251
1.8243266932910251	0.3540666886643902	251
1.824322778030799	0.3540671794946998	251
1.7858004875539362	0.35896325112572836	254
1.7857886615720868	0.3589647749645431	254
1.7779124794109684	0.35998254351484865	253
1.7468825118657099	0.364049061319623	252
1.7449538252197352	0.3643048530770639	251
1.7439576130836711	0.3644371163868657	252
1.741337771467213	0.36478540164161605	252
1.6483776585330958	0.37758965258523136	256
1.6066312033587788	0.3836369328777498	255
1.6066312033587788	0.3836369328777498	255
1.5802941977947431	0.3875527065303845	252
1.5802936428137664	0.38755278988693587	252
1.576174164681113	0.38817251322128027	250
1.490078020491162	0.40159384234986834	254
1.476854331229401	0.40373791360739586	256
1.476854331229401	0.40373791360739586	256
1.476854331229401	0.40373791360739586	256
1.475613393632579	0.40394029317019287	255
1.4398820447030392	0.4098558789638993	255
1.4064047361066796	0.4155576927669695	255
1.4064047361066796	0.4155576927669695	255
1.4053647858156246	0.41573735755049496	255
1.38922715442865	0.4185453853336669	256
1.3752952231174878	0.4210002993596463	256
1.3595455373056269	0.4238104262831492	256
1.3586247881696012	0.4239758714551817	255
1.3545463106525313	0.42471027028678965	254
1.3364269457800404	0.42800396640098654	257
1.334121396374253	0.4284267311688959	257
1.334121396374253	0.4284267311688959	257
