0.8803221446262023
0.8733077578256332
0.8813460454615506
0.8897965528507301
0.8881111056010899
0.8931009606972332
0.8924859553901898
0.8726628335150507
0.8469256859812625
0.835213987236302
0.8328969125759087
0.8353403126792956
0.8393262128771888
0.8604956983303211
0.8748835019317738
0.8633845620028203
0.8557850888987467
0.8545517536681333
0.8465167902571732
0.8455992685361519
0.8659709088697726
0.8955177660220387
0.9195894122432843
0.941058089493868
0.9587868685910622
0.7743118244640933
0.5785572476740928
0.387150925698826
0.19578449598932413
