0.11379597838733857
0.06577418027587767
0.07379662824168151
0.07452990983677218
0.07460727429703207
0.0808199318265954
0.08942734238394942
0.09485942356430999
0.10223883904630131
0.10277362143966426
0.08482934809168753
0.07760429619947566
0.0893466170790008
0.0972643107329374
0.10919766225828528
0.13390359571285043
0.14463809616711293
0.14750659560762566
0.14469862764039088
0.13869920871755803
0.12341075582274577
0.11090623165649136
0.1130419291196148
0.10366492316718343
0.09571038558005979
0.10598565900092971
0.10761352685274436
0.10480174973284995
0.12880857061602935
0.1522111203331426
0.16225537488684272
0.18039893792900985
0.17617927381347448
0.15907435631490857
0.14372003403756384
0.11854758078822525
0.10241037318580365
0.1041088916245353
0.11620340431287426
0.1197045268011924
0.1507987649967522
0.17723840177698202
0.20142509228060698
0.22258289295566452
0.24571369839936216
0.261219326449091
0.26498286067896115
0.26737533172277306
0.27848019421295583
0.27948814685165657
0.2808992655446526
0.28430267700169054
0.2891976284028939
0.2706985011124061
0.26145119033609854
0.24271585965829817
0.22482488960021185
0.21517766876897287
0.21977950721272838
0.23850801501497346
0.2701138452163128
0.3059033013740071
0.3320497992009027
0.357007416776414
0.36380216389409914
0.3680687538229626
0.3602302870799125
0.35160884788141644
0.3429865856602029
0.3327147059155505
0.32024862203657933
0.31134811122801653
0.2995579401757447
0.2965346060990681
0.31404185844152355
0.3314621252553358
0.3526160682879539
0.3631576257185434
0.3659673756400792
0.3474892004004205
0.323953015618096
0.3052079840138838
0.29070604943100503
0.3030145132749683
0.3287151213260848
0.35433167418061917
0.3810652689726587
0.42032417699472413
0.42472195341457497
0.42582890454506694
0.4248527756381456
0.42134061944512
0.4112896538167341
0.424493852499428
0.43762193909607505
0.4666401098095497
0.5143182108013744
0.5632349279997703
0.6023969231599504
0.6423688833278546
0.6501088562021544
0.6217331314770903
0.598904811370212
0.5644733858146559
0.5007693814211513
0.44416162273466553
0.4090082102042516
0.37291582731178163
0.33450791633011095
0.32481276430021067
0.33491088028719784
0.3513805430028743
0.3433962285285397
0.35994157613016853
0.39124759295996336
0.4144567227248752
0.4016266115067727
0.4060757855354422
0.3849282565745633
0.3487281358810335
0.30649448532096724
0.2780870902316302
0.2437778823966119
0.22585680152457546
0.23845760090165724
0.25308028746643924
0.2705439372206094
0.30271219368985086
0.3464684926434412
0.3522904013934154
0.3612239815396986
0.38439127520326155
0.38910652373493326
0.38164590310302227
0.4105381269199675
0.4386079599483663
0.4738542034862372
0.5119999740831938
0.5431614803832232
0.5358113138919103
0.5301214261013079
0.5162812738352014
0.4981088593185937
0.45885192065748126
0.4174123125657394
0.3713885587488397
0.3286311651003439
0.32489672342998666
0.320026958442402
0.3207154570487712
0.3450314244996313
0.3593238666194587
0.33952133716915245
0.33485379386860387
0.3543350315662745
0.3450717164544929
0.33111287718639926
0.3342930013486299
0.355953243969094
0.3530693133826899
0.3468579742422666
0.3457365305679762
0.3210513083192543
0.2930005560876666
0.2620426094989825
0.24384173760823463
0.24943737432072804
0.2868358497280893
0.3147270394610284
0.35644675966656925
0.3848544221271803
0.39494902674411236
0.381904334670043
0.36854541711866684
0.35060161624266817
0.3527940091961408
0.3533546891917124
0.3578198596507023
0.3690992833149022
0.3866868465050729
0.3917006337606505
0.383589152950507
0.3749297658355839
0.36215388187158104
0.34495084073473825
0.3459245584268982
0.37038491029422715
0.39403626836255656
0.4169560654971659
0.4397113485361084
0.44415156193707506
0.44107630738313763
0.43222541814222615
0.4203979788635147
0.41579195247895545
0.42928718289930134
0.4461032912586267
0.4732575281760102
0.4975794220699228
0.5120602763542584
0.5176781593598496
0.5333565906843932
0.5561283361109428
0.5764214253608211
0.5989516419312317
0.6228398459369208
0.625079949989502
0.6320971905519361
0.6498582285158454
0.6747008402192328
0.6841954796786893
0.6990997978210058
0.7119134988378777
0.7263416407577364
0.7374531659061403
0.760467710640513
0.790109278502436
0.8118460384000845
0.8204115907308438
0.8270150745418439
0.8237800398064961
0.8087196309257758
0.7873109878258957
0.7683342056892257
0.7586075357561103
0.7584041781807991
0.7670576673521736
0.7733533216320928
0.7934236703131288
0.80570952357998
0.8179216808626838
0.8325093554828028
0.8630512667326078
0.8860326995441448
0.9011784196315006
0.9141131448975306
0.9226750178327191
0.9187246653330585
0.8996073355881476
0.8829124045309782
0.8708208221370137
0.856094859174497
0.8434722788435344
0.8571024878837025
0.8791803270190137
0.8877107027675191
0.8940000297491726
0.900155396103608
0.8999826747812762
