0.046595321694547685
0.05916477210406024
0.06638146438956752
0.06704110342087745
0.0671106983302146
0.07269947417429116
0.08044266717123892
0.08532944188852276
0.09196819340607783
0.09244930627263309
0.07630630717503548
0.06980674547615472
0.08037004615608852
0.08749293646780669
0.09822871163548488
0.12045672872534273
0.1301152952274826
0.13269635961920032
0.13016976085519136
0.12477161452989004
0.11101602437762705
0.09976585185252897
0.10168727721293676
0.09325116087201979
0.08609498606943695
0.09533900886495629
0.09680352842326075
0.09427390390984934
0.11587254053165408
0.1369295471603899
0.14596781115550558
0.16229538809486815
0.1584979252189378
0.14310534119883137
0.12928923374184936
0.10664062126836069
0.09212251268458596
0.09365057547521734
0.10453159213858013
0.1076815193372211
0.13565868304846854
0.1594510729910194
0.18121915817296066
0.2002639633951075
0.22108797823137988
0.23504932736225193
0.23843829820857199
0.2405927153614432
0.25059320491146403
0.25150096483866036
0.25277182877237636
0.2558370317800518
0.2602457195583882
0.24358529735396822
0.23525811209026334
0.2183889051578319
0.20228221647870676
0.193597979063698
0.19774039055870635
0.21460052006472505
0.24305879664252772
0.27529335495941665
0.2988497273601017
0.32134099480567974
0.3274653489658149
0.3313112256142383
0.3242458268578368
0.31647540104703464
0.30870497523623247
0.29944884890848716
0.2882168315926253
0.28019828470773134
0.2695774924724809
0.26685421251268643
0.28262502999914635
0.29832020072105336
0.3173831611524364
0.3268843828048711
0.32941703324589033
0.3127626627184807
0.2915543627388445
0.2746670004189714
0.261604333788883
0.27269110943085484
0.2958450416571453
0.31892937897409857
0.3430273815460579
0.37843002209261867
0.3823969333504802
0.38339546932385776
0.3825149420323104
0.37934685962443315
0.3702813629936685
0.38219117455007656
0.3940344169465499
0.42022026768965104
0.46326927368817344
0.5074711347603762
0.542885878839163
0.579060115600059
0.5860680229793495
0.5603814403120397
0.5397268740359038
0.5085907055213973
0.4510326685437183
0.399934857097045
0.3682237737421943
0.3356805772246998
0.3010646618176919
0.29232898470258223
0.30142776582421155
0.31626964206842556
0.3090741309197624
0.3239856020733136
0.352207860931045
0.373137781095127
0.3615668668371975
0.3655791661181496
0.34651015400975627
0.31387920737368846
0.27582590752607283
0.25023917850956245
0.21934507921393215
0.20321115789915803
0.21455513221983985
0.22772067825013004
0.24344610753529386
0.2724187814705165
0.31184279908085294
0.3170896518770485
0.3251414832528072
0.3460260153937986
0.35027735814422445
0.3435508563298906
0.36960356893132773
0.3949240216645099
0.42673193274255233
0.4611753736618159
0.48932803778841555
0.4826862603432525
0.4775453128748666
0.46504243162528874
0.4486301304949607
0.413191179351722
0.3758035700342211
0.33430380778496877
0.29576939489259246
0.2924046311107243
0.2880171242910266
0.28863742697625616
0.310547728082685
0.3234288427986163
0.30558228085144584
0.3013763261241107
0.31893240490170643
0.3105840385011575
0.29800551048702684
0.3008710061931034
0.3203908724265898
0.3177916528256358
0.3121937993769412
0.3111831598713376
0.2889400136780568
0.26367100064497545
0.23579066465691953
0.21940257041283795
0.22444063865922742
0.25811853521937134
0.2832423067567681
0.32083567505287797
0.3464435852062324
0.3555453922554695
0.3437838483005594
0.33174089860248734
0.31556764094163287
0.3175435319297494
0.3180488516825512
0.32207325449572927
0.3322401666782788
0.34809570835570425
0.352616353317066
0.3453028334865726
0.33749609725729796
0.3259796486270771
0.31047510742394535
0.3113526087878849
0.33339907360717486
0.3547223565192388
0.37539205207700305
0.3959195318884851
0.3999257793142216
0.3971510596543262
0.38916579743850227
0.37849659143075887
0.37434207640352446
0.38651513831565276
0.40168683407552175
0.42619332867709125
0.44815204337780784
0.46122983946773005
0.4663042179543867
0.48046830013625996
0.5010472196478429
0.5193930496708048
0.5397692361313866
0.5613830022130252
0.5634103329012426
0.5697616271768309
0.5858410830421017
0.6083414280922979
0.6169439670657436
0.6304514361439147
0.6420677386031403
0.6551515861918673
0.6652307482558435
0.6861152805750402
0.7130303650805832
0.7327801971789252
0.7405657522713558
0.7465690718220527
0.7436279293514233
0.7299389081808897
0.7104886368567404
0.6932563259177893
0.6844268468288904
0.6842422688089201
0.6920974189888932
0.6978132811194182
0.7160411022823444
0.7272035246888692
0.7383024038630669
0.7515647776165487
0.7793482860596185
0.8002691286190824
0.8140640549392203
0.8258498059585824
0.8336535162602491
0.8300527347583097
0.8126328200499858
0.7974278397992522
0.7864197366712357
0.7730181729208743
0.7615350087815183
0.7739350106308941
0.7940297915265193
0.8017971914097137
0.8075251570724645
0.8131320881257773
0.8129747429196614
