0.859589841799261
0.8527406495154747
0.8605896289367855
0.8688411200007444
0.867195366405287
0.8720677063536549
0.8714671849220242
0.8521109136971834
0.8269798969302167
0.8155440182205475
0.8132815125538175
0.8156673685965671
0.8195593976014599
0.8402303244464917
0.8542792835657276
0.8430511530288258
0.8356306537000691
0.8344263645177056
0.8265806310331495
0.8256847176952486
0.8455765893225425
0.8744275939464989
0.8979323333120572
0.9188954057442572
0.9362066576677472
0.7560761509379123
0.5649317537174524
0.37803320637265037
0.19117361179829395
