0.9479543021872151
0.9530784714957032
0.9527604824832827
0.9529054344939134
0.9538156176120904
0.9532527519900338
0.9525748822570782
0.9559050361575843
0.9663239848554896
0.9712419838450759
0.9697869734248918
0.9636182741466918
0.9546773435224486
0.9351599914641069
0.92421722886515
0.9232273814611253
0.919430737496617
0.9127780272849756
0.9110432575863273
0.9041192758956682
0.8845542304088537
0.8673144053887466
0.8562106822147941
0.8494048617136081
0.8435374700088963
0.8995797818213674
1.0358135074621173
0.8246149656844681
0.836415783896739
