0.8120277918184357
0.8075980139433475
0.812670547215117
0.8179375983551798
0.816892478475665
0.8199787939031836
0.8195996784223323
0.807188411432753
0.79052687774229
0.78274339080409
0.7811887038201115
0.7828280114638024
0.7854905738025703
0.7993881748342849
0.8085971584379312
0.8012526623171288
0.796331351916447
0.7955276268579284
0.7902572390026696
0.7896516391045766
0.802915330722075
0.821465133165125
0.8359641513847094
0.848422118936567
0.8583685880919198
0.7402916077908757
0.5832995522310724
0.40478769103346135
0.20919455850597213
