0.055278937852991886
0.07016894870378329
0.07871113455481527
0.07949165121126088
0.0795739964246322
0.08618485634093069
0.09533780738855288
0.10111019253024225
0.10894657108075402
0.10951421938900431
0.09044931720903147
0.08276355601415065
0.09525200089123612
0.1036646935696931
0.1163302939777932
0.14249156782670316
0.15382937673178737
0.15685582428991013
0.15389325584847424
0.14755904476325576
0.13139138889682866
0.11814224720634312
0.12040663508031692
0.11046022023601826
0.10201416992869979
0.11292292083451466
0.11464996754709254
0.11166667244625784
0.13710372561381107
0.16181628147822738
0.1723935046403125
0.19145007897835778
0.18702406179146217
0.1690457265687271
0.15286046542261114
0.12624120339470413
0.10912865089992276
0.11093139874987915
0.1237574893671833
0.12746673422802943
0.1603275039437935
0.18813533484713388
0.21344633705054702
0.23547453552215886
0.25942254784807367
0.2753905127259144
0.2792553282309653
0.2817099011907629
0.29307929279254535
0.2941092897273871
0.29555071157119883
0.29902451053443607
0.30401393013776973
0.28511635292362325
0.27562874232149737
0.2563271924992688
0.2378020952659606
0.2277774284763146
0.23256231375204406
0.2519781599630296
0.2845172974890859
0.32098018043811355
0.34733240242313945
0.37224000433369836
0.37897711345903
0.38319756427849877
0.37543794533544594
0.3668735582201952
0.35827796205245743
0.34799917835228666
0.3354699041871227
0.3264886359225768
0.3145472976110414
0.3114772880683742
0.3292098989771944
0.3467429340016846
0.36787569483487365
0.37833887457379645
0.381119877047506
0.36277039899816194
0.3391992352098777
0.32027596898480615
0.3055498353142333
0.31805331322025937
0.3439857770830481
0.3695816833506157
0.39600524393825093
0.4342307286945623
0.4384674092620273
0.439532322775039
0.43859329467891073
0.4352107744794391
0.4254978254792335
0.4382478960870159
0.45083985954626704
0.4783613604677536
0.5225896499306498
0.5665818644751601
0.6007091676617994
0.634472214263036
0.6408796742590952
0.6171807238533524
0.5977072392757433
0.5676763798142415
0.5101516433530895
0.4570802258837457
0.42328638395323964
0.38798278014315696
0.34979657479384346
0.3400640326992521
0.3502003072610516
0.36664634797542806
0.3586870151081654
0.37515164429659037
0.4059876217241357
0.4285636166285178
0.4161144890660828
0.4204403246957423
0.3997978302713827
0.3640051007008327
0.3215787906390243
0.292677501661494
0.25742405613820535
0.23887294345388152
0.25192602405639014
0.26701769489121724
0.28495799279277395
0.31774683735495257
0.3617527130539847
0.3675517171353075
0.37642307848447226
0.39927103196462255
0.4038924561555491
0.3965757187354838
0.42476963034759324
0.45178213791053745
0.4851344449659759
0.5204690324676214
0.5487066837633292
0.542098915580966
0.536961139072532
0.5243829089964152
0.5076968397864203
0.4710180188265763
0.43142036208912027
0.3864760931282232
0.34390146491232054
0.3401484698834289
0.33524658529939566
0.3359401652967508
0.3603191878495986
0.3745389738654611
0.3548150308865457
0.35014311581946855
0.3695850207287141
0.3603593917806761
0.34639255630230453
0.3495812240667042
0.3711930485896656
0.3683265166295005
0.36214109119984694
0.36102265935351985
0.33627843096929616
0.30788466468594006
0.27623632397691367
0.257489995925925
0.2632637398668048
0.30160757461975857
0.3299016555996921
0.37168324289920474
0.3997254036077031
0.40960479397911864
0.3968295805891769
0.3836685915370222
0.365870995677539
0.36805269441916294
0.3686103234083966
0.3730465705624661
0.3842157867672944
0.40152216999544743
0.40643068369587193
0.39848388163506127
0.38996803536234215
0.37734459188541286
0.36023877817690975
0.3612102175718729
0.38548542232683086
0.4087133937045416
0.4309796473783059
0.45283599515884354
0.4570706422687175
0.45413882791276394
0.4456740924508587
0.43430190475788016
0.42985471142689835
0.44285538659975765
0.45892883174960364
0.4845753118428303
0.5072078590407103
0.5205242340214757
0.5256575852379303
0.5398847879860202
0.560282431271989
0.5781851869097531
0.5977475506692548
0.6181156776261221
0.6200055070368196
0.6259027398982278
0.6406728712164198
0.6609481029740768
0.6685761212813817
0.6804124666286685
0.690451847532134
0.7016022736616846
0.7100767754604169
0.7273115445810967
0.7488623779533709
0.7641910793853541
0.7701188450032588
0.7746447704900481
0.7724323324335002
0.762011497797334
0.7468595640064274
0.7331026191572446
0.7259346452209885
0.7257839469599487
0.7321663658163878
0.7367706066732735
0.7512259382302539
0.7599049686471464
0.7684023351083319
0.7783810771864663
0.7986574990118722
0.813353493439327
0.8227700085986961
0.8306404045101518
0.8357622818741868
0.8334078330005366
0.8218032506798436
0.8113868429596195
0.8036804448704582
0.7941133965622215
0.7857559024682962
0.7947743354455955
0.8090227047370726
0.8144073462446788
0.818333856175478
0.8221407613887722
0.8220344254521676
