0.05660621399276271
0.0718526500142221
0.08059897044439475
0.08139812538208782
0.08148243680953689
0.08825105792815638
0.09762211852091614
0.10353185167698771
0.11155441467015373
0.1121355368775864
0.09261718603473293
0.08474813460071443
0.0975342691126297
0.10614708074503856
0.11911325795313654
0.14589226621582865
0.15749629523962136
0.16059363734849819
0.1575616714788671
0.15107885185072906
0.13453053787206187
0.12096813708057069
0.12328614150014444
0.11310398835835825
0.10445732314007483
0.11562511054835714
0.11739310659407967
0.1143390650047668
0.14037757996913736
0.1656701325718787
0.17649408986492027
0.19599262623937336
0.19146427040393293
0.17306832345092538
0.15650467179273142
0.12925871569068914
0.1117408165937403
0.11358634708657775
0.12671628014435665
0.130513206737738
0.16414654991966537
0.19260125657104316
0.2184944717331055
0.24102350409896536
0.26550900813351747
0.28183089516230453
0.28578079883924756
0.28828929198160697
0.2999071905964271
0.30095959721291715
0.30243235067455265
0.3059815158816319
0.31107882706296347
0.29177041744922694
0.28207437626633963
0.26234461913304113
0.2434036360898989
0.23315205970452274
0.23804540795118453
0.25789836720243914
0.2911582432528902
0.328408693410128
0.35531500215579154
0.3807332247450991
0.3876060923349364
0.39191105378469243
0.38399573662034087
0.3752579042357317
0.36648659656819765
0.3559956189991877
0.34320475884760504
0.3340340782914261
0.32183854923088284
0.3187027697214338
0.33681289548565707
0.35471328996353463
0.37628042103999765
0.38695503714968155
0.38979181487690523
0.37107106898499775
0.34701227926166245
0.3276894927913462
0.3126478588377991
0.3254194679085087
0.3518987702578194
0.37802105236724914
0.40497259466773133
0.4439307874139679
0.4482462104739086
0.449330834680236
0.4483744276481173
0.4449290941496384
0.4350339652207943
0.44802263018711286
0.4608455985031949
0.48885487490590346
0.5338122909546792
0.5784520842344827
0.6130191424415657
0.6471545053641332
0.6536247922772199
0.6296807024939215
0.6099809576436052
0.5795616038567267
0.5211765825715682
0.46719867318706154
0.4327806767190444
0.3967915805195948
0.3578302800816289
0.3478951688008771
0.3582423737633034
0.375026070178147
0.36690404780825353
0.3837036642679509
0.4151500259222373
0.43815754606436186
0.4254721507611711
0.4298805642993551
0.408839583089657
0.37233098893786587
0.32902003784531764
0.2994966529441788
0.2634659608101956
0.24449864812551853
0.25784506425438775
0.27327296512686783
0.2916085899316523
0.32510645335095606
0.37003257224149705
0.3759498571302865
0.3850007139259168
0.40830247166838635
0.41301413056732283
0.4055542837954021
0.43429200538541324
0.461804972147567
0.49574418313298596
0.531658394913963
0.5603239892315501
0.5536190986202689
0.5484045040366763
0.5356335513928169
0.5186820554158227
0.48138377694783385
0.4410679040061769
0.3952549425089631
0.3518127015322651
0.34798137165967546
0.34297674915515036
0.3436848945780107
0.36856969453823313
0.38307863720709256
0.36295242555751095
0.3581839981046551
0.37802445745239516
0.3686107222810268
0.35435563124113856
0.3576104681038172
0.3796650791052776
0.3767404037993631
0.37042889504476906
0.36928757570902226
0.34403026052571645
0.3150329676590978
0.28269534746758573
0.26353337159833123
0.2694356786092743
0.3086204893347081
0.33751926012257866
0.38016519779941094
0.4087657389444451
0.41883724940947836
0.40581313344146414
0.3923914869887094
0.3742349305747761
0.376461017899694
0.37702997537703237
0.3815560985945045
0.39294960257896905
0.41059763132623356
0.41560168653918117
0.407499898358638
0.3988162167336269
0.385940769758746
0.368487637100262
0.3694789739961848
0.39424454888206767
0.4179286175047883
0.4406189334123746
0.4628779168775122
0.4671889174032927
0.46420429949115327
0.4555856340463863
0.4440032906092659
0.4394728992488605
0.45271519251859665
0.4690804354719174
0.49517551504626106
0.5181851347930421
0.5317144650018895
0.5369280529076804
0.5513720042816983
0.5720651967646394
0.5902115278631903
0.610021759141089
0.6306259744985645
0.6325365028460349
0.6384969557360404
0.6534160028320546
0.6738723169441925
0.6815609983542099
0.6934828706959524
0.7035861874202191
0.7147978391175143
0.7233116245678676
0.7406056612251071
0.7621881032056976
0.7775073369504855
0.7834236691770113
0.7879377814402445
0.7857314577965697
0.7753308388720838
0.7601844871819102
0.7464100748183823
0.7392250891869923
0.7390739774319318
0.7454718984878663
0.7500847124425406
0.7645520199006651
0.7732267298284654
0.7817109347749397
0.7916622598111903
0.8118395101882337
0.8264230718845931
0.8357475006541267
0.8435278348272325
0.8485842759482534
0.8462605964969945
0.8347909637426866
0.8244736109117204
0.8168281056972923
0.8073230085019145
0.7990080284686915
0.8079801335196138
0.8221292360946324
0.8274674295537493
0.8313567847260969
0.8351249265575875
0.8350197107776443
