0.16285013271314536
0.2448733847575047
0.3159471452809694
0.31338674331641864
0.36025915563270405
0.3927618318746922
0.4278944247462916
0.4023218119395301
0.428121526405784
0.43172592448212727
0.4313072078307657
0.4336065792067446
0.4180482626501226
0.4350825338287171
0.4481555078784344
0.4617168962777199
0.44735185821316686
0.46551549649391644
0.46446073203488847
0.46424511733499385
0.45673170630381643
0.44992945499328546
0.455719650594775
0.4680939630256393
0.4698426263151478
0.45329238964982466
0.45619940254711
0.4817768121220694
0.4661033928606407
0.4723801468625074
0.4725255829976079
0.4778436097105203
0.47589849887345376
0.4824530179666227
0.48310467574098065
0.4815281511470581
0.4838333876293084
0.4852167544080446
0.47979578718593496
0.5037729816794652
0.48158122688816213
0.4868682506059998
0.47787099630106333
0.48855255924832963
0.48874821215852515
0.4890980686636633
0.4870566157249863
0.5014914810762641
0.5032151971773176
0.5001549957721704
0.5100950080513333
0.5017459689686649
0.5068518438745067
0.5125646942043912
0.5091657904533601
0.508805263431789
0.5173165931544894
0.5137413899050433
0.5073274915881579
0.5163583280303363
0.5112702638772946
0.5186585168199527
0.514889274735949
0.5146785981484554
0.5177894372991441
0.5195380015481657
0.5178894214841928
0.520009274196663
0.5195251590718144
0.5205813259159827
0.5116376878174747
0.5190222094432343
0.5211989653384702
0.5170165384548259
0.5174838264199866
0.5199308365703333
0.529607903802354
0.5100241643372392
0.5199273550769811
0.5139306979158393
0.5169199712182834
0.5220629105965546
0.5224303789367334
0.522237204040576
0.5206132835322829
0.5186229665221862
0.520775689365401
0.5224684914322044
0.5177340070906905
0.5222072240225761
0.5168881059767128
0.5225352215652614
0.5135305673697721
0.5157283650758859
0.5184156012262464
0.5219060073755045
0.5226333320439291
0.5231986512016944
0.5157001152041213
0.5193040853812235
0.5620623460097206
