0.7324623581476821
0.7265819815129795
0.7330241073875154
0.7395889345179983
0.7381898266705641
0.7420662970014671
0.7415463878177598
0.7254914017770742
0.7042130446884608
0.6944951854909097
0.692429893370296
0.6945039106715462
0.6982332397377301
0.716444437327133
0.7281246655099154
0.7183315252634389
0.7121652947338495
0.7111036363204571
0.7038467954348883
0.7028205442733456
0.7202208103304066
0.7449178207291
0.7649546281870312
0.7824700692538887
0.7971088993773924
0.6445250460863272
0.4833949787043433
0.3238496114064042
0.16365790840991756
