187.65
211.6
221.1
222.05
223.9
228.05
231.3
228.2
231.15
232.65
230.7
232.65
231.9
232.55
234.1
236.15
235.05
236.0
236.2
236.05
235.45
235.1
235.65
236.25
236.05
235.0
234.8
237.95
235.9
236.2
236.3
236.8
236.9
236.7
236.75
236.75
237.1
237.0
237.1
240.55
237.15
237.55
237.9
238.35
238.25
240.05
239.65
240.35
240.5
240.4
241.0
240.6
240.4
241.0
241.35
241.0
241.7
241.6
241.2
241.7
241.3
241.95
241.75
241.85
241.9
242.0
242.05
242.05
241.95
241.95
241.5
241.75
242.0
241.8
241.9
242.1
242.4
241.65
241.95
241.75
241.75
242.0
242.0
242.0
241.95
241.6
242.0
242.05
241.8
242.1
241.65
242.0
241.55
241.65
241.7
242.0
242.0
241.95
241.45
241.7
246.2
