7.093854114406758
4.435174088132794
2.881323989312296
3.1962568420105297
2.521751424854538
2.2968682543645302
1.8583785378671576
2.1148431202501516
1.9851445439149351
1.9173597913982345
1.9480507487689096
1.9020518808803781
1.9930327062833804
1.8694971232615862
1.7410488563708086
1.6437467494446583
1.7231522216401287
1.6269488431336037
1.6312874699573066
1.6494074497767652
1.6788641659355261
1.7455616328263772
1.6775795102959024
1.6250225384719563
1.624524326179095
1.728874852721734
1.7530326934806972
1.5283892703258686
1.6302624344141026
1.608330911464187
1.6154441779048454
1.578100073955849
1.583731388371931
1.557735496108751
1.5599878266375253
1.564755310246317
1.5543678081752357
1.5515713728655343
1.551223866029972
1.207781697332616
1.5413436593701935
1.5199692069321422
1.5409140183024725
1.4933575716875869
1.4916057759158299
1.3999511264666762
1.4449757246491466
1.351775456615065
1.3444045096520894
1.3546222669478307
1.3170306438839272
1.3462572978109595
1.3429713589693162
1.3091380113223803
1.3173208728635184
1.317994822591454
1.2644858104091832
1.2728652301081613
1.2980274128944964
1.2642782870989795
1.3058938141474805
1.2518457678278678
1.2658473176618803
1.2626656799827949
1.2518431776487597
1.2458175097205895
1.2474466381082947
1.2443848098596255
1.245596835924614
1.241300735636004
1.272676399719119
1.2606727649956793
1.238777212151866
1.2514262365120015
1.2484760328888937
1.2417162356726106
1.2089082392001405
1.2796900231087145
1.241629851249095
1.2628418156339816
1.2545077669980587
1.2333805532882625
1.231430832309059
1.2328362407618207
1.2373728074157748
1.252463008101384
1.235281888736022
1.2314183410800241
1.2495231564074625
1.2323638514528779
1.2541850666393157
1.2321088286781794
1.2666430234396002
1.2603544585843627
1.2477452089707834
1.2330494287657259
1.231056437111405
1.2289590712834468
1.2839592571566532
1.2722380188175744
0.8319686442762164
