0.09844887253446699
0.10450129710600095
0.10737325695774587
0.10726865544959226
0.10429618714246584
0.09912915515661333
0.09275765053611276
0.08609679935726992
0.07978088763883605
0.07417714247527064
0.0694992498217154
0.06590117496806826
0.06350437718128998
0.06237555222267512
0.06249424305021966
0.06373890241338959
0.06590078287484243
0.06872112156314478
0.07193881345630224
0.07533312332075176
0.0787512405040019
0.08211999330180796
0.08544586978056265
0.08880448414241865
0.09231660201120062
0.09611052590612892
0.10027917779143855
0.10484672456555147
0.10975792496297301
0.11489428292500886
0.12011042072030376
0.12527778875567744
0.13032277816383298
0.13524970584102458
0.1401424554039002
0.14514177473285014
0.15040099070049323
0.1560314634227965
0.16205601934872388
0.16838827159164052
0.1748467159299775
0.18119930661293407
0.18722426917290827
0.19277067075139437
0.19780557271084273
0.20243760910754027
0.20690759002884718
0.21153999477629495
0.21666015267750235
0.22249789179336685
0.2291094997309506
0.2363471664357216
0.24388823553263062
0.2513140034879414
0.25821166700612497
0.26427114294818593
0.26935778575008523
0.27355127906497784
0.2771429525748641
0.2805835826798397
0.2843821464748696
0.2889750424537648
0.2946037279711833
0.30124233842501275
0.30860096762394335
0.31620257434411037
0.32350609833945615
0.330037415852016
0.3354956995760713
0.3398168441602329
0.34318637118028494
0.34599883726979946
0.348766414498322
0.35199227545794787
0.3560404693380807
0.3610414664341117
0.3668636582942135
0.37315867798488433
0.37946336078928183
0.3853249373062746
0.3904139435872521
0.3945983493687981
0.39796512241093096
0.4007868782062
0.403441747555953
0.4063058135866633
0.40964717305159953
0.4135530214779301
0.4179122155616451
0.4224578204481092
0.4268547094664098
0.4308042369229576
0.43413511562391194
0.4368555381997522
0.43915252943509236
0.4413377387598176
0.4437530155245666
0.44666182741820837
0.45015935522429307
0.4541305669596701
0.458271376872969
0.462168106006922
0.4654126798832393
0.46772147124202607
0.46902584575885675
0.469509757895812
0.469581297846975
0.4697799840999093
0.4706390085552957
0.34783285560759153
0.35060029258841247
0.3537887696356393
0.3571793058480163
0.36047172648521003
0.3633585413810984
0.3656024592892437
0.3670985117674428
0.36790608507087447
0.3682423863363108
0.3684364335487846
0.368851858027191
0.3697963162012782
0.3714414101742639
0.3737759706817166
0.3766066030416701
0.37960554987921197
0.38239233960356483
0.3846271199545758
0.3860921872818814
0.3867428947853549
0.3867169811881011
0.38630028531874433
0.3858562162961568
0.38573549242817573
0.3861890587900362
0.3873074995726949
0.38900330940381006
0.3910400280092436
0.3930988179295226
0.39486313903375664
0.39609857087857686
0.3967077374123659
0.39674779033889923
0.39640754737646894
0.39595123111405506
0.3956441709015133
0.39568081249970066
0.39613497023411054
0.39694590041589395
0.39794319086026664
0.39890209640110763
0.3996124650482639
0.39994119167469516
0.3998706530525333
0.39950262000334946
0.39902669807119745
0.3986621779597899
0.398589917521808
0.3988942530533461
0.39953254211687866
0.4003421290580371
0.4010835902553054
0.4015084828267383
0.40143271004088005
0.400794894842628
0.3996829353672874
0.39832000671185186
0.39701181395658103
0.39606758537018005
0.39571536049094636
0.396034915147966
0.39692779260445543
0.39813416316756534
0.3992934325411254
0.4000334981111279
0.4000658061666375
0.39926183488457906
0.39769123906157045
0.3956111096277132
0.39340757140747096
0.3915029731316796
0.39025141581416184
0.3898493712387786
0.39028489861989024
0.391339056392614
0.39263935141942696
0.39375143177711674
0.39428552186722965
0.39399083558431275
0.3928148459158039
0.390913370016877
0.3886095042621388
0.38631190817268096
0.38441311233377307
0.38319374163192643
0.38275698937418684
0.38300950195318517
0.38369235659455236
0.38445262997780866
0.38493579708782943
0.3848745240882537
0.3841513112957545
0.3828200319583016
0.38108245653748685
0.3792275271661985
0.7808013848142299
0.7821146668033595
0.7836451341314078
0.7853730040812726
0.7872181715688346
0.7890668744346716
0.7908066028530784
0.7923587053325472
0.7936999930889523
0.7948682223828231
0.7959502966784501
0.797056049444731
0.7982844328334133
0.799691886079278
0.8012729170679473
0.802959516996641
0.8046398905645866
0.8061907282104174
0.8075134470132754
0.8085644080022014
0.8093712171761825
0.810030489024664
0.8106863466399171
0.8114935918992962
0.8125744590777332
0.8139813315540693
0.8156774118282072
0.817542215848507
0.8194007074156193
0.8210674985977768
0.8223938669458941
0.8233059628129294
0.823825771812363
0.8240701128411021
0.824226666288934
0.8245105621817042
0.8251106553827884
0.8261394508504131
0.827601608201349
0.8293911909069694
0.8313186710167656
0.8331592200304039
0.8347081855499604
0.8358294918446106
