0.9016551298581077
0.9036072868909478
0.9052871245472931
0.9066988801765185
0.9078469488999106
0.9087358261099324
0.9093700618202128
0.9097542274295353
0.9098928949927149
0.9097906286387504
0.9094519873605839
0.9088815380370726
0.9080838772489201
0.9070636602249896
0.9058256351083126
0.9043746806628103
0.902715845549222
0.9008543873756429
0.8987958098654448
0.8965458966723249
0.8941107405967191
0.8914967672073242
0.8887107521336962
0.8857598315593458
0.8826515056992033
0.8793936352821278
0.8759944312714727
0.8724624382396201
0.8688065119627598
