1.023879556834499
1.0397998770674661
1.0561466834605753
1.0729360952095424
1.0901850786177016
1.107911503038757
1.1261342013086915
1.1448730350939713
1.1641489656286117
1.183984130366921
1.204401926137182
1.2254270994492233
1.2470858446849515
1.2694059109864098
1.2924167187545939
1.3161494867822847
1.340637371171553
1.3659156173307818
1.3920217265108201
1.4189956385297493
1.4468799325525774
1.4757200480422967
1.5055645282873633
1.5364652892435644
1.5684779168148708
1.601661996145999
1.636081477022806
1.6718050800846438
1.7089067492691736
