0.5843966693203254
0.5852431545884584
0.5860840378369275
0.5869193773809647
0.5877492306943466
0.5885736544249524
0.5893927044099688
0.5902064356907558
0.5910149025273796
0.5918181584128208
0.5926162560868684
0.5934092475497081
0.5941971840752098
0.5949801162239247
0.5957580938557998
0.5965311661426154
0.597299381580152
0.598062788000098
0.5988214325816993
0.5995753618631596
0.6003246217528001
0.6010692575399792
0.6018093139057844
0.602544834933497
0.6032758641188378
0.6040024443799994
0.6047246180674685
0.605442426973645
0.606155912342263
