-0.03452011210618455
-0.04702997230397721
-0.12052508394251382
-0.004467829571848547
0.11273034650893843
0.16608015703408963
0.15238052452272333
0.1223964820911051
0.0998140173584775
0.07695964378079578
0.04248628307662394
0.0033488079510767266
-0.023520695690734672
-0.032144153840907186
-0.02780781521872755
-0.0188941158226823
-0.01216973537277255
-0.008501430603810922
-0.0037455609057469585
0.004481350840136233
0.015260764171176833
0.02697933832131827
0.038007035349433616
0.047220995234679264
0.055343441510537605
0.06364287115582196
0.07238787418539805
0.08150683830056427
0.0906799642599786
0.09893275395387047
0.10586677123792171
0.11232030428279921
0.11917968654289518
0.12687782641242124
0.13525998844508713
0.14316404435851127
0.14948971792860138
0.15475803800641136
0.16042196326749997
0.16748520281458584
0.17590360296222973
0.1842708134964084
0.19083592268245664
0.19560353517461676
0.20035385752550028
0.20677044195325517
0.2151618501062586
0.22406559922117408
0.23119697692689878
0.23585125256080797
0.2397540077617103
0.24518491953804072
0.25302166843179263
0.2620241879263414
0.269605602263346
0.27430114598486816
0.27740793756337623
0.2815483927390424
0.2882463067833655
0.2967343633731636
0.30441330310779696
0.3091630901808881
0.3115894691127631
0.31432629925657635
0.31947118492728555
0.32688697303250286
0.3342415074562821
0.33897671930036166
0.34089545564155316
0.34232167383988643
0.34574309732971553
0.3516975901932156
0.35833943329809254
0.3629428019686208
0.36454275448528256
0.3649027459017884
0.3666575388481555
0.3709619224483886
0.37659043436186695
0.38091773614308894
0.3823619715936413
0.3819788517491044
0.38229655699106874
0.38494993759298085
0.3893770528469537
0.3932776003055666
0.39467636564004005
0.3938874590490602
0.39310826157775225
0.3942671805048026
0.397426988299888
0.4007674066352749
0.40216982336108587
0.4012785775031955
0.3997958528577149
0.39973720024280757
0.40168561280773213
0.4043754188908659
0.40577800931667884
0.4050229505760722
0.40323293267310734
0.4023132171418723
0.40321766406445814
0.40523153381767346
0.40659900630898205
0.4061389206320779
0.40439806860259286
0.40300967543977195
0.4031275235225902
0.40451827275961616
0.40581032984166454
0.4057249454904007
0.40431723900022887
0.40284396208131623
0.4024903711641133
0.40338851601819625
0.4045856189697973
0.4048899360569642
0.4040076165805767
0.40278421135602205
0.402293237749717
0.40289253111872536
0.40401424255919377
0.40468228501593967
0.40442254715516524
0.4037040442881661
0.4033890295687172
0.4039210106518478
0.4050329260666517
0.4060246413393484
0.40640173080124753
0.4063470254004736
0.4064666802707173
0.4071696750892134
0.40837827321890074
0.40966298799337286
0.4106316614662934
0.4113030098724936
0.41203819924649004
0.41312681604156964
0.41456459474904594
0.4161361149042814
0.4176201069707738
0.418996816631977
0.42044059545742274
0.42208081777576173
0.423885933141225
0.4257672388476864
0.4276860855990815
0.42968802051543004
0.43184881564617
0.4341419772940692
0.43643703114480303
0.4386753857571268
0.44096448471546584
0.4434797045021408
0.4462953375248705
0.44927224424580314
0.4521461752889115
0.45480146972966623
0.45742277498412304
0.4603337843479538
0.4636926255818373
0.4673173251089467
0.4708130716434441
0.4739430632456316
0.4768863765397149
0.4800907520246126
0.4838557650411698
0.4880371704088561
0.49214635148225083
0.49579228723834395
0.49906903679789727
0.5024920778546915
0.506523762556509
0.5111325458392314
0.5157971457797133
0.5199724552973104
0.5236048794538468
0.527203859458836
0.5313789396037784
0.536266798734917
0.5413868701415446
0.5460705474888845
0.5500793724637028
0.5538405353128408
0.5580644261662295
0.563082925032797
0.5685286791364308
0.5736639201137361
0.5780571746315675
0.5819876161049412
0.5862000010400739
0.5912166206834877
0.5968429367953124
0.6023407175227649
0.607105542220528
0.6112224942895026
0.6153965093787055
0.62030623725412
0.625967565095345
0.6317142065167402
0.6368126368126475
0.6411325318271511
0.6452689337911466
0.6500005475135044
0.6555643620584363
0.6614317336715568
0.6668006310775559
0.6713298273454208
0.6754480110067976
0.6799650550576569
0.6853224085998667
0.6911792649579349
0.6967339387688359
0.7014623207753685
0.7055901515747015
0.7098873343680624
0.7149595757226995
0.720682559861109
0.7263231937269069
0.7312211750877416
0.7353853767759464
0.7394816321515276
0.7442229535966441
0.7497060056912892
0.7553257770695553
0.7603446414807598
0.7645630394551235
0.7684927485264176
0.7728887937330479
0.7780500295679146
0.7835437583866113
0.7886188319479782
0.7928952208787593
0.7966990788965271
0.8007623203061196
0.8055478456311721
0.8108200972393221
0.8158759707180379
0.820197857020843
0.8239146445017786
0.8276775562263688
0.8320621078629865
0.8370338688157175
0.8419907680490867
0.8463298069520725
0.849989963053352
0.8534971462290768
