0.03183826930310415
0.03198386186596711
0.03576201163529858
0.04023263905116139
0.04679746486282334
0.02388571516677923
0.06302250371416512
0.07132908598746791
0.0655235532971935
0.07164872265538633
0.09151126791445026
0.08644894056062577
0.10691604827397581
0.048456300227048
0.10760050692171168
0.11246942426686671
0.13862488537187398
0.11943479580098819
0.141740426727739
0.15902890200763817
0.1521347587105625
0.15465299286612338
0.15761602415072767
0.16764408991208507
0.16934285690981826
0.18645274725247668
0.17260210557465397
0.18738283920800494
0.17113849139648282
0.19560098177614887
0.18396219117927876
0.20687633166589106
0.19985854717579224
0.20057942685826674
0.19960407972636768
0.20418333013574116
0.1998390214971045
0.211999429657934
0.19546686119848897
0.21651165262491978
0.21578764797477773
0.21712794321143344
0.21326326321122369
0.21932656350476618
0.22965845318394654
0.22047718648177755
0.2299896102212724
0.22459532765087542
0.23269246244271208
0.23273297399923312
0.24326558274440854
0.24044426660058962
0.23905695311757502
0.24290341798497958
0.2466276530253342
0.2577802613286194
0.25546799928302666
0.26015610098829667
0.2313989074564851
0.25363555835150847
0.26623782072501423
0.1561811099292124
0.2682276998817805
0.27499198645425477
0.26796463771360646
0.28046289348402126
0.27515432181638777
0.2664605350945136
0.273361798032447
0.2736461110710388
0.29634628691129844
0.28875694827755827
0.28403432864603234
0.29028656805365954
0.29630114819183895
0.29156154035722276
0.2990836343558408
0.30081286901111687
0.3056048630860576
0.3052911129427822
0.3097037474761487
0.31659341860438056
0.30425777476968224
0.3170210323920709
0.3207407045934864
0.321325074401947
0.32457624438538024
0.32968659649444243
0.3412332182787004
0.3304396566425998
0.3328523122557658
0.3362105144781125
0.3361557957189673
0.34445431323405823
0.348921931519588
0.3481634172324173
0.3520790026487326
0.3490290333920666
0.35094307287051524
0.36550228850723115
0.3644712724794673
0.36680750167253223
0.3572492732678766
0.3400273191820732
0.37577659472017494
0.36983377344040685
0.37483699000688503
0.38331517910715296
0.3805837549072627
0.3781409562579969
0.3802583157670579
0.3924775429631871
0.39400406758963613
0.3973134195139491
0.4004565302982369
0.3950997102702157
0.39698442127458483
0.40266173991645193
0.40375508564931994
0.41106990547159816
0.4169197681603394
0.4147225107307398
0.41610143211254186
0.4175348128368596
0.4168192810704557
0.4226612485787669
0.1799875806055534
0.375889903559672
0.4274699499501268
0.4326128598595511
0.435251223079117
0.43701100352083183
0.43981177658273035
0.4463759114884415
0.44675762285218756
0.44383469796508274
0.44986081900001906
0.4513414663683894
0.46461471969629714
0.4567407780798341
0.46712836493505777
0.4559434753765574
0.4649858999629607
0.46856453651939345
0.4727640816068933
0.47796036866178926
0.4771795371285112
0.478528318825375
0.48216020417260796
0.18991019762225064
0.4874002827290117
0.4924660228805856
0.49021841548197437
0.49082735696973867
0.49243617225079284
0.4980230304711078
0.4994230187300538
0.5033905225337749
0.3491425097394676
0.5068142127805696
0.5110943505231345
0.5133637387407981
0.49741384096340946
0.35616399060975934
0.5202603380819045
0.5253579089134507
0.5260063477861482
0.5249226729395143
0.5291423114304209
0.5356389827965696
0.5425729790702898
0.5463178397011631
0.5372894597442808
0.5439948669218708
0.5467477536839721
0.5473944729786006
0.5510665266336507
0.5572191219279041
0.5568277064591342
0.5551471721548076
0.5580775564483544
0.5623192372042106
0.5656681020265631
0.5680214128025023
0.5634364163584399
0.5742461669552246
0.5706081857531443
0.5788939152276142
0.5885324776810038
0.5828158950458089
0.5867000057931117
0.580984807553361
0.5902766883188733
0.589194775907533
0.6013054703085579
0.6016990330529526
0.5942883669948875
0.5986213009455045
0.6012234219712327
0.6038217689732569
0.6069858819295115
0.6042811956010538
0.612436440115687
0.6135556549097986
0.6085515489819071
0.6191624553008525
0.6189744620238037
0.6210544760726588
0.6277963606603388
0.6290627146531746
0.6276995701599845
0.6290468133882781
0.6311953236219551
0.6352704532292159
0.6410712139252617
0.6394342359154337
0.6468385988053434
0.6453541231484379
0.6443617071999546
0.6473703448027492
0.6500734639756562
0.6496348812223406
0.6558127902015541
0.6565398872309216
0.6558587226014957
0.6573507737295622
0.66377741473874
0.6632784295318127
0.6666967926978121
0.6690419893928427
0.6668514206782514
0.6723973413407921
0.6702246068464617
0.6825011449615408
0.6721572043239699
0.6766211708698903
0.680197532786838
0.6798631777247706
0.6885711348722034
0.6932224245583101
0.6894012717565086
0.6875915559984184
0.6887415572361526
0.6929295700477415
0.6961013512496016
0.6981660056703977
0.6968606036239962
0.7016792367415571
0.7041453788301902
