0.8465471512028047
0.8498695073861012
0.8539547442213377
0.8555474251539158
0.8431793841053375
0.8451331291035776
0.8011504462284019
0.8015987000842504
0.8019023432740395
0.8023301968592496
0.8025800298556157
0.8024653583938208
0.8020483940040897
0.8020389523210185
0.8019087689572519
0.8020478536648007
0.8020072324284001
0.8019636688682933
0.8020852662172134
0.8021414422530811
0.8026146462512431
0.8029517149430973
0.803637762808191
0.8041113261091122
0.8048053864069015
0.8059094634755051
0.8067405305594083
0.8078372447663427
