0.6678126857199524
0.6647525075425527
0.661413846777406
0.6577953922254021
0.5094898253495899
0.509602475172638
0.5097110387103982
0.5098156037138104
0.5099162573886189
0.5100130863609394
0.5101061766442014
0.5101956136074535
0.5102814819450303
0.5103638656475561
0.510442847974285
0.5105185114267526
0.5105909377237294
0.5106602077774564
0.5107264016711458
0.510789598637726
0.49954363945829255
0.48359371903688064
0.4692620954221291
0.4563955921493674
0.44480726127077924
0.4343206342640175
0.42479242533088346
0.41612314831508523
