16.899629134639888
14.147065421450193
12.47061134819776
12.034570325555068
11.403252295280168
11.076702142290207
10.743544736476892
9.906910157385344
9.13566468920217
8.492245816648055
8.180793345602485
7.754348685245695
7.036295298403646
6.3246040249839455
6.2748485429149365
6.042669475092996
5.902946369085289
5.15067931656223
5.11766610704265
4.886417969371364
4.655390646621012
4.488569975764868
4.175447332201669
4.163790459215226
4.058906971586763
3.9521870830768484
3.802417542567605
3.7410849574447873
3.6832016557711333
3.5749374883905984
3.5182766542820416
3.4889639972271995
3.4234733612169466
3.3786046371264433
3.328274432641693
3.2383665218001285
3.131250847846067
3.1042429831648084
3.0420305594257613
2.879471809952332
2.8673640504263354
2.834310440339356
2.7604778235521503
2.7337476093218593
2.684142086150799
2.649711633579531
2.64316079078453
2.6096269818222573
2.5541011637773656
2.537024783212572
2.4979388273558443
2.4921994276766815
2.443238449613607
2.436045756991616
2.398818309949845
2.3647250816349006
2.3630842232000857
2.3522582006949686
2.3207540709872276
2.3162417907880775
2.3026521750664872
2.269062226337815
2.251047865743176
2.2479802985595776
2.2208522575223713
2.2152377405301418
2.197645610679089
2.1760305500714905
2.153104867113197
2.148771408911302
2.1308310080049466
2.0750398915867128
2.056015800489494
2.061112153905988
2.034906504127272
2.0230181084947603
2.0155838762572555
1.983946536339701
1.97590251810399
1.9686825979428189
1.9463937227157326
1.936986896705235
1.935814496490392
1.926201991127019
1.9162381491780192
1.9033448722073474
1.8972522208823985
1.8899757760221416
1.8828127881412176
1.8812330480310648
1.870190375710107
1.8649466800869607
1.8500587122712155
1.846696547074621
1.844004528934238
1.832002127981233
1.827430506663595
1.8240181100782078
1.8133228053062254
1.803846430078386
1.803263047005829
