0.9016628232883709
0.9104831166615281
0.9169875246148438
0.9233544913678091
0.9231758175645194
0.9098955551556602
0.9026455280934755
0.9109538527626109
0.9196882452337776
0.9179461773211861
0.9231036608635087
0.922467995160116
0.9019789382920114
0.8753771808713537
0.8632720410695072
0.8608771269493461
0.8634026102705487
0.8675224122038477
0.88940306218672
0.9042742075115638
0.8923889739135844
0.8845342052460784
0.8832594375360959
0.8749545487654342
0.8740062039568749
0.8950622061305586
0.9256016559851136
0.9504819614911065
0.9726718542759486
