0.024290273580846934
0.01973527608385022
0.018830528495837714
0.018847836067424958
0.034349709771638995
0.05555977424422478
0.07034850817237197
0.07871028644228066
0.07928136426037764
0.07915676434805029
0.08552334671133295
0.09438903057399713
0.09988123398822525
0.10740293799089967
0.10773958084597957
0.08877296855320928
0.08107116263156913
0.09317260113894035
0.10126912101956252
0.11352808552072145
0.13902220927577785
0.15000216260466118
0.1528370311346836
0.1498131309382021
0.14351218323757808
0.12763564880855005
0.11466591447794866
0.11684069889980515
0.10713862205895466
0.098919766506708
0.10954232104102414
0.11124749116939824
0.10837907632755696
0.13325151942009028
0.1575492448123299
0.16807022833546387
0.1867120424405048
0.18253958955000038
0.1652681904993635
0.1495056401003523
0.12350489377561422
0.10687169972657044
0.10883130550161507
0.12169404015328254
0.12561217303475977
0.15857309667108313
0.18642689363474246
0.21220881004860412
0.2349223022364382
0.25981708005033377
0.2768039551780161
0.2814798063169118
0.28472446945111074
0.29721660025731794
0.29900758686102796
0.3012033074003733
0.30549259557070346
0.31134061414648223
0.29206402969827383
0.28258940526293963
0.26281725314891274
0.24382871077975235
0.23360377026643078
0.23864251135201967
0.2588159965862789
0.2927535205819702
0.33109054302346763
0.3589388981616247
0.38539447470973875
0.392140113590107
0.39605146736774133
0.38686134298949937
0.3768048667187513
0.366741433663737
0.35493211276741193
0.34082947023582455
0.33056042930417207
0.31729208717619983
0.31332253934198323
0.3309483011841743
0.34844122321342474
0.3698205627491436
0.38006234787462545
0.3822309176771154
0.3622420850201788
0.3371391231472244
0.3171570712349227
0.3016807764732644
0.31399192146706173
0.340158918242544
0.366261858173402
0.39355872025844796
0.4338903442408827
0.4381548192892348
0.43905929190342946
0.4378582162424445
0.4340846441381096
0.42360206343099116
0.4372213323476624
0.4508240221315022
0.47591800645606475
0.5233476752325638
0.571882951376761
0.6107056485090715
0.650283972144114
0.6581913994941414
0.630650126743169
0.6085815050209187
0.5750726140134697
0.5124775128369207
0.461387846386833
0.4253418691822274
0.38836146305098246
0.34899069835132024
0.3395530391484636
0.3508233446019708
0.3688733858373533
0.36132449132205324
0.3796356980739375
0.41372690105532633
0.4394679861366715
0.42686985839069136
0.4326949782001315
0.41108226174213475
0.37326196354754165
0.3288888494796443
0.29916839474871976
0.2629802677449734
0.2441943459265887
0.2580830065339245
0.27410490143232324
0.293133505301915
0.32795514291299355
0.37528882379835904
0.38153795867338475
0.3910323166355032
0.4158288706167036
0.4204901064996578
0.4118425378836241
0.44243048848992916
0.4720189240521588
0.4998553602859973
0.5372236985878484
0.5673176785380195
0.5589314284196274
0.5521835995280151
0.537307827397272
0.5181075882541861
0.4777807830785105
0.43955598659111356
0.3900346677665755
0.3443712315831481
0.33974998204847356
0.3340062014271144
0.3341074805906279
0.35880128652469184
0.3730857473762407
0.35202335488231157
0.3467431052247763
0.3664947827061812
0.356553377393956
0.3418377950891167
0.34486105312200493
0.3669772819599155
0.3638207448824121
0.35728231453072756
0.35603253845675914
0.3305774298687941
0.30173509114471053
0.2699662651662334
0.25133069969306143
0.25715473217623563
0.29569620767394683
0.3245574752329199
0.36779797633504796
0.3974680398291774
0.40829616249604006
0.3951892999074978
0.38179291140391874
0.36367068587327417
0.36648134268548177
0.36765336879496546
0.3729513735819401
0.38544393860533815
0.4046622614547425
0.41080075962891144
0.4031738565745616
0.39497566585406796
0.3824218467174397
0.36515491988649335
0.36710221338883875
0.3940567133676228
0.4203227379905059
0.4459635095465187
0.4715665791769396
0.4774052187184062
0.47501893796682065
0.4662424242539398
0.4540955633268155
0.4496644155606065
0.46482363561713147
0.4835232015816268
0.5032264847710136
0.5277990391160713
0.5422399130712274
0.5476076692398447
0.5629058702805473
0.5850979673923435
0.6046115681446307
0.6261583771403093
0.6488693874934701
0.6501009913173201
0.6559780274582049
0.6723712617238514
0.695647076697254
0.7038300050808605
0.7173053303906564
0.7287409424524395
0.7417755992259968
0.7516041553644531
0.7730908768879612
0.801074342495691
0.8214019301955438
0.8289636120038528
0.8346781305311951
0.8308690223749523
0.8155846225664761
0.7941460070808601
0.775116808623611
0.7651703083972785
0.7645869958162061
0.7727180974898529
0.7785958231014846
0.7979868351484344
0.8098149529453162
0.821616132481591
0.8357808845808565
0.8655623713269626
0.8879977335805561
0.9028243360015866
0.9155328610548201
0.9240151554628471
0.9203351675434238
0.901910289938944
0.8858987470134064
0.8744291731976344
0.8604458936022006
0.848571115109099
0.8623454378704202
