0.7837451017457129
0.7831919184702669
0.7826416676501572
0.782094321880663
0.7815498541215844
0.7810082376909726
0.7804694462589914
0.7799334538419085
0.7794002347962103
0.7788697638128421
0.7783420159115647
0.7778169664354296
0.7772945910453675
0.7767748657148866
0.7762577667248808
0.7757432706585418
0.7752313543963761
0.7747219951113208
0.7742151702639591
0.7737108575978304
0.7732090351348354
0.7727096811707311
0.7722127742707163
0.7717182932651037
0.7712262172450768
0.7707365255585309
0.7702491978059944
0.7697642138366299
0.7692815537443127
