0.8453574791903236
0.8453574791903236
0.8453574791903236
0.8453574791903236
0.8453574791903236
0.8453574791903236
0.8453574791903236
0.8453574791903236
0.8453574791903236
0.8453574791903236
0.8453574791903236
0.8453574791903236
0.8453574791903236
0.8453574791903236
0.8453574791903236
0.8453574791903236
0.8453574791903236
0.8453574791903236
0.8453574791903236
0.8453574791903236
0.8453574791903236
0.8453574791903236
0.8453574791903236
0.8453574791903236
0.8453574791903236
0.8453574791903236
0.8453574791903236
0.8453574791903236
0.8453574791903236
