0.8790473155827289
0.8790473155827289
0.8790473155827289
0.8790473155827289
0.8790473155827289
0.8790473155827289
0.8790473155827289
0.8790473155827289
0.8790473155827289
0.8790473155827289
0.8790473155827289
0.8790473155827289
0.8790473155827289
0.8790473155827289
0.8790473155827289
0.8790473155827289
0.8790473155827289
0.8790473155827289
0.8790473155827289
0.8790473155827289
0.8790473155827289
0.8790473155827289
0.8790473155827289
0.8790473155827289
0.8790473155827289
0.8790473155827289
0.8790473155827289
0.8790473155827289
0.8790473155827289
