0.883901945049605
0.883901945049605
0.883901945049605
0.883901945049605
0.883901945049605
0.883901945049605
0.883901945049605
0.883901945049605
0.883901945049605
0.883901945049605
0.883901945049605
0.883901945049605
0.883901945049605
0.883901945049605
0.883901945049605
0.883901945049605
0.883901945049605
0.883901945049605
0.883901945049605
0.883901945049605
0.883901945049605
0.883901945049605
0.883901945049605
0.883901945049605
0.883901945049605
0.883901945049605
0.883901945049605
0.883901945049605
0.883901945049605
