0.544011115
0.550573799
0.554540472
0.561510191
0.562823068
0.569596492
0.568859752
0.562862156
0.559834467
0.568454417
0.578178203
0.569309274
0.574686545
0.564506439
0.560147178
0.558117955
0.556427785
0.543095925
0.557211263
0.583444156
0.581578086
0.585408798
0.580419866
0.576383513
0.581643518
0.588410144
0.589853034
0.591458228
0.593801012
0.591790484
0.598995586
0.603557089
0.608868929
0.614572508
0.618481397
0.62448494
0.62329103
0.629450929
0.625711991
0.621476795
0.634156041
0.623133824
0.631565128
0.632178653
0.628569729
0.632726747
0.630880222
0.634913176
0.63187189
0.63106292
0.631774168
0.636355216
0.627166778
0.623179711
0.633372564
0.614983791
0.62483759
0.639728757
0.637954461
0.640943062
0.64418574
0.654888448
0.658497372
0.661322819
0.667065487
0.671332974
0.671568357
0.672011931
0.679138005
0.67701106
0.671738308
0.672057818
0.676808817
0.669140597
0.67683431
0.671372062
0.68088086
0.678035019
0.682486053
0.682002541
0.689578987
0.680090584
0.684828837
0.681356724
0.685455109
0.690551961
0.70149515
0.706840131
0.706833333
0.684241654
0.697632148
0.685889336
0.678968053
0.679849253
0.681519878
0.69446085
0.690793292
0.6928752
0.693873666
0.702898101
0.704686843
0.692887947
0.703988341
0.716087202
0.715656375
0.723075616
0.727232634
0.725320678
0.727937934
0.726130497
0.736303806
0.741576557
0.738248053
0.74789961
0.746764332
0.751195823
0.743841163
0.743005851
0.7444156
0.752285213
0.744304282
0.74568089
0.728798739
0.739987509
0.732584413
0.714514299
0.722077999
0.739357838
0.737961684
0.729379974
0.717666053
0.733432472
0.724988422
0.734130973
0.745107303
0.727265775
0.697958455
0.700947056
0.690231602
0.698754679
0.711610675
0.719708873
0.710788108
0.716009024
0.711818865
0.717914183
0.729960359
0.737713555
0.743625325
0.743622775
0.757447496
0.75736252
0.759515808
0.757127137
0.757891069
0.76285026
0.764524284
0.764781761
0.767304694
0.7641164
0.76485399
0.765643416
0.763718713
0.763215656
0.761115053
0.771627415
0.773702525
0.770002677
0.762165354
0.758856395
0.760501527
0.753583644
0.754047612
0.756344509
0.746572287
0.727865704
0.724825268
0.719304388
0.717773973
0.710533181
0.717346544
0.719538921
0.713137691
0.698839655
0.702826722
0.705052239
0.701436517
0.704059721
0.712308326
0.713333135
0.712112882
0.724012899
0.734796334
0.746098971
0.744885516
0.750706362
0.76105557
0.763594648
0.7759017
0.772267283
0.756735398
0.75250615
0.747108484
0.741619045
0.745275555
0.739528639
0.729558423
0.733820811
0.72911145
0.717847902
0.724188799
0.71303487
0.699451481
0.7018478
0.729051117
0.737957436
0.74381822
0.73280535
0.749695149
0.749886345
0.75240248
0.751799151
0.757842633
0.753553902
0.762803523
0.766667375
0.766924002
0.77614643
0.770978199
0.765717345
0.771086969
0.771938427
0.771725987
0.782143176
0.768566585
0.782820433
0.783999048
0.781139611
0.786809199
0.79275241
0.800107919
0.801071545
0.800828514
0.795463989
0.804015958
0.809401728
0.809303156
0.809510497
0.812211879
0.810678915
0.803676905
0.79567133
0.79363106
0.788451783
0.804931998
0.805325436
0.800790275
0.790089267
0.781663062
0.782847626
0.793423719
0.79278725
0.817085244
0.818449956
0.822416628
0.828403176
0.834799308
0.844605521
0.844447466
0.846815743
0.851896448
0.842100433
0.843557769
0.839732156
0.848114174
0.843334282
0.841822562
0.840157885
0.825538641
0.835399238
0.84386878
0.837947663
0.842302675
0.839006462
0.834885984
0.820550559
0.79299799
0.789751063
0.79707938
0.781439576
0.79029066
0.777586771
0.749990015
0.755944273
0.756014803
0.771889141
0.785739354
0.786634999
0.802684387
0.798771249
0.804812182
0.81635955
0.81400232
0.807027502
0.814825736
0.811966299
0.820894711
0.818602062
0.820075544
0.826493769
0.830613398
0.817663929
0.836916057
0.83391471
0.839350615
0.841778374
0.838913839
0.833074299
0.832299319
0.812310451
0.808915666
0.824173929
0.83180306
0.822138757
0.831546433
0.829047293
0.827001075
0.834777215
0.826133472
0.825728987
0.830728116
0.842165864
0.848534804
0.851966978
0.851928739
0.839034504
0.82416883
0.825041532
0.840425559
0.817740407
0.80770476
0.817997034
0.825587077
0.839317474
0.837991851
0.841451217
0.846984845
0.845903952
0.845903952
0.834878336
0.84140788
0.848769337
0.852633189
0.85076627
0.846537022
0.848359754
0.837352832
0.847339194
0.850094961
0.853072514
0.86237397
0.864070938
0.855448439
0.841243876
0.844411776
0.846771555
0.835083128
0.848573043
0.849544317
0.854794125
0.860677003
0.857080825
0.862651841
0.863222029
0.866466407
0.864657271
0.865948054
0.874324973
0.880444934
0.883416539
0.883656171
0.874985235
0.865664235
0.866049176
0.869642804
0.87197794
0.88031662
0.881577662
0.883754743
0.88292028
0.872797107
0.876993215
0.875176431
0.874928302
0.873516853
0.884518676
0.886232638
0.894052116
0.89030893
0.88031662
0.887028862
0.881034666
0.883434384
0.892961026
0.893407999
0.899995326
0.886281075
0.895828961
0.892647465
0.897899822
0.895613122
0.89537264
0.883774287
0.886772235
0.880783137
0.878085154
0.851142713
0.846747762
0.851650868
0.839770395
0.84094901
0.834569874
0.850346489
0.851710351
0.850908179
0.858663075
0.863912883
0.859607157
0.87454846
0.881418757
0.886478219
0.891607361
0.888355335
0.894783758
0.897318587
0.898619567
0.895013193
0.896617536
0.893992633
0.894903574
0.894164284
0.898849002
0.897719673
0.889430279
0.894090355
0.89199485
0.885973462
0.890559608
0.89938435
0.90216476
0.91095806
0.911340451
0.902350007
0.893064696
0.905659816
0.883885606
0.897402713
0.894238213
0.891689787
0.871959246
0.871443442
0.889130315
0.887253198
0.86434371
0.887348371
0.858924801
0.848774436
0.830629544
0.829898751
0.814929406
0.813336109
0.834984556
0.837778561
0.855558058
0.843050463
0.860807865
0.87092509
0.873397037
0.888682492
0.885544334
0.905992922
0.921468723
0.919591606
0.921031947
0.930030889
0.935717472
0.936601221
0.940566194
0.939640807
0.94082537
0.943750239
0.941943653
0.942898781
0.946503456
0.945807504
0.949520949
0.957305586
0.957851131
0.957273295
0.958828353
0.958549632
0.954435102
0.963106887
0.965581383
0.964989102
0.969398498
0.960257647
0.95606154
0.933654259
0.938391662
0.912532663
0.902958434
0.894128594
0.919510029
0.954364572
0.957273295
0.970806548
0.976263697
0.976482085
0.977185685
0.976203364
0.972178908
0.958192734
0.958042326
0.931094786
0.920098912
0.938554816
0.965666359
0.951307991
0.943062784
0.940007053
0.925326626
0.915443935
0.932180778
0.931585947
0.935607853
0.957294539
0.945024877
0.942511291
0.922489282
0.904846597
0.923673846
0.902696708
0.919690178
0.944759752
0.945802406
0.963161271
0.958058472
0.950806633
0.961998802
0.96151274
0.970563517
0.974910032
0.977112606
0.975663768
0.972018304
0.98518871
0.982793241
0.99095942
0.99229694
0.991349459
0.984618522
0.99718645
0.990509048
0.98146167
0.984760432
0.961038575
0.972340362
0.944585552
0.941517924
0.96379944
0.952088919
0.970866881
0.960209211
0.979395057
0.969924499
0.984846257
0.982648782
0.974299055
0.949117313
0.945493943
0.950069893
0.970284797
0.95440706
0.947693968
0.952450916
0.963397504
0.962828166
0.964534481
0.969550605
0.977673446
0.971452365
0.977111756
0.982257893
0.981942633
0.959731646
0.976136233
0.969048398
0.97593824
0.978021847
0.981545796
0.976278143
0.981188897
0.976059755
0.961268859
0.975438582
0.97854105
0.967687935
0.959652619
0.967588513
0.989184274
0.981398787
0.97920726
0.978537651
0.994638874
0.995937305
0.998761052
1.0
0.997519555
0.997604531
0.992750711
0.977058221
0.986325687
0.984114615
0.97474178
0.976059755
0.974792765
0.97938571
0.965187096
0.960435246
0.953423889
0.953290477
0.973335429
0.976272195
0.963944749
0.955164195
0.965543994
0.968520698
0.983105102
0.975575393
0.983575869
0.985249043
0.971282413
0.964052668
0.967851938
0.939233773
0.942476451
0.953115427
0.950120878
0.946453321
0.952749181
0.933321153
0.935933311
0.955150598
0.971069973
0.977763521
0.979869222
0.98321897
0.980527785
0.981442125
0.966289232
0.960802342
0.950373256
0.935989395
0.92647465
0.941905413
0.951409112
0.952482357
0.947457735
0.938976296
0.935433653
0.934360408
0.923511542
0.920132902
0.938692477
0.920791465
0.922381363
0.923101958
0.928416348
0.933909186
0.931482276
0.917595523
0.887460539
0.842343464
0.793271613
0.775765739
0.827537273
0.858460833
0.856982253
0.848145615
0.808234159
