0.8970683246508433
0.8958973935823383
0.8946526286889317
0.8934831153742855
0.8922435420960972
0.8910041422789878
0.8898601539110762
0.888656758409817
0.8875742959337654
0.8864982290594918
0.8854162196351485
0.8842739267476024
0.8832310990585609
0.8821366261748711
0.8809849759947197
0.8798252156986721
0.8786736681128547
0.8774411573462102
0.8761345458145338
0.87487935476238
0.8735449444134304
0.8722432316228392
0.871039226445839
0.8698289452055288
0.8686973217169074
0.867557247474422
0.8664170703693582
0.8652849951873972
0.8641444969945752
0.8629568634332637
0.8618066474011905
0.8606650533074415
0.8594993550730703
0.8583078607960639
0.8570458286658276
0.855895376002653
0.8548024966875045
0.8536822956619042
0.8525348240840015
0.8514420044394936
0.8503465394615178
0.8492150024745275
0.8481746107640528
0.8471424104142128
0.8461181677049361
0.8451762003308835
0.8442878345391871
0.8432747355706958
0.8422522168200945
0.8412145704954599
0.8401481559817499
0.8389806384006935
0.8378858623658293
0.8367786540495543
0.8357479418941599
0.8347224936480262
0.8337370077886495
0.8327210979198507
0.831740565025716
0.8308409133640177
0.829847883579515
0.8288624794482438
0.8279344765217923
0.8270106208135423
0.8260152886785178
0.8251693397999109
0.8242561526762405
0.8233058342017194
0.8223435622650173
0.821410084726049
0.8205262469255098
0.8196255712269108
0.8187105894430924
0.8177775492585251
0.8168553391604264
0.8158376211023481
0.814835268566193
0.8138887812052467
