0.8348254300789109
0.834752924248737
0.8347717610812319
0.8347168798718646
0.8347939109316279
0.8347989864280907
0.8346902406546031
0.8346322949453837
0.8344577164035835
0.8341935897154934
0.8338739552040425
0.8337310710515711
0.8333155532421337
0.8330006265185199
0.832888597950269
0.8328264511187045
0.8328273967666207
0.8331982819702415
0.8334274768309109
0.8335302189987819
0.833605880067891
0.8335980280300567
0.8335386554936972
0.8334665967080402
0.8333706091609703
0.8332801653596156
0.833191938689172
0.8331006185241205
0.833010893416476
0.8329260353927308
0.832843001253824
0.8327583004210282
0.8326682501434081
0.8325746641297678
0.8324792245481215
0.8323794813062418
0.8322794464734914
0.8321776629603138
0.8320724427229635
0.8319690226468213
0.8318642796899943
0.8317544423329303
0.8316535527763984
0.8315536072565679
0.8314527257005888
0.8313540195113213
0.8312492649156457
0.8311403807533365
0.8310283380654753
0.8309218678085621
0.8308197276560382
0.8307152209354711
0.8306041105798492
0.8304886292872663
0.8303765643403616
0.8302639479889917
0.8301560201910321
0.8300413576950935
0.8299318419510366
0.8298274207063442
0.8297134582698114
0.8295996536289854
0.8294901879251937
0.8293762419099022
0.8292612400037876
0.8291387157971167
0.8290095682045779
0.8288904285805409
0.8287836213893348
0.8286626264044771
0.8285378737845465
0.8284123585334692
0.8282858016777247
0.8281547550082714
0.8280377625095656
0.8279408361899141
0.8278355965794758
0.8277165473681642
