0.8418062045597088
0.842450949913721
0.8454041224153265
0.846575364464152
0.8518395046682684
0.8555151777015892
0.85499993019062
0.856476487082385
0.8536133711706344
0.8486634800836438
0.8434910689585153
0.8427205163290892
0.8370660734935971
0.8338972826259824
0.8339516919521756
0.8347503814364199
0.8365258337592003
0.8451187004331796
0.853140781416122
0.8597806770425648
0.8678218292251461
0.8739873927072436
0.877504379430457
0.8803559699872093
0.880477075911738
0.8813598155084811
0.8826298124157698
0.8835787758070341
0.8848732577916056
0.8871905778229413
0.8904536037345454
0.8944364973310828
0.8980052739639989
0.9012657353009497
0.9066201581476399
0.9089126565785643
0.9090565316244247
0.910805298269248
0.9136328388631507
0.9143651322242713
0.9152561210058756
0.9172822887411128
0.916478210629388
0.9151617118193167
0.9137902592344415
0.9102991079418005
0.9045716469378423
0.9023975767746956
0.9000106191721184
0.9003225377964683
0.9028467292607071
0.9078819645793058
0.9105245793803479
0.9132392724834747
0.9138747431809319
0.914420975249572
0.9135569948807639
0.9143527663026407
0.9136666666243778
0.91084810996754
0.9112633653135971
0.9113527346124456
0.9086303165783483
0.9065877233838819
0.9074256680547327
0.90234475368963
0.8991218014897763
0.8987348736912273
0.9010303565468163
0.9003276224688789
0.8991050244797146
0.8980537867580927
0.8970810958840035
0.8957504131917039
0.8962630935220051
0.8998667348770932
0.9040210871478208
0.905649479993064
