0.7872938806823971
0.7882345653920915
0.7925659400125913
0.7942942646392505
0.802138087902201
0.8076912398451357
0.8069089217271961
0.8091542761677329
0.8048099998655328
0.7973906376993423
0.789755819706651
0.7886283849710959
0.7804310591966506
0.7758939046788818
0.775971475288264
0.7771114889595075
0.7796547081800212
0.7921456717679015
0.8040967051849599
0.8142178142518165
0.8267765110519714
0.8366481361234446
0.8423801358430314
0.8470843654027073
0.8472853071456209
0.8487528590663003
0.8508732297816798
0.8524646366703
0.854645322183155
0.8585780388805564
0.8641807005550403
0.8711270593720013
0.8774570463557138
0.8833324147490589
0.8931845263044538
0.8974846148638693
0.8977561926357752
0.9010736664468832
0.9065039310906958
0.9079240698956
0.9096598129370586
0.9136397814720987
0.9120548253294589
0.9094754818935057
0.9068087302613239
0.9001102426583814
0.8893843732148846
0.8853934383357818
0.8810599670995077
0.8816234425500806
0.8862144609296051
0.8955450270730405
0.9005390578853478
0.9057430616367333
0.9069724186521042
0.9080326040097937
0.9063571757658105
0.9079000405917006
0.90656940640906
0.9011552686301991
0.901947746701519
0.9021185311405647
0.8969522643859833
0.8931240502288421
0.8946896539438007
0.8852969989433891
0.8794588837124384
0.8787639737907277
0.8829052119239791
0.8816326348346423
0.8794287265983093
0.8775438094393965
0.8758079051198016
0.8734456302917138
0.8743540610817658
0.8808003233404832
0.8883696658250713
0.8913789536246854
