0.11566959509559097
0.1798268698703091
0.3517342517801497
0.18151408536134356
0.1433700628172604
0.22234624803998437
0.13800553788616693
0.33283918558576325
0.2897228970982736
0.2364834047623671
0.23408602412206883
0.16655510417870148
0.1497639050319991
0.14265803496769439
0.12655389442879475
0.12727009162648498
0.12522244651227074
0.12039606536874085
0.12431512019759369
0.12338234600651653
0.1256519651661831
0.12911936089586568
0.12735715898745179
0.1244185175979443
0.1277791394599488
0.12479817784202087
0.1245668692917316
0.11636412201747454
0.11367071511193305
0.12027040758474343
0.11161546274870669
0.11106108884871926
0.11082051311248398
0.11065517109559582
0.11079499458346305
0.11515735013072728
0.11180261109265638
0.11331319288282753
0.1108842931382879
0.1144937228010905
0.11455849719982997
0.11398798616769777
0.11371526560858163
0.11160050551713994
0.112668059016662
0.11213720272183794
0.10917025033747818
0.10891383545649361
0.10924124918351617
0.10877989326584821
0.1087656780317013
0.10879032932844657
0.1092298731486165
0.10933036393843225
0.10844560770057639
0.11048408347850874
0.1109599475278702
0.10849992418210193
0.11020092728514504
0.10947965454585903
0.10985431176815637
0.10885211892247312
0.10842025285218622
0.11016792716529857
0.10859777123883484
0.10806777265975219
0.1080431602700226
0.10802880785101081
0.10845145023053873
0.10851410564408176
0.10797146482038396
0.10923517281955954
0.10909250674499317
0.10797347756111358
0.10937744953177843
0.10911076678575084
0.10819522137556824
0.10819386449023616
0.10797217821672003
0.10843728571424603
0.10780214484085
0.1077701398698808
0.10779059695548726
0.10774479529698702
0.10783266154968678
0.1079322401136171
0.10792889455366934
0.10854831356466865
0.10842261773720195
0.10846851574517577
0.10860093840405823
0.10865758711996132
0.10772088196179821
0.10816262149845315
0.10821560170755261
0.10844459678813326
0.10764436418730663
0.10760988063118118
0.10836228439006086
0.10764112549342054
0.10768950274905444
0.10793744045894889
0.10769606531883646
0.10784971466014354
0.10832317634213101
0.10802729428705153
0.10827630836405101
0.1079789575400786
0.10811632235305729
0.1077671272164782
0.10801293936218395
0.10818609892556046
0.10758154298962899
0.10788617987508815
0.10752805632732682
0.10750898040929065
0.10751820958926095
0.10749718967063206
0.1077313334592878
0.10780641570532752
0.10795335696433951
0.10794638817048198
0.10796608251093358
0.107564527827881
0.10800716865818104
0.10779276612276019
0.10789534399586465
0.10757109713520802
0.10747252875136822
0.10778793321070784
0.10747568382356336
0.10744493099515928
0.10777115275360061
0.10791045150862587
0.10749524753854156
0.10745106664558852
0.10750495357886333
0.10784483647261585
0.10785271707869465
0.10755259994106879
0.10775738531300748
0.10777414803013587
0.10751436304751265
0.1076828441824428
0.10754156233411861
0.1078041992877519
0.10740858190127563
0.10740507915459734
0.10742694603390644
0.10741913481207395
0.1074791664580326
0.1077517890879409
0.10739283539719195
0.10755008774970826
0.10740762322171694
0.10740134918996072
0.1076684439799351
0.10768906058975268
0.10754643232659496
0.10744487718595681
0.10747596438403369
0.10738872288177947
0.10740946487532141
0.10743158813525944
0.10756470488591084
0.10737449420041961
0.10741216785704659
0.10737995117319482
0.10751512777637023
0.1075943396995152
0.10764027517404169
0.10750442797480753
0.10762989224460615
0.10735752989916118
0.10748006002177826
0.1074580672214256
0.10761514736485013
0.10749649926062452
0.10735080914536146
0.1073642318985884
0.1074833960825158
0.10734871851572808
0.1073669448560579
0.10737106253590795
0.10738479884827504
0.10742536900289064
0.10738119168981324
0.10757954117923688
0.10756161322950847
0.10750302483786904
0.10752943234673909
0.10748939120258545
0.10733441616484132
0.10755873344522277
0.1073647697120457
0.10733105338847469
0.10734110104152658
0.10734344933736964
0.10733208049714782
0.10732898731822593
0.10739671028587536
0.10732904085455806
0.10741454284918248
0.10742661366593813
0.1073800489806375
0.10734948820294186
0.10744890132633103
0.10741525979318563
0.10750204221412511
0.10734783100380985
0.1073439306945197
0.10732523995307336
0.10737970467032366
0.10732527542389914
0.10747697191090512
0.10731644733392183
0.1073773480754774
0.1073832483872403
0.10737946563913842
0.10747981462691798
0.10731221587593895
0.10732977441524527
0.10747824089188596
0.10731050697807493
0.10745384195099077
0.10734534083698878
0.10734512390478321
0.10746693060756414
0.10730657258989859
0.1073058590682516
0.10730596159597582
0.10730485687087982
0.10730442945526356
0.10742165574647596
0.10732364734318917
0.10741487223084997
0.10731315257742914
0.10745178291302122
0.10740718816221684
0.10735140830967838
0.10743068208282615
0.10738050970585776
0.1074283465841118
0.10730034227597661
0.10730562025953906
0.10734581378803029
0.10743622003001885
0.10731779488057368
0.10730748085639265
0.10739617928284016
0.1073433117718025
0.1073022211831715
0.10729856458633528
0.10734928968690319
0.10741121573483269
0.10737188655499252
0.10736266692712662
0.10731986495257037
0.10729184046658198
0.10732061940711268
0.10729851160313081
0.1074050768915851
0.1073839388972871
0.10729035000221322
0.10733954946277911
0.10730353533717678
0.10735924991466163
0.1073132211586719
0.10729711601275152
0.10740427206015948
0.10732823892960633
0.10738515895372522
0.10739385764151602
0.10737344483679719
0.10734033151380316
0.10730178469862613
0.10728873755712223
0.10728903261070011
0.1072848453466898
0.10728704248524744
0.10735112440559601
0.1072987819639637
0.10728497347687732
0.10737590610208848
0.10728292063398617
0.10738419081831178
0.10728626917443052
0.1073488239343121
0.10733224611434322
0.10735729314280781
0.10738112826984682
0.10733889052554828
0.10731288082780563
0.10732556747480358
0.10728154707249588
0.10727962321535925
0.10730910838371098
0.10730159963740177
0.10730793156126285
0.10732415652933011
0.1072947277613639
0.10729695721087837
0.10732923783635828
0.10728842711301383
0.10736296700227389
0.10729452790723257
0.10734251146229422
0.10728411489747508
0.10733525906009886
0.10736359530475653
0.10727907962103432
0.10727892393588108
0.10727667335810666
0.10727520949831884
0.10727736917732385
0.10733256429032455
0.10734141058211866
0.10734012736080457
0.10727563496530292
0.10735666765073316
0.107341085037794
0.1072752455022356
0.10731987847473018
0.10734364535892411
0.10735328645326461
0.10728604345450576
0.10727231297917482
0.10728278694338458
0.1072733246630595
0.10727753032054375
0.10728090232684043
0.10727579874487186
0.10727510330517437
0.10734666471275217
0.10731325128496545
0.1073436126596495
0.10734388580016854
0.10728609842277777
0.10729831585323804
0.10733138277796829
0.10727111621316857
0.10733231027436242
0.10733736996113738
0.10727298654001842
0.10727003029140691
0.10727346037773776
0.10732910816370848
0.10728300126975508
0.10730750369347201
0.10726901685711623
0.10727180786187693
0.10729020244066241
0.10731539389162437
0.10729590477283374
0.10731073794359908
0.10731915096781906
0.10728477428628376
0.10726874260864838
0.10728887657228396
0.10732272876735013
0.10727068424464385
0.10732873717336763
0.10726785352998797
0.10726622196948567
0.10727398710949115
0.10732638701346908
0.10732025568336949
0.1073282227198238
0.10728931349356187
0.10731038937364742
0.10732565496791416
0.10728295467960505
0.10726467800733235
0.10729077957054323
0.1072774424856853
0.10730748580849975
0.10726593802188442
0.10727671219896111
0.10730523824593188
0.10726950723884343
0.10731262212497118
0.10729150579091683
0.10726693533669562
0.1072646326847424
0.10726323785534644
0.10731244494806613
0.10730152576307819
0.10726279015755176
0.10728746489755564
0.10728853208407024
0.10726297443191744
0.10729398103503458
0.10728302615814066
0.10726690066134648
0.10726846544784537
0.10727462136850774
0.10731119118285347
0.10726171006826793
0.10730152598937193
0.10729954859596548
0.10731052168576374
0.10727893177409907
0.10727822720000416
0.10730230765962957
0.10728275738286426
0.10728269960656908
0.10727500971595752
0.1072611863740552
0.10726271750316528
0.10730465622075344
0.10727763356172951
0.10727457702289918
0.1072697471063239
0.10726022804130692
0.10728545574622678
0.10726517341048558
0.10729152961473368
0.10730224459896111
0.10730277636545676
0.1072617719570179
0.10730713196982253
0.10726043025407968
0.1072729646226636
0.10726844853715733
0.1072921620486436
0.10730566118545293
0.10726249590421191
0.10725906151351187
0.10726505512752108
0.10726038611336178
0.10726175068425758
0.10727308461441579
0.10725873376029742
0.10728408220168849
0.10729049463835902
0.107297767129829
0.10727208342626501
0.10726539631192454
0.10730076625387237
0.10727120869999246
0.10725797138059948
0.10729660710187772
0.10726276974222519
0.10726057864246831
0.10727935639505472
0.1072761223961557
0.10725979386218405
0.10726491920176427
0.10729021727129848
0.10725704998189635
0.1072717856609468
0.10726400116750179
0.10726648581413747
0.10729769261088505
