0.10727116046733597
0.10725933929210046
0.10728724513692567
0.10725786391145353
0.10725613795574071
0.10725615036673393
0.10727350208311251
0.10725849487166934
0.10728024431844545
0.10728225830295103
0.1072901209042968
0.10725561227524681
0.10725585248008078
0.10728325146313107
0.1072613331919283
0.1072692143918708
0.10729078715521129
0.10725520775039123
0.10727415272470475
0.10725971342612428
0.10725586262723022
0.10726896386616391
0.10725853220943535
0.10726035507474596
0.10726116008339606
0.10725642482165826
0.10725460664455444
0.10728509387715031
0.10726045196668456
0.10729066486987682
0.10726547311087649
0.10728444675413612
0.10725957522893231
0.107260045706762
0.10726519964814564
0.10726562371543244
0.10726826883553671
0.10726114818413841
0.1072556540764966
0.10725829700909044
0.10725381496025564
0.1072743529241543
0.10727327612982514
0.10726494017830285
0.10727202529730649
0.10726059358128058
0.10728723454036215
0.10725339066374544
0.10728651137733827
0.10725487193506449
0.10727373857922064
