0.8460213484935937
0.8469234741225168
0.8478201453514761
0.8487114056020814
0.8495972977160122
0.8504778639661423
0.8513531460674133
0.8522231851874613
0.8530880219570067
0.8539476964800068
0.8548022483435833
0.855651716627726
0.8564961399147782
0.8573355562987133
0.858170003394201
0.8589995183454742
0.8598241378349967
0.8606438980919423
0.8614588349004824
0.8622689836078925
0.8630743791324798
0.8638750559713364
0.8646710482079218
0.8654623895194804
0.8662491131842953
0.8670312520887848
0.8678088387344445
0.868581905244638
0.8693504833712399
