0.9566947252540335
0.9639347294222788
0.9712703054053603
0.9787039116397064
0.9862372613432334
0.9938713385254131
1.0016064086349366
1.009442023655492
1.0173770218728904
1.0254095229406903
1.0335369192544728
1.0417558649954806
1.0500622645095103
1.0584512619334434
1.0669172341563797
1.0754537892920573
1.0840537728326336
1.0927092835429388
1.1014117009321245
1.1101517258083673
1.1189194349846143
1.1277043506736906
1.1364955245069202
1.1452816354577573
1.1540511002820917
1.162792194435444
1.1714931808310132
1.1801424432990832
1.1887286212300554
