0.8688204171844698
0.8620437655169945
0.8546236380608225
0.8465662469374243
0.8378458505836444
0.8284067381414484
0.8181717273234038
0.8070567010265481
0.7949892438011573
0.7819282243773935
0.7678805643676013
0.7529116658380901
0.7371470762880339
0.7207647391010326
0.7039791644400283
0.687020498875692
0.6701123149841596
0.6534518267186626
0.6371953446586821
0.6214505073241086
0.6062755539444873
0.5916848888946151
0.5776595027409875
0.564160423846964
0.5511432202235359
0.5385716251292783
0.5264286156872168
0.5147237100041104
0.5034958051707726
