0.048862295380002856
0.054384513530903865
0.05177174101160797
0.06834458800205478
0.06233591474539412
0.06264254915344923
0.07436734397110557
0.07376101555367673
0.07507862535191998
0.09331444376763888
0.0880433972124499
0.10111482046052891
0.10454395379187031
0.1057669314996097
0.10591752440950598
0.09919115245727918
0.1137467202129348
0.11911825353194654
0.10841252619647694
0.11089924319967909
0.1256742253511975
0.12224803304989906
0.12738888574283944
0.13455092593788592
0.12563157854040669
0.1304895606644237
0.13646225356665917
0.13792823274393698
0.1364924189620898
0.1413704453369738
0.15520686987604698
0.14868010009271618
0.15215196294341146
0.15795613638050296
0.15747583213980482
0.15818942753873907
0.16934603356774283
0.15887401360110706
0.16817016063054738
0.17695060424325787
0.1694991206419365
0.16847852314186904
0.17927372650916376
0.1866787461424273
0.18435130156813548
0.17957604197596233
0.1800782995639633
0.1866383249807392
0.1950312405699402
0.20099946325017032
0.20307149121999776
0.20230647149102585
0.2007364537604525
0.20009993977258103
0.20131615110999226
0.20450867009564508
0.20927758250965686
0.21500596724305515
0.22109271434683078
0.22708115847293286
0.23269775281063623
0.2378329426485895
0.24249611260995457
0.24676721569518206
0.2507569440572492
0.25457915530960035
0.25833466731371674
0.26210371667575433
0.2659441794238922
0.2698931616724846
0.2739702482707423
0.27818130450080086
0.28252218434801035
0.2869820116854119
0.29154589821978044
0.29619707788377075
0.3009184994860205
0.30569394822332707
0.31050877582236275
0.31535031732760205
0.32020806520221307
0.3250736616060243
0.3299407592858495
0.334804791503041
0.33966268241180275
0.34451252158654433
0.34935322009103686
0.35418416057688584
0.3590048503004933
0.3638145835089048
0.3686121181870308
0.3733953714892178
0.3781611381028678
0.382904836122273
0.38762028556827455
0.39229952530608325
0.3969326746337059
0.4015078460937349
0.40601111597343725
0.4104265583927006
0.41473634775171
0.4189209325675323
0.4229592813584661
0.42682919827201243
0.430507702685166
0.43397146317966306
0.4371972723116645
0.44016254471026683
0.4428458175549393
0.4452272297420559
0.44728895443276034
0.44901555958289774
0.4503942729112987
0.45141513198069394
0.45207100701279135
0.45235749397425323
0.4522726883361896
0.451816865274613
0.4509921088467924
0.44980194891664477
0.44825107745904164
0.4463452217145326
0.44409124655362425
0.4414975389753548
0.43857469232650853
0.4353364581058122
0.43180087472136125
0.427991425109322
0.4239380314670325
0.41967767850215093
0.4152544760111374
0.41071902949965344
0.4061270767924426
0.4015374532784413
0.39700954774412545
0.3926004846035487
0.388362303201259
0.384339397237329
0.380566433808203
0.3770669055702447
0.373852396739425
0.37092257724888356
0.36826588733874627
0.3658608391611404
0.36367783988728547
0.3616814269563835
0.35983279498242643
0.3580924817645392
0.35642306730887857
0.35479172771930156
0.3531724808853516
0.3515479695159697
0.34991065383417436
0.348263331425142
0.346618960008414
0.34499982036383303
0.34343610990419055
0.34196409369678327
0.34062395590700684
0.33945749334551767
0.3385057802176296
0.3378069155681709
0.33739394626900676
0.3372930401015541
0.3375219656723275
0.3380889190501788
0.33899172272269407
0.34021741302129416
0.3417422293949855
0.34353202302866315
0.3455431111617187
0.3477236124818291
0.3500153016304576
0.3523560097947374
0.35468256704803386
0.35693422714682266
0.35905643927528036
0.36100474408456695
0.3627484919274872
0.36427403332724584
0.36558703755534744
0.3667136656099286
0.36770045084983505
0.36861289641230754
0.3695329449536909
0.37055557932054495
0.37178485636028125
0.37332966536066314
0.3752994565287286
0.3778001242263524
0.38093016870282237
0.3847772061589876
0.3894148549694004
0.3949000021938591
0.4012704574900612
0.4085430381714005
0.4167122000897434
0.42574942409746724
0.4356036633545163
0.44620321568675864
0.45745936218804023
0.46927196613077926
0.48153693463687397
0.49415503226811364
0.5070410807973361
0.5201322135026157
0.533393720072629
0.5468212188770777
0.5604384243417062
0.5742905161788207
0.5884338638211767
0.6029234209641279
0.6177993792256666
0.6330746734480875
0.6487247613331485
0.6646808587024639
0.6808275435217707
0.6970053221981232
0.713018322620528
0.728646708107391
0.7436627383180939
0.7578487688892493
0.7710150648287082
0.78301526322527
0.7937577106880753
0.8032116207864316
0.8114078257589975
0.8184345891531499
0.8244293437935901
0.8295673166917614
0.8340479270480083
0.8380797707318249
0.8418650545996654
0.8455845170410252
0.8493840537549339
0.8533643044038426
0.8575742450260193
0.8620093864999949
0.8666146158117577
0.8712911766781948
0.8759068650297716
0.8803082416451947
0.8843335341767988
0.8878249183411933
0.8906390529407003
0.8926550959209651
0.8937798893373046
0.8939504473351697
0.8931341749980083
0.8913273047310731
0.8885518811024364
0.88485137036878
0.8802847736401425
0.8749191145810298
