0.8094594809198052
0.8078779928779525
0.8062313436612047
0.8045244178714606
0.8027609139651416
0.8009435449833289
0.7990742656019004
0.7971545193142706
0.79518549835851
0.7931684079338243
0.7911047254063382
0.78899644467101
0.7868462956996269
0.7846579296345364
0.782436060631382
0.7801865570282571
0.7779164763026971
0.7756340406110632
0.7733485523857769
0.7710702523571137
0.7688101253022478
0.7665796616225455
0.7643905853258203
0.7622545609712508
0.7601828934764201
0.7581862352848237
0.7562743151950488
0.7544557021619891
0.7527376156540075
