0.0326887576928444
0.048794534956882005
0.0042742363901970976
0.002872154351170131
3.9372336506642106E-4
-1.727758515897327E-4
-0.0035709629810570377
0.027396783204046763
0.08823803463762613
0.12092715445891902
0.08131150851853701
-0.015665455008772193
-0.08296321652702057
-0.03664507592341036
0.030416155293274048
-0.01473382073082158
0.05969448213636929
0.017442726196107015
0.019965002523306644
-0.0013912760690580968
0.036359114684368705
0.045103070313909054
0.07569998455934035
0.08692561247298763
0.12003469269667565
0.1406635686317624
0.08640012506325262
0.06422332023179568
0.08401722008217233
0.1047096944812723
0.12545940923274446
0.1453738002410195
0.16371205334166922
0.17994655240673643
0.19375458722016825
0.2049839109274808
0.21361327443692144
0.2197165443586527
0.22343305537929675
0.2249443267032421
0.12409748141171488
0.13529424775488494
0.07846462515108812
0.08540306839846454
0.09127368935665407
0.18230224203681872
0.19796350260663753
0.2128664880014045
0.2270021477703364
0.24037527838630812
0.2530005547922533
0.26489952669526395
0.276098355603746
0.2866261188917694
0.29651354696027454
0.3057920906077415
0.31449323973691046
0.3226480330031676
0.33028671218645406
0.33743848592645287
0.34413137577191577
0.35039212385680213
0.3562461463876736
0.3617175208599903
0.36682899778381123
0.37160202989646757
0.37605681352696857
0.3802123380731448
0.3840864405486137
0.3876958629219871
0.3910563105584695
0.3941825105248356
0.3970882688640763
0.39978652620976657
0.4022894113110875
0.40460829219163846
0.40675382477986843
0.408735998934652
0.41056418185286603
0.41224715889196656
0.4137931718734941
0.41520995495622687
0.41650476818282134
0.41768442881302814
0.41875534056142827
0.4197235208592521
0.42059462625901134
0.4213739760981417
0.4220665745340986
0.42267713105875093
0.42321007959481544
0.42366959627167333
0.42405961597237524
0.4243838477381041
0.4246457891109474
0.42484873949053137
0.42499581257499497
0.42508994795195254
0.42513392190047866
0.42513035746082084
0.42508173382447384
0.4249903950934243
0.42485855845380166
0.4246883218058627
0.4244816708891206
0.4242404859385712
0.42396654790529337
0.42366154427223424
0.42332707449369245
0.42296465508490527
0.42257572438618196
0.4221616470242065
0.4217237180914813
0.4212631670633138
0.420781161470333
0.42027881034320985
0.41975716744501745
0.41921723430556784
0.4186599630710017
0.41808625918095976
0.4174969838847756
0.4168929566073109
0.41627495717429175
0.4156437279063149
0.4149999755900399
0.41434437333447927
0.4136775623197594
0.41300015344520163
0.4123127288830983
0.41161584354412745
0.41091002645994046
0.4101957820880687
0.409473591543968
0.408743913764677
0.40800718660826835
0.4072638278930051
0.40651423637983974
0.4057587927016625
0.4049978602424805
0.40423178596950327
0.4034609012209093
0.4026855224519043
0.4019059519414976
0.4011224784622837
0.4003353779153547
0.3995449139323544
0.398751338446541
0.3979548922346195
0.3971558054309925
0.3963542980159773
0.39555058027943607
0.39474485326119213
0.39393730916950487
0.3931281317788104
0.39231749680785866
0.39150557227931265
0.39069251886180334
0.38987849019539195
0.3890636332013179
0.38824808837686947
0.3874319900761651
0.38661546677757863
0.38579864133851666
0.38498163123819756
0.38416454880905626
0.38334750145735874
0.38253059187358224
0.3817139182330747
0.380897574387495
0.3800816500474932
0.37926623095707174
0.3784513990600431
0.37763723265897814
0.37682380656701026
0.37601119225285484
0.37519945797937204
0.374388668935985
0.3735788873652565
0.37277017268390417
0.3719625815985166
0.3711561682162315
0.3703509841506109
0.36954707862293923
0.3687444985591659
0.36794328868269166
0.36714349160319215
0.3663451479016693
0.36554829621189705
0.36475297329843526
0.36395921413136106
0.3631670519578778
0.36237651837092993
0.36158764337497534
0.36080045544902867
0.36001498160710815
0.35923124745619905
0.3584492772518387
0.3576690939514394
0.3568907192654401
0.35611417370638454
0.3553394766360193
0.35456664631049684
0.35379569992376114
0.6546707710225158
0.6552017351536499
0.6557256423817692
0.6562426233116126
0.6567528054513054
0.6572563133014689
0.6577532684413235
0.6582437896119034
0.6587279927964912
0.6592059912983825
0.6596778958160797
0.6601438145160108
0.6606038531028691
0.6610581148876616
0.6615067008535525
0.6619497097195798
0.6623872380023305
0.662819380075642
0.6632462282284068
0.6636678727205477
0.6640844018372293
0.6644959019413719
0.6649024575245241
0.6653041512561584
0.6657010640314409
0.6660932750175325
0.6664808616984721
0.6668638999186891
0.6672424639251999
0.6676166264085251
0.667986458542379
0.6683520300221701
0.6687134091023544
0.6690706626326806
0.6694238560933635
0.6697730536292253
0.6701183180828347
0.6704597110266837
0.6707972927944255
0.6711311225112153
0.6714612581231748
0.6717877564260134
0.6721106730928346
0.6724300627011489
0.6727459787591292
0.6730584737311205
0.6733675990624383
0.6736734052034734
0.6739759416331269
0.6742752568815954
0.6745713985525307
