0.002806232795417728
0.013226079736729316
0.015574292598148555
0.02009806502287626
0.027096052133730997
0.03770748004298813
0.031161554130706582
0.047630524254396144
0.06538986847149723
0.08248932336207522
0.09759264230879079
0.10995116651979038
0.1127352591623431
0.060957697737030775
0.070465694315974
0.07736928072282095
0.07514699528252039
0.0875283894408075
0.10818556405484818
0.11860399595591085
0.1258261203274344
0.12799762787469632
0.12784562132847088
0.12661978261613815
0.12498196354061678
0.12331021996811636
0.12182815074822032
0.12066864280549264
0.11990871909464539
0.10286146931239397
0.10296907975539488
0.10775445688413221
0.11088816145966378
0.1136548352174792
0.11644213872313508
0.1194060022303268
0.1226179700048927
0.12611266249267414
0.1299067004032008
0.13400734995465888
0.13841682591174034
0.1431345236616656
0.14815815810239188
0.15348426865842066
0.1591083203672652
0.16502452167501383
0.17122542526735493
0.17770135195876086
0.18443966766701783
0.19142394467396026
0.1986330484173984
0.20604020864649866
0.21361215735251096
0.22130844273411737
0.22908105390069713
0.2368745080230082
0.24462655111197018
0.2522695958283775
0.2597329572114303
0.2669458486578007
0.2738409747010178
0.2803584250019049
0.28644946615225875
0.2920797774741512
0.2972317081543593
0.30190525026652143
0.306117605228035
0.3099014293085401
0.3133020286524521
0.31637389598187543
0.319177020234931
0.3217733612179767
0.32422378663667606
0.3265856492986882
0.32891106615762145
0.3312458675460705
0.33362912298010783
0.33609311885520743
0.3386636571954074
0.3413605552593443
0.3441982455193675
0.34718639826616554
0.3503305108452961
0.3536324261204423
0.35709075735555346
0.36070120735483213
0.36445677689331735
0.3683478618695111
0.372362240833456
0.37648495502621837
0.3806980819304886
0.3849804001796721
0.38930693720041976
0.393648378140529
0.3979702888920172
0.4022320530527282
0.4063853100952445
0.4103714319293677
0.4141169844584474
0.4175246044015722
0.42045236144058573
0.4226600336044206
0.42363934285421057
0.4218801223831813
0.4087458173176495
0.564988262050765
0.4592317234892559
0.451053266221119
0.44791195308744225
0.44579450987242997
0.4438009139088085
0.44163772104648535
0.4392047560268343
0.43648336574862756
0.4334958213339047
0.43028669834702826
0.4269124523689685
0.42343464081385657
0.4199151348753675
0.4164126724520032
0.4129804622680061
0.40966466747113933
0.4065036258988702
0.4035276659951166
0.40075937731799666
0.3982142013456522
0.39590122276309936
0.39382406127772196
0.39198178613126466
0.39036979710656944
0.3889806350745042
0.3878047009893396
0.38683087444300956
0.38604703164648974
0.385440468510839
0.3849982379483627
0.38470741219741483
0.38455528141545875
0.3845294994115353
0.38461818652947966
0.38480999858552084
0.3850941695722584
0.3854605346711152
0.3858995390298641
0.38640223679288327
0.3807176637882433
0.3813077271091356
0.381908447623976
0.38251776022784256
0.38313334576247937
0.3837528108704574
0.3843738230867787
0.38219623728226
0.3829969106471857
0.38378380650018695
0.3845565677828183
0.3853151985621709
0.38606014445301057
0.3867923700496738
0.3875134350365723
0.38822557001125285
0.3889317525465638
0.389635783594027
0.3903423639593525
0.3910571702436598
0.39178692932809367
0.39253949017831674
0.3933238914562244
0.3941504231502091
0.3950306801764724
0.3905990767808044
0.3060310184892377
0.307264210678908
0.308601524271226
0.31006242977008786
0.3116675651411018
0.31343868930950824
0.3153986014508849
0.3175710255424423
0.31998045980616213
0.3226519910698741
0.32561107466099637
0.32888328119615773
0.3324940125037964
0.33646818987837585
0.34082991887216235
0.3456021358373634
0.35080624238839897
0.3564617348102725
0.3625858361443867
0.3691931391914474
0.3762952689425892
0.3839005729543643
0.3920138479023782
0.40063610997747745
0.409764415937369
0.4193917405198301
0.4295069145991186
0.4400946269740621
0.45113549107255474
0.462606176205588
0.4744796013691126
0.486725188035857
0.49930916695824606
0.5121949327656184
0.5253434391212791
0.5387136264329774
0.5522628735973065
0.5659474650055742
0.579723064036485
0.5935451844909189
0.6073696518605084
0.621153046933652
0.6348531249963787
0.6484292047459754
0.6618425219681665
0.675056544001385
0.6880372419945351
0.7007533189316981
0.7131763923260533
0.7252811313579878
0.7370453490345081
0.7484500506683236
0.7594794406081284
0.7701208896926662
0.7803648663485314
0.790204834606223
0.7996371225732373
0.8086607650811789
0.8172773243213688
0.8254906923066242
0.833306878952918
0.8407337894711445
0.8477809946043264
0.8544594970475037
0.8607814971544957
0.8667601607759698
0.8724093917946277
0.8777436116334528
0.8827775477188653
0.8875260325888263
0.8920038150522026
0.8962253845350671
0.9002048094963903
0.9039555905630667
0.9074905288250297
0.9108216095469518
0.9139599013945678
0.9169154711409339
0.9196973137102327
0.9223132973325753
0.9247701235204927
0.9270733015338742
0.9292271369718571
