-4.466835536457212E-5
0.006357579519350551
-0.04025254931912285
-0.05280412473773685
-0.05263594874237451
-0.046613526936354455
-0.03770886657060277
-0.027403775445347472
-0.016498088919017245
-0.0054433347565528145
0.005500505377297904
0.016184421688899414
0.026526114013120994
0.036484393777752144
0.04604376082105835
0.055204798378390235
0.0639780316530742
0.07237992183696224
0.08043021835560574
0.08815019913908623
0.09556150538403846
0.10268538188870285
0.10954219774639129
0.11615116211501134
0.12253017560044574
0.1286957750376712
0.13466314134530113
0.14044614856525472
0.1460574383196852
0.15150850842531946
0.1568098077509293
0.16197083188830805
0.16700021604310863
0.17190582289495315
0.17669482414367924
0.18137377514049152
0.18594868247007182
0.19042506465949474
0.1948080063865824
0.19910220667494827
0.20331202161519496
0.20744150215887744
0.2114944275155324
0.21547433466284518
0.21938454445798397
0.22322818479781512
0.22700821120876882
0.2307274251809632
0.23438849054027497
0.23799394817554337
0.2415462294340623
0.2450476684022019
0.24850051315550162
0.25190693604960357
0.2552690432856686
0.25858888412835607
0.261868460015137
0.26510973342488603
0.26831463622757434
0.2714850776568565
0.27462295265803804
0.27773015130704326
0.2808085690433513
0.2838601166756741
0.28688672981667374
0.2898903792268914
0.2928730842618089
0.2958369296937966
0.29878408345606916
0.30171681319062504
0.30463750378377275
0.3075486816956371
0.31045304934552953
0.31335352566673824
0.31625328630462585
0.31915580489911755
0.32206490838807
0.3249848595379806
0.3279204654510347
0.33087719876116745
0.33386132897928245
0.336880090210658
0.33994192669866846
0.34305683783325086
0.34623681288343494
0.34949635280400787
0.3528531347432179
0.3563289252444304
0.3599508067855586
0.36375260642108387
0.36777602991498864
0.3720699237635936
0.37668241397359037
0.38162834207925905
0.3867777572050685
0.3915512083900078
0.39456271931672937
0.3946038193918774
0.39251281049330955
0.3898734677137864
0.3874663343752137
0.3854835482564911
0.38391435514121075
0.3827000580347456
0.3817799876972928
0.3811028284953108
0.3806276711379186
0.3803219877867029
0.38015924085148883
0.3801175155896251
0.3801792642998981
0.38033106153730967
0.38056236264641463
0.38086369195532266
0.38122581219452195
0.38164064778268764
0.3821026764861409
0.38260867516673597
0.38315552183606455
0.3837383704300318
0.38435157626614763
0.38499160617840256
0.38565835344248
0.3863526600371563
0.3870724816326051
0.3878124877047104
0.38856831263352815
0.38934071002520415
0.3901340097287487
0.3909497353844188
0.39178288322532573
0.39262634100785265
0.3934791797497314
0.3943485516675115
0.39524140352409787
0.3961550061368246
0.3970786302771509
0.3980062740159262
0.3989456836673283
0.3999110421905334
0.4009059314431709
0.4019172787221661
0.40293028824532795
0.40394845666612983
0.40499323778496
0.40608016949950587
0.407198707057474
0.4083229467804361
0.4094444527562796
0.41058790576073917
0.4117861849658905
0.41304067263016286
0.4143163586912546
0.41558383041657976
0.41686079726198655
0.4181989815267474
0.4196247338071693
0.42110355207688793
0.4225785364568699
0.42404377188439457
0.4255626352930804
0.427199118879946
0.42893831219005657
0.43069795115963494
0.4324287461861076
0.4341858935575807
0.43607584168029856
0.4381296140471347
0.4402566806016505
0.4423496317266443
0.4444232517108491
0.4466143198344646
0.44902495903089934
0.45159109113601253
0.4541489817604223
0.4566360487080581
0.459184414551683
0.4619772083622598
0.4650234288845696
0.46813154900996445
0.47113541603753945
0.47410794710124515
0.47729350132679493
0.4808164447868907
0.4845142920766259
0.4881203605012173
0.4915900550166681
0.49517381542064576
0.499126676606384
0.5033873578448055
0.5076330474168596
0.5116642455295242
0.5156574385290705
0.5199685949257514
0.5246985710843562
0.5295504262996885
0.5341762946398587
0.5385997035895497
0.5432015198684023
0.5482647771438371
0.553615222019914
0.5588163534771827
0.5636918883191664
0.5685450418867606
0.5738028610500227
0.5794907490006709
0.5851852045720987
0.5905180348437966
0.5956190302214444
0.6009682781197695
0.6068163955577408
0.6128669692322425
0.6186269726152999
0.6239964471708125
0.6293910935494996
0.6352469521382359
0.6414843301509542
0.6475959253198638
0.6532551159402411
0.6587049961321096
0.6644713711957163
0.6707262593500626
0.677071530481285
0.6830181301938074
0.6885690391361492
0.6942160957914352
0.7003510765905614
0.7067858280008041
0.7129784394908976
0.7186833699715259
0.7242413568505497
0.7301740330397367
0.7365523305807771
0.7429080367212912
0.7487998781139364
0.7543372438353578
0.7600492589455513
0.7662498182329336
0.7726547908901793
0.77872798442157
0.784322826121536
0.7898535396927193
0.7958010360890755
0.8021306954238088
0.8083354857838984
0.8140483995291556
0.8194760698304204
0.8251519593081882
0.8312951133527101
0.8375445147244739
0.8433990777258478
0.8488152059484417
0.8542555764129888
0.8601362337437475
