0.8632964011424812
0.868225308847061
0.8756505175253066
0.8854495191516049
0.8973797748192073
0.9110347456688297
0.9257914554079364
0.9407648513067998
0.9548005472080571
0.9665554696293798
0.9747117640590067
0.9783060239425342
0.9770403412112638
0.9713862496266524
0.962409022421894
0.9514335657677231
0.9397390021547362
0.9283817969412084
0.918141288724182
0.9095382826524742
0.9028827127728913
0.8983246896588258
0.8958972884923965
0.8955469621038258
0.8971509045062053
0.9005223636837668
0.9054061560819018
0.9114681320090451
0.9182843495132332
