-4.088779625044967E-5
0.5467547847678791
0.5539241488812681
0.559430991900215
0.5650403544613664
0.5676644967604435
0.5725020225450621
0.5657033671305692
0.5632852396986101
0.5646354297042103
0.5729395621070691
0.5745575640881716
0.5715230746862446
0.5636162245465609
0.5639919218343515
0.5595395237957956
0.549940684005325
0.5469672518601608
0.5434248980693835
0.562100426982874
0.5836124924724047
0.5851232687280516
0.5823274930148516
0.5780905241909617
0.5811503008950818
0.5856519462474691
0.590527182977871
0.5921932761183478
0.5909812064597095
0.5929551278126154
0.5964496371775789
0.6016905943207309
0.6060270468454916
0.6134261995771176
0.6192948290465764
0.6231788414323739
0.6263338496320083
0.6278085183435452
0.629240973837998
0.6261713397339759
0.6261734352709089
0.62671352676631
0.6278338549118957
0.6306383447395776
0.625473911049173
0.6332561089105708
0.632945578193727
0.635358559553138
0.6333849724233186
0.6313631578207699
0.630038769406059
0.6360906240020185
0.6310863057349007
0.6238836242813928
0.6277808470577237
0.6196540915702872
0.61967572982807
0.6277834567032171
0.642186129002614
0.6326535767043154
0.6405370311786674
0.6488007614492283
0.6594179992412842
0.6630831035278977
0.6659049715464619
0.6696189983250914
0.6729018187688095
0.6728688122214427
0.6765637580107278
0.6778535568731561
0.6722367501703698
0.6703543107677541
0.6766001090834959
0.6704361146189003
0.6736935358601589
0.671451307157058
0.6759200145437838
0.6752298366526182
0.6821181948474958
0.6830182555537294
0.6865211907651958
0.682461563782994
0.6835503917826367
0.6747304463224862
0.6800931565624366
0.6886382249380156
0.6949634090103356
0.7044377150167216
0.7049366649817362
0.6886675678582408
0.6887348101768098
0.6854748515928303
0.6799268064607712
0.675597397390049
0.6767525613584813
0.6849302037177685
0.694445333450152
0.6943535324482869
0.6959672071904327
0.6982968183708106
0.7001144360638873
0.6961477160643149
0.6973654322877401
0.7084356562610717
0.7177312353990083
0.7200733187736797
0.7245371591528289
0.7266613781627955
0.7259073839779617
0.7272336390588433
0.7302695509146686
0.7375663346024691
0.7410034991212945
0.7426070995733319
0.749325987302909
0.7503061535400586
0.7452467209706507
0.7379293326558092
0.7395719591476978
0.7487207668572651
0.7420607938703929
0.7464573656667461
0.7324192536454419
0.7331003581798642
0.7311746912662936
0.7180389790484137
0.7094652487541036
0.7264417518588098
0.7405894428526959
0.7299329404144422
0.7210825622793237
0.7185345761100049
0.7261758881118107
0.7289559700754146
0.7383386071243178
0.7321773143529777
0.6999071653096421
0.6962090230759025
0.6846490195334779
0.6947255356448008
0.7031993881785265
0.7160108541861813
0.7128768866977861
0.7150969647333872
0.7116573223133453
0.7106908134144531
0.7202177959214185
0.734299075439262
0.7420467984016533
0.7446598739674506
0.7479660539160948
0.7574755604539734
0.7613290465353153
0.7579395153480886
0.7598457103661732
0.7622002374693754
0.7644074287959097
0.7664599937458167
0.7688204345184314
0.7648178121698143
0.7613116766671061
0.7570236918662838
0.763558989079292
0.7632926045913309
0.764456423655853
0.7653785594552672
0.7700332772578596
0.7722656151400631
0.7628293876300671
0.7584395652660518
0.75808054626957
0.7519234778415573
0.753019939670059
0.7516243436527393
0.7495120679509015
0.7306663307696711
0.7273195745416832
0.7231728110469856
0.7220152385812828
0.7125727586210311
0.7141150754774944
0.7168760156333975
0.7180822802897073
0.7028373424146971
0.702405816319086
0.7050909892907941
0.7025516807566252
0.7037931355228486
0.7055324252145643
0.7160595024762736
0.7047916188750866
0.7164857544438604
0.7283619851973385
0.7390519132600883
0.7466430669097612
0.7491806339634457
0.7549573378539516
0.7652269214451145
0.7624496926995685
0.7756905714190233
0.7606724287855766
0.7538870500949558
0.7504091338144777
0.744133326746113
0.74592250571735
0.7406403494435573
0.7300117003924725
0.7319653368325709
0.726421953135867
0.7180966293836708
0.7201472680656532
0.7156715315747229
0.7033170076033178
0.6988963321613385
0.7062762255646095
0.7311584208275227
0.7342258971233706
0.7363859010145172
0.7371810905887662
0.7421153045298604
0.7499615968466049
0.7534265995964985
0.7560717877596219
0.7537283024038814
0.7577970515041796
0.7661717247615761
0.7679121212171727
0.7711999882744547
0.7713725587291745
0.7688546375076117
0.7687194077870917
0.7725413275148428
0.7669352525331641
0.7759513777559129
0.7723886346009808
0.771772358937323
0.7851361701670169
0.7827100479445831
0.7796506848218807
0.7903915506722801
0.7969172288676157
0.8025234699073169
0.8026579519151078
0.7960399230006787
0.7996628301904376
0.8054353228484525
0.812118297797045
0.8134097739073114
0.8122484682207225
0.8136940205854372
0.8062415751486155
0.7955187459064885
0.7897142763349181
0.7912110126676758
0.7925772273052053
0.8086947791857779
0.8048444747157583
0.7926835647717003
0.7821459454370903
0.7833845616720162
0.7869361480962843
0.7935581274962563
0.7911817305295269
0.8176757009059158
0.8225337987010175
0.8265015034385839
0.8324919018970178
0.8388687277728099
0.8465104806297413
0.8478331869650703
0.8507795095753665
0.842731519268023
0.8446632006845485
0.8417519085709533
0.8437617955241551
0.8427129420503551
0.8394893075753508
0.839520807557356
0.8278278613685738
0.8295418059564145
0.8393157768264461
0.8389477172693529
0.8391248915364115
0.833937068128064
0.8354944074164475
0.8193355411670236
0.797161348048969
0.7888515637962941
0.7937303093680725
0.7825569171515989
0.7847417684536028
0.7748766684787686
0.7527205295727791
0.7526902499754458
0.7514648946120593
0.7601892079329917
0.775631764368274
0.784848315086273
0.7907600786237404
0.801396127899715
0.7958551190142946
0.8061940574782295
0.816497230796351
0.8101237713566967
0.8079897333553572
0.8153797669808347
0.816092385048355
0.819879628339198
0.8206129699649936
0.8209352838611498
0.8265356296759856
0.8134827349497666
0.8217878073877944
0.836581699717834
0.837897508822006
0.841101815257681
0.8356695347714278
0.8349097853388792
0.8294156443928825
0.814508511346354
0.8114190686981804
0.8130635374123608
0.8282720764050944
0.8181433467750427
0.8210264595943693
0.8320790803681514
0.8256794900794691
0.8310251500782343
0.8301413892081883
0.8237256456437201
0.8298126138919811
0.8347124141183144
0.846074082385753
0.8502804717390587
0.852076221513191
0.8406320313056022
0.8280417337137411
0.822643016425117
0.829044113144443
0.8203216467204665
0.8086675953616326
0.8100016672407374
0.8129093327711807
0.8296870534365061
0.8386239342813762
0.8415707126956835
0.8451826705512399
0.8478595354701723
0.8457310323821423
0.8357212651936465
0.833939107805383
0.8454449561148039
0.8507594301354682
0.8519637433640173
0.8487975602443717
0.8393365237586361
0.8412982278732578
0.8377010688885799
0.8499206382590503
0.8496265963673899
0.8567481832408887
0.8661533635765262
0.85784530707588
0.841122716989451
0.8425146105306607
0.8448509620870929
0.8363600900952235
0.839145380750876
0.848931282279323
0.8535762078489398
0.8588102454531045
0.8600160494790003
0.8600159963276307
0.8623909553938001
0.8652343585161735
0.8658922416901429
0.8645621356603505
0.867559107626718
0.8781550382831973
0.8843507104747893
0.8834776241389967
0.877057205950034
0.8670596146551764
0.8683182635264114
0.8686831649648884
0.8695618012037478
0.8714461138233618
0.8802070677681808
0.884952546158647
0.8834092685825551
0.875680875647318
0.8751742234366343
0.8706410374376401
0.8729696737771001
0.8753907280878923
0.8771520782248915
0.8879315322013697
0.8900593094411365
0.8915270354433524
0.8816049102282791
0.884219221690508
0.8757240066357528
0.8803234397466275
0.886777835922864
0.892709290151396
0.8973046146960881
0.8893284508018348
0.8901253727381645
0.8900510928692167
0.8955433210904941
0.8970626030467246
0.897209165414845
0.8847729289466547
0.8816055318201551
0.8845635452027327
0.8767144674774843
0.8551446253720891
0.8444416850067336
0.8452997744022865
0.838717349514187
0.8389354707111859
0.8357799341083697
0.8382875359512297
0.8540205727564805
0.8512755587360257
0.8547719337733555
0.8621139423952827
0.8561792742036344
0.8635984615306831
0.8785007856549315
0.8835497913218703
0.8902134672081938
0.8908661394070906
0.8922804471960535
0.8986900851236405
0.8998560315947703
0.8937294923120512
0.8951794225671662
0.8929620330194041
0.8972787324293662
0.8947198534770072
0.8929814787979933
0.8988904190646044
0.8915949877849818
0.8900121855189389
0.8907554646044151
0.88683790403197
0.8880513788247288
0.8909075837649015
0.8996746859931487
0.905950941846355
0.913931049205848
0.9056288814362762
0.8968594118536671
0.8949668765031317
0.8874548538927105
0.8876820122801482
0.8865443945149396
0.8935341472538597
0.8731083250698638
0.8643934235328372
0.8751828343325171
0.8859303215494626
0.8676437509381143
0.8634060305690322
0.8622735352673319
0.8534564133545637
0.833655619481801
0.8303929681239953
0.7949895333579793
0.8018623367345991
0.817328253543102
0.82940222874019
0.8415990106484499
0.846310235214772
0.8469638519352807
0.8622197796099691
0.869069890412457
0.8771816484832653
0.8832519966458223
0.8854283788430453
0.9098166349871251
0.9209270712717312
0.915747811911909
0.9248595647107086
0.9294848269165151
0.9339797350825368
0.938566691957488
0.9417355813373436
0.9376046019211849
0.9416435781811541
0.9441126475034602
0.9435684202403706
0.9465545023503276
0.9450803130505632
0.9433452113527945
0.9532670746850943
0.9593765800386369
0.9591736476869139
0.9591940779980397
0.96059432052703
0.9537291118183283
0.9581484488991318
0.9645142027983165
0.9610322206240206
0.9683894471875691
0.9599647216879561
0.9452251181515811
0.9349998703476667
0.9370241141573801
0.9153101765599508
0.901161281866703
0.8975143993055963
0.897955781631658
0.9232875654669419
0.9554251518223883
0.9609952853099825
0.9743267917647571
0.9791891945272769
0.9798997334701088
0.978358570617637
0.9732560547275209
0.9614368561352163
0.9538898397071288
0.932278553529069
0.9143101405687613
0.9237545538122331
0.9421693718815358
0.9502085486319324
0.9405383332643434
0.9343428760991238
0.9144437548196668
0.9173346724657508
0.9127348539666529
0.9214093129999982
0.9253646286850091
0.9328155689131047
0.948489505503004
0.9401914689464963
0.9163710594811986
0.907923543883758
0.9032587931223888
0.9052286396356576
0.895325752240957
0.9234777206104804
0.9432653359369179
0.9495176209622609
0.9568720098446504
0.950202901708985
0.9539338165219138
0.956537040826119
0.9652068157478304
0.9736434477197347
0.9727440478196393
0.9753464232826669
0.9705045556823318
0.9665866472056137
0.9815354407302365
0.9852539913314393
0.9923591271296586
0.9901815204173409
0.9879707040662211
0.9871879365300348
0.9882885884856644
0.9791408351215781
0.9841943416165568
0.9619549215786146
0.9646268100082738
0.9482470617999125
0.9452141679194542
0.9446605113012806
0.9454805165219666
0.95574812302221
0.9587277476453694
0.9511198305325863
0.971062998723438
0.9733788831984403
0.986589880267969
0.9777090967464049
0.9529736324463283
0.9411874731963854
0.9455297991618452
0.9537815875029784
0.9576298605358241
0.9417166264731428
0.9492091439168404
0.9469521455433428
0.9659724187526197
0.9618224741808695
0.9619008610778136
0.9722136151322187
0.9746946498921054
0.9688151375571867
0.9807129559567224
0.9822638068006915
0.9555862404148379
0.9634361648399129
0.9709391412900251
0.9673914006377371
0.9740270060172422
0.9776177773730051
0.9789339542293566
0.9698539090040686
0.9729199422418807
0.9577869485226146
0.9648719448519504
0.9789908158536796
0.968802929154817
0.9542409674507956
0.9596619783840754
0.9712233932975041
0.9843785977098727
0.9704744472704482
0.980224968847509
0.9822000666393536
0.9951236564620106
0.9975321855719351
0.9989893282042946
0.9999483926374526
0.9980332746886492
0.9952801511687007
0.9760329608257752
0.9807125356943566
0.9825092467027134
0.974120832898391
0.9752978195603036
0.9704846794289027
0.9777321488954331
0.9664249110570492
0.9618068510612366
0.956537560369228
0.9527024963365104
0.9569824949595458
0.9769342715483732
0.9647110619123764
0.951297627220102
0.9577239544253349
0.9632864938545302
0.9721490175845378
0.9777306522030741
0.9790194787873026
0.9858761767023823
0.9738899248117597
0.967504923837452
0.9677310579574027
0.942192209033906
0.9409609681227633
0.9461706029979143
0.9503481238177739
0.9397905671912942
0.931292375770607
0.9339445656759878
0.9370053784423509
0.9397056017517335
0.9588775601690087
0.973156014034717
0.9776807854123803
0.9822992751452089
0.9793927945745354
0.982145618148864
0.9656102588557145
0.9604958472468637
0.9518169030035427
0.9390013127379937
0.9259733021335661
0.9302443999439094
0.9454434578239688
0.9464215231222551
0.9490292081958758
0.9341983540627178
0.9349480130247788
0.9338864185931754
0.9228676000709161
0.9157768175640106
0.9239445558393218
0.9220342731155251
0.9028028238972169
0.9208022582242232
0.9243741324508781
0.9185102804524075
0.9304344583798461
0.9145513018194779
0.8904178381992168
0.8452329680200671
0.7531177532128863
0.7775213041516664
0.7796644105577234
0.8313617494314582
0.8525712428520285
0.8448736574210802
0.8056305260651206
