# Data Deleted: 85
0.8187099548501008
0.8406361442206484
0.834866439
0.8231034870719557
0.84619202
0.83171388890899
0.8344524166042518
0.8418088231321478
0.841588029
0.8461201836578296
0.8640618419349867
0.8680294051882137
0.865994791
0.860612421
0.8469859433982215
0.843847536
0.8317357182712817
0.83155663
0.825123959
0.8310500764427391
0.829895352
0.8086324617115866
0.818321401216266
0.826951789
0.825220831
0.8563157199924292
0.8770565559881013
0.8786686870853722
0.8866533146012937
0.9008537667695529
0.9039977655551755
0.9014382976935518
0.894971554
0.8928919720306367
0.9074615141767673
0.9092698505004737
0.9109322940478841
0.911524580450056
0.9138974498343585
0.9430641941127397
0.9496074037091722
0.9443649501165077
0.9457259323325172
0.9565742997226386
0.9547701080449846
0.952544389
0.9540799518015465
0.9660246962857519
0.9687928487829123
0.967243511
0.9644721972214062
0.96228687
0.9634489228916803
0.964796207
0.9541892702973133
0.957485229226254
0.947049001
0.925577305
0.9163435591663488
0.9368511578400661
0.9397413127503403
0.9563961480262969
0.9606899762020515
0.9622690928272829
0.956499456030382
0.9664168049562317
0.9619542530158127
0.9594525239477003
0.9594701449049602
0.963297233
0.951267202
0.9393446324374662
0.960097892
0.94807381
0.935683482
0.9386389266721228
0.937091532
0.911799321
0.9100034019935391
0.9271945453550349
0.9393875219179614
0.952539291
0.930318107
0.9084341851348935
0.9191598164018894
