0.48871702469848943
0.43203043874289104
0.4252424535234899
0.43497361511566357
0.4243150609035563
0.43364914923256787
0.42938682457208477
0.43745044916277315
0.4251826223582625
0.4215626115622036
0.4210131362864768
0.43097231048495804
0.42617321281275516
0.42134439554588504
0.43103659661525817
0.41720206138902916
0.42197333585020413
0.4198513986718089
0.42179909555449724
0.41301195747726827
0.4245596304365858
0.42308144952080473
0.4198052441947664
0.4197707727980736
0.4228033894277524
0.41752784535643056
0.42178170052652914
0.42544064844790935
0.4165446464624368
0.41879741312527763
0.42284436958187765
0.4144999689284813
0.4239547842061125
0.4193619682253956
0.4222032431459256
0.425274775974105
0.4230437949612968
0.4286266960018608
0.4128051695277174
0.41517932240124855
0.418263328093479
0.43410418028100495
0.41868931254811503
0.4264808691469373
0.41614735036141337
0.4186876684601394
0.42008892037153533
0.4180724556650892
0.41541025878879967
0.4166731020352473
0.4137563840097756
0.4189985594826958
0.4189368287842016
0.4138497693347749
0.41493178448736695
0.4168464996665251
0.4222156623171573
0.4152069700260544
0.417636668819444
0.4317945234681478
0.4221556725274299
0.41518336884399093
0.416400780182718
0.41824391334660876
0.4148723897934155
0.4157166352088402
0.4131798321043599
0.42551378766671777
0.41664791770565773
0.4135227278941557
0.41874352111689517
0.4160941965911492
0.4149602628813618
0.41908151487617096
0.41437075602186546
0.421149724893653
0.41621780187823676
0.4199688795215478
0.416137894321673
0.4149840349693072
0.4155722523539935
0.4174409260995887
0.4143597041417559
0.4182324927147132
0.4170840202576717
0.41967870028716875
0.41715994239217763
0.41612526571834685
0.41853479858929055
0.41514994338014405
0.4247136718731676
0.42095321892308935
0.41610689839007453
0.4149548765681742
0.4129945779773599
0.41325491862796604
0.4163976575014778
0.42267965319923784
0.4122464247216633
0.41236617687432997
0.39201935813974415
