153.45
161.0
169.6
173.6
176.3
178.6
179.95
180.7
182.4
183.55
185.8
188.05
187.7
187.65
187.4
188.1
189.2
189.25
189.3
190.35
190.65
190.85
191.3
191.75
191.65
192.6
192.15
192.8
192.95
193.1
193.3
194.45
195.1
196.15
196.4
196.45
197.1
197.5
197.4
197.8
198.1
198.65
198.0
198.65
198.95
199.6
199.15
199.65
200.0
200.1
200.75
200.75
200.65
200.55
200.95
200.8
200.6
201.05
200.9
201.4
201.25
201.3
201.5
201.55
201.65
201.8
201.75
202.45
202.4
202.65
202.6
202.7
202.4
202.9
202.9
202.85
202.95
203.35
203.3
203.4
203.4
203.7
203.7
203.8
204.2
204.15
204.45
204.3
204.3
204.25
204.55
204.2
204.25
204.4
204.35
204.1
204.35
204.3
204.7
204.9
205.0
