0.013092380054629642
0.00631749605462964
0.00631749605462964
0.006606150054629639
0.04856288605462965
0.06606891405462964
0.06606891405462964
0.06606891405462964
0.06606891405462964
0.06606891405462964
0.09743034305462964
0.10607298905462964
0.10607298905462964
0.10607298905462964
0.10607298905462964
0.10607298905462964
0.06960068305462964
0.10435804305462965
0.10435804305462965
0.11189701205462965
0.13157643605462965
0.13157643605462965
0.13157643605462965
0.13157643605462965
0.13157643605462965
0.12379975205462965
0.11884169205462963
0.12962377505462963
0.12962377505462963
0.12962377505462963
0.12962377505462963
0.12962377505462963
0.11542878105462964
0.14721470105462964
0.15960985205462963
0.15960985205462963
0.16050977405462963
0.16050977405462963
0.16050977405462963
0.16050977405462963
0.16050977405462963
0.09411930905462965
0.10269403705462965
0.12189803005462965
0.12189803005462965
0.18687918305462964
0.21255242605462965
0.22484569905462964
0.22876800005462966
0.22876800005462966
0.26522332705462964
0.26522332705462964
0.26522332705462964
0.28488577105462964
0.28488577105462964
0.28488577105462964
0.28488577105462964
0.28488577105462964
0.2723547830546296
0.2723547830546296
0.2616745780546296
0.2616745780546296
0.21294295905462965
0.21464092405462964
0.26958709905462963
0.33738687505462966
0.33927161705462966
0.34512959905462964
0.34512959905462964
0.34512959905462964
0.35896802105462966
0.35896802105462966
0.35896802105462966
0.35896802105462966
0.35896802105462966
0.3015258360546296
0.3015258360546296
0.29724696205462964
0.29593952905462967
0.34051113205462963
0.38401301705462965
0.38401301705462965
0.38401301705462965
0.38401301705462965
0.38401301705462965
0.3615998680546296
0.29617724405462964
0.29617724405462964
0.35839071205462963
0.37698343805462964
0.3945404050546296
0.40206239305462965
0.42060418005462963
0.42060418005462963
0.42060418005462963
0.42060418005462963
0.42060418005462963
0.38959932405462966
0.44748298005462966
0.44904510805462966
0.5365412880546296
0.6258542910546296
0.6258542910546296
0.6462129010546297
0.6520369240546297
0.6520369240546297
0.6520369240546297
0.6520369240546297
0.6520369240546297
0.5758661770546296
0.5018688250546296
0.5018688250546296
0.4714922170546296
0.32904986205462966
0.31925260005462963
0.34018851805462963
0.38705237505462964
0.38705237505462964
0.38705237505462964
0.43839886205462963
0.45763681505462966
0.45763681505462966
0.45763681505462966
0.45763681505462966
0.45763681505462966
0.3221221620546296
0.30138999905462965
0.2552902270546296
0.2552902270546296
0.31894696605462963
0.31894696605462963
0.31894696605462963
0.31894696605462963
0.38460730505462964
0.38460730505462964
0.38460730505462964
0.38460730505462964
0.38460730505462964
0.38397905705462965
0.4945845520546296
0.5052477770546296
0.5624692260546297
0.5624692260546297
0.5624692260546297
0.5624692260546297
0.5624692260546297
0.5077437870546296
0.5048402660546296
0.49230927805462965
0.49230927805462965
0.49230927805462965
0.41564612005462964
0.39676474005462964
0.39676474005462964
0.39676474005462964
0.39676474005462964
0.39676474005462964
0.36647303005462967
0.36647303005462967
0.36647303005462967
0.34951035105462963
0.34951035105462963
0.34951035105462963
0.36728805305462964
0.36728805305462964
0.36728805305462964
0.36728805305462964
0.36728805305462964
0.33492482405462964
0.28821378405462966
0.27210008805462965
0.30037122005462963
0.37686458005462964
0.37686458005462964
0.38942952805462966
0.38942952805462966
0.38942952805462966
0.38942952805462966
0.38942952805462966
0.35144603205462965
0.35144603205462965
0.3542816350546296
0.3542816350546296
0.35594564105462967
0.38764666405462966
0.38764666405462966
0.38764666405462966
0.38764666405462966
0.38764666405462966
0.37640613005462964
0.38133023105462965
0.43695559105462967
0.43695559105462967
0.43695559105462967
0.43695559105462967
0.43695559105462967
0.42138524505462965
0.42138524505462965
0.42138524505462965
0.42138524505462965
0.4721204640546296
0.5065212520546296
0.5065212520546296
0.5065212520546296
0.5065212520546296
0.5065212520546296
0.5860030330546296
0.6174833190546296
0.6174833190546296
0.6174833190546296
0.6218810510546297
0.6218810510546297
0.6531236220546296
0.6638377870546296
0.7065076680546296
0.7065076680546296
0.7065076680546296
0.7183085310546297
0.7372578290546297
0.7630669100546297
0.7873478220546296
0.8242106600546296
0.8291347610546297
0.8291347610546297
0.8291347610546297
0.8291347610546297
0.8291347610546297
0.7967545520546296
0.7967545520546296
0.7708435940546297
0.7698078340546296
0.7914738790546296
0.7914738790546296
0.7914738790546296
0.8098458690546296
0.8320892210546297
0.8658957210546296
0.9079713150546297
0.9079713150546297
0.9079713150546297
0.9079713150546297
0.9096862600546296
0.9096862600546296
0.9096862600546296
0.9096862600546296
0.9096862600546296
0.8877655210546297
0.8364529940546297
0.8757609030546296
