0.9278439298754226
0.9278439298754226
0.9278439298754226
0.9593072368754226
0.9593072368754226
0.9535850918754226
0.9487289088754226
0.9487289088754226
0.9487289088754226
0.9487289088754226
0.9487289088754226
0.9455876728754226
0.9109491698754226
0.8710130128754227
0.8710130128754227
0.8710130128754227
0.8710130128754227
0.8710130128754227
0.9109661488754226
0.9313077798754226
0.9085040988754226
0.9085040988754226
0.9085040988754226
0.9085040988754226
0.9085040988754226
0.9192522218754225
0.9250083268754226
0.9380996428754226
0.9797677248754226
