0.07575610009755751
0.07575610009755751
0.07575610009755751
0.07575610009755751
0.07575610009755751
0.08711549109755751
0.08711549109755751
0.11655821909755751
0.12025978509755751
0.12025978509755751
0.12025978509755751
0.12025978509755751
0.12025978509755751
0.1550341250975575
0.1550341250975575
0.11679593409755751
0.11679593409755751
0.11679593409755751
0.11679593409755751
0.11679593409755751
0.1795527520975575
0.1974832710975575
0.1974832710975575
0.18330525609755752
0.18330525609755752
0.16433897809755751
0.16433897809755751
0.16433897809755751
0.1359659690975575
0.1359659690975575
0.1359659690975575
0.1359659690975575
0.1359659690975575
0.15140047809755752
0.1788396060975575
0.1788396060975575
0.2253808500975575
0.20407137809755752
0.17079124809755752
0.17079124809755752
0.13983733109755753
0.13983733109755753
0.13983733109755753
0.13983733109755753
0.13983733109755753
0.18899344209755753
0.2097086250975575
0.2097086250975575
0.2097086250975575
0.2968312520975575
0.3225044950975575
0.32656263409755754
0.32656263409755754
0.32656263409755754
0.3316565310975575
0.3316565310975575
0.3316565310975575
0.3316565310975575
0.3013478410975575
0.2849285110975575
0.2849285110975575
0.2683393850975575
0.2683393850975575
0.2683393850975575
0.2683393850975575
0.2683393850975575
0.32289502809755755
0.3245929930975575
0.3795391680975575
0.4139059960975575
0.4139059960975575
0.4095761840975575
0.4095761840975575
0.4071990310975575
0.3619652210975575
0.3619652210975575
0.3619652210975575
0.3518793040975575
0.3518793040975575
0.3518793040975575
0.3518793040975575
0.3518793040975575
0.3919173390975575
0.4051954320975575
0.35700716109755753
0.35700716109755753
0.35700716109755753
0.3318942470975575
0.3318942470975575
0.3318942470975575
0.3318942470975575
0.3318942470975575
0.4683427810975575
0.4869355070975575
0.4906031130975575
0.4906031130975575
0.4906031130975575
0.4796851930975575
0.4796851930975575
0.4796851930975575
0.4796851930975575
0.4796851930975575
0.5574350490975575
0.5589971770975575
0.6464933570975575
0.6858182460975575
0.5916660400975575
0.5916660400975575
0.5814442860975575
0.43900193109755753
0.39908275509755753
0.39908275509755753
0.39908275509755753
0.38719699409755753
0.38719699409755753
0.38719699409755753
0.38719699409755753
0.38719699409755753
0.3888270410975575
0.3888270410975575
0.3888270410975575
0.3888270410975575
0.4113420680975575
0.3638669430975575
0.3638669430975575
0.3540527010975575
0.28849424009755753
0.2379797560975575
0.2379797560975575
0.2379797560975575
0.2379797560975575
0.2379797560975575
0.2733314050975575
0.3767375240975575
0.3767375240975575
0.3767375240975575
0.4005599850975575
0.4244164050975575
0.4244164050975575
0.4244164050975575
0.4244164050975575
0.4244164050975575
0.45681359309755754
0.6045366210975575
0.5672662710975576
0.5672662710975576
0.5672662710975576
0.5255981890975575
0.4159265760975575
0.3574656120975575
0.3534753920975575
0.3534753920975575
0.3534753920975575
0.3534753920975575
0.3534753920975575
0.3609464420975575
0.3609464420975575
0.3609464420975575
0.3609464420975575
0.36770434609755753
0.36770434609755753
0.36770434609755753
0.36770434609755753
0.3877233630975575
0.3877233630975575
0.3877233630975575
0.3820521570975575
0.2978330520975575
0.2978330520975575
0.2884263210975575
0.2884263210975575
0.2884263210975575
0.2884263210975575
0.2884263210975575
0.3062040230975575
0.4103232890975575
0.4499028720975575
0.4208167170975575
0.40884605809755753
0.4086253230975575
0.4086253230975575
0.4086253230975575
0.4086253230975575
0.4086253230975575
0.4433996630975575
0.4433996630975575
0.4231938700975575
0.3995921440975575
0.3995921440975575
0.3995921440975575
0.3995921440975575
0.3995921440975575
0.4012731310975575
0.4105949630975575
0.4912823000975575
0.5137633670975574
0.5137633670975574
0.4744384790975575
0.4573909020975575
0.4573909020975575
0.4573909020975575
0.4573909020975575
0.4573909020975575
0.5024718940975574
0.5758579780975576
0.5758579780975576
0.5758579780975576
0.5758579780975576
0.5758579780975576
0.6105474200975575
0.6835599510975575
0.6835599510975575
0.6835599510975575
0.6901989970975575
0.7073314730975575
0.7073314730975575
0.7630756910975575
0.7737898560975575
0.7801062880975576
0.7801062880975576
0.7831286680975575
0.8282606000975575
0.8472098980975575
0.8730189790975575
0.8908985590975576
0.8807956630975575
0.8573467540975576
0.8299415860975575
0.7941994050975575
0.7941994050975575
0.7941994050975575
0.7941994050975575
0.7941994050975575
0.8571599780975575
0.8620161600975575
0.8620161600975575
0.8620161600975575
0.8964848670975575
0.9197979380975575
0.9420412900975575
0.9758477900975575
0.9972082000975575
0.9972082000975575
0.9161303320975576
0.9118854170975575
0.9118854170975575
0.9118854170975575
0.9118854170975575
0.9118854170975575
