0.9292973326468464
0.9292973326468464
0.9292973326468464
0.9607606396468464
0.9607606396468464
0.9550384946468464
0.9501823116468464
0.9501823116468464
0.9501823116468464
0.9501823116468464
0.9501823116468464
0.9470410756468464
0.9124025726468464
0.8724664156468465
0.8724664156468465
0.8724664156468465
0.8724664156468465
0.8724664156468465
0.9124195516468464
0.9327611826468464
0.9099575016468464
0.9099575016468464
0.9099575016468464
0.9099575016468464
0.9099575016468464
0.9207056246468464
0.9264617296468464
0.9395530456468464
0.9812211276468464
