0.04133838706074102
0.0354159392907074
0.0354159392907074
0.03566827397844689
0.07234588758202877
0.08764925461986234
0.08764925461986234
0.08764925461986234
0.08764925461986234
0.08764925461986234
0.11506469453678453
0.1226198968885724
0.1226198968885724
0.1226198968885724
0.1226198968885724
0.1226198968885724
0.0907366458487489
0.12112073053924036
0.12112073053924036
0.12771112384226999
0.14491442367505622
0.14491442367505622
0.14491442367505622
0.14491442367505622
0.14491442367505622
0.13811622538648682
0.1337820033701847
0.1432074523401844
0.1432074523401844
0.1432074523401844
0.1432074523401844
0.1432074523401844
0.13079851507115653
0.15858503525695852
0.16942059117189076
0.16942059117189076
0.17020728228602708
0.17020728228602708
0.17020728228602708
0.17020728228602708
0.17020728228602708
0.11217026476797884
0.11966609476628505
0.13645378375381476
0.13645378375381476
0.19325881313572935
0.21570177168009427
0.22644826819062708
0.2298770535116526
0.2298770535116526
0.2617454619001942
0.2617454619001942
0.2617454619001942
0.2789339182075215
0.2789339182075215
0.2789339182075215
0.2789339182075215
0.2789339182075215
0.26797961671144893
0.26797961671144893
0.2586432271458487
0.2586432271458487
0.21604316664641024
0.21752748859610638
0.2655601710155584
0.3248291757955633
0.32647677390277646
0.33159768703321485
0.33159768703321485
0.33159768703321485
0.3436949172610216
0.3436949172610216
0.3436949172610216
0.3436949172610216
0.3436949172610216
0.2934802803079596
0.2934802803079596
0.2897397870715359
0.28859685921397876
0.327560329406852
0.3655886767277078
0.3655886767277078
0.3655886767277078
0.3655886767277078
0.3655886767277078
0.3459956173757718
0.2888046641995185
0.2888046641995185
0.3431902470113656
0.35944358044667546
0.37479147718670874
0.3813670260901025
0.39757582982321266
0.39757582982321266
0.39757582982321266
0.39757582982321266
0.39757582982321266
0.3704720978216886
0.42107265856908926
0.42243823493764515
0.4989253830758951
0.5770007560936996
0.5770007560936996
0.5947977847063644
0.5998890116600619
0.5998890116600619
0.5998890116600619
0.5998890116600619
0.5998890116600619
0.5333022965647267
0.46861551339016716
0.46861551339016716
0.44206098134049887
0.3175411507827968
0.308976609680051
0.32727830766819466
0.3682456135858789
0.3682456135858789
0.3682456135858789
0.4131315315487857
0.42994890758723325
0.42994890758723325
0.42994890758723325
0.42994890758723325
0.42994890758723325
0.31148511478034097
0.2933615347268193
0.253062174342131
0.253062174342131
0.3087094314668526
0.3087094314668526
0.3087094314668526
0.3087094314668526
0.36610818962864566
0.36610818962864566
0.36610818962864566
0.36610818962864566
0.36610818962864566
0.36555898967678996
0.4622477694723132
0.47156931551245457
0.5215909901312588
0.5215909901312588
0.5215909901312588
0.5215909901312588
0.5215909901312588
0.47375127004606454
0.4712130787690337
0.46025877727296116
0.46025877727296116
0.46025877727296116
0.39324160780691053
0.37673593968386115
0.37673593968386115
0.37673593968386115
0.37673593968386115
0.37673593968386115
0.3502556235131334
0.3502556235131334
0.3502556235131334
0.335427239674038
0.335427239674038
0.335427239674038
0.3509680978741521
0.3509680978741521
0.3509680978741521
0.3509680978741521
0.3509680978741521
0.32267690743869415
0.2818431906276091
0.26775696820045025
0.2924709415570016
0.3593396775168171
0.3593396775168171
0.3703236660638075
0.3703236660638075
0.3703236660638075
0.3703236660638075
0.3703236660638075
0.33711936748345084
0.33711936748345084
0.339598186407
0.339598186407
0.34105282217995536
0.3687651273609938
0.3687651273609938
0.3687651273609938
0.3687651273609938
0.3687651273609938
0.35893891107119646
0.3632434469107578
0.4118698572359113
0.4118698572359113
0.4118698572359113
0.4118698572359113
0.4118698572359113
0.3982586188816676
0.3982586188816676
0.3982586188816676
0.3982586188816676
0.44261018041817757
0.4726825580674479
0.4726825580674479
0.4726825580674479
0.4726825580674479
0.4726825580674479
0.5421637029315888
0.5696830449041923
0.5696830449041923
0.5696830449041923
0.5735274410704744
0.5735274410704744
0.6008389780575382
0.6102050546740563
0.6475060832342574
0.6475060832342574
0.6475060832342574
0.6578221262482518
0.6743871667247828
0.6969488717244651
0.7181746865323322
0.7503993316642946
0.754703867503856
0.754703867503856
0.754703867503856
0.754703867503856
0.754703867503856
0.7263978335429391
0.7263978335429391
0.7037470700130344
0.7028416324435808
0.7217815906621566
0.7217815906621566
0.7217815906621566
0.7378419617632087
0.7572865884830866
0.786839453231419
0.8236209697648592
0.8236209697648592
0.8236209697648592
0.8236209697648592
0.8251201352400143
0.8251201352400143
0.8251201352400143
0.8251201352400143
0.8251201352400143
0.8059575293846167
0.7611012984726278
0.7954633684360004
