0.016605760076195644
0.017181423335943018
0.018085954075972487
0.018606697770693053
0.01891192367716445
0.019474258113272948
0.01982605999496816
0.02060502957544486
0.020982032480656457
0.021516268591022743
0.021959334530703988
0.022120288122311312
0.02243358973847072
0.02256337938053632
0.0228164104619705
0.023091294877297573
0.023185987800947834
0.023501739216415757
0.023630244647444697
0.023722882628373767
0.02390905105967222
0.0240034944887059
0.024268134573463735
0.024393916519585748
0.02454090699748215
0.024680454713779783
0.024899037647200913
0.02508169500983471
0.025189985402503147
0.025281265257778802
0.025448007428961535
0.02550257479911828
0.02577868846001947
0.02595670885551083
0.026237105306903392
0.02632869870129742
0.02639619322432577
0.026596952404231638
0.026659408379734868
0.02679487170421054
0.026905448023265353
0.026977697051927613
0.02707506870513594
0.02713536643660582
0.027244372376338782
0.02732245329587298
0.027392393686211047
0.02745484314222791
0.027502727329100467
0.02763426743865543
0.02774577456559412
0.027789645897603975
0.02790549401542078
0.027920571181015104
0.02797612641501
0.02807864850904402
0.028112831354846945
0.02820790167582509
0.028234015038823602
0.028249862614505128
0.02834581606147473
0.028397769213590728
0.028549683978790957
0.028582196499088386
0.028628532060364233
0.02865660360799747
0.028692800863346683
0.028737835708940368
0.028804849272683713
0.02888843894708486
0.02893592364961688
0.02895992763828349
0.029021826477786554
0.029084167980025506
0.02917240970304601
0.029239041467722514
0.02932945736664567
0.029336747994887342
0.029377930066155945
0.029552273807405195
0.029645772054532355
0.029677382460402975
0.02969147657342361
0.029740199588749516
0.02974407005746215
0.02980690169570276
0.029873204674113318
0.02991805056341858
0.029989249974553427
0.030026952818249335
0.030095925021144138
0.030120423711943938
0.03014378486949255
0.030198888636036543
0.03024614312928034
0.030351079100234667
0.030361792704868794
0.03040625329395798
0.03047654973215233
0.030490120265018333
0.030559065479139343
