54.75
55.05
56.1
56.65
57.0
61.1
55.6
57.45
60.9
63.75
65.35
64.85
64.0
65.95
65.65
70.1
71.75
80.15
80.0
80.05
78.6
81.3
80.5
80.8
82.3
85.1
85.3
85.65
89.1
89.3
92.55
95.3
101.65
97.95
98.7
98.75
101.45
106.6
108.6
105.75
108.05
107.7
109.9
111.7
112.65
113.5
112.95
112.4
113.95
114.6
114.95
115.3
117.2
116.1
116.65
117.35
117.95
119.6
118.7
119.1
120.05
120.65
121.7
120.9
120.4
122.35
120.85
120.9
120.5
122.0
121.05
122.3
122.4
123.9
124.75
123.4
125.25
126.0
125.0
127.0
126.3
125.6
125.55
125.35
125.05
125.7
126.3
126.85
127.05
128.9
128.3
129.1
127.9
127.55
129.75
129.4
128.85
128.85
129.45
129.0
129.45
