0.6628099068296779
0.6604264722642397
0.6593793348125256
0.6595949210578245
0.6588974772084659
0.6578320289996489
0.6577653413537203
0.6563544590961485
0.6558123078169888
0.656753397760908
0.6591813376032404
0.6608724388616363
0.6652321594307258
0.666304891453957
0.6629994714819223
0.6598864773493736
0.6563905231077445
0.6523128494511391
0.650482861696589
0.6506557671992783
0.6500360451235572
0.6496334491566207
0.6487345074788975
0.6473279364470438
0.6465611057511442
0.6458126673415568
0.6449119808231156
0.6438753005607172
0.6427952842423857
0.6416564941570654
0.6408289873741769
0.6403620408540197
0.6400360669386461
0.6399281090024156
0.6399072767337906
0.6398637264492892
0.6398641449158883
0.6398593177485411
0.6398552907255488
0.6398694848348379
0.6398650580882529
0.6398985202398175
0.6399201720695155
0.639918007638835
0.6399366541185456
0.6399292457218299
0.6399766196387179
0.6399129981733286
0.6398692677610933
0.6398780345546052
0.6398613530997261
0.6399130046852104
0.6398592085294511
0.6398740962892795
0.6399144619819243
0.6402781142250459
0.6409977922602736
0.6416256367526235
0.6425998552891425
0.6439429319765886
0.6456247837555286
0.6468037742715129
0.6478408122381106
0.6493203277323887
0.6502021890488009
0.6502389818510024
0.6502835000302114
0.6507249547234887
0.6498154756125881
0.649799761960735
0.6497672419601157
0.6505658299604913
0.6506793227854589
0.6519542099363167
0.6524674990433733
0.6543631685179521
0.6542780515412898
0.6550182086823518
0.6548938509669947
0.6552756953413647
0.6553841948069999
0.65787053067927
0.660626749247256
0.6640712148432395
0.6639009361224679
0.6649032654572156
0.6627221363241789
0.6590821851059298
0.6558680851015944
0.6555607100981297
0.6552064425200326
0.6557560268822501
0.6573688996373889
0.6590769916225232
0.6618392916060034
0.6632286330528785
0.6635186714508575
0.6650885335913008
0.668383650811732
0.6703712791732611
0.6733585951059418
0.6793266041052968
0.6832888212719317
0.685658726266305
0.6877230569678828
0.6904663882927167
0.6934952464544474
0.6962439228408973
0.7006891881796489
0.7054567160937224
0.7089371305281924
0.7095824698448515
0.7108471336765386
0.7097876737485063
0.7113207096775208
0.7095682935325457
0.7099253953778255
0.7062877440841292
0.7053068645126956
0.7007704419503427
0.6943733835588951
0.6893390843508782
0.691658524834294
0.6913855545756005
0.6904100732752194
0.6910175784206285
0.6934287733023435
0.6902730922848864
0.6892528268257357
0.6927024810670802
0.6948152584680474
0.6874626089401049
0.682985317478262
0.6750213534763435
0.6674134575495442
0.6648948777084727
0.6682389434302364
0.6696872529268547
0.6740397127801522
0.6765445706267323
0.6777162732185614
0.679413010170615
0.6844229666363005
0.6899198140450338
0.696368750307233
0.7054489406507014
0.7121584399277942
0.7176854499228673
0.721001506700495
0.7249999735154069
0.7269913800443938
0.7288151799954973
0.7302340761233034
0.7329447416859001
0.7346402506467484
0.7348081277105598
0.7351668800063424
0.7346065488284526
0.7334905309373384
0.7324849401302452
0.7341930660720262
0.7365635578115425
0.7387331865108083
0.7386884566822288
0.7379915731543168
0.7348874815650778
0.7294264894865073
0.7250241638777877
0.7234992571968281
0.7205421610542587
0.7122450480300829
0.7052210557570223
0.6973348732699578
0.6892820318322643
0.6819754609747162
0.6796465305794901
0.6785574667674263
0.6775844228516931
0.6742528025197904
0.6732141113460199
0.6715051573830142
0.6688187568573507
0.6673634016557417
0.6693752621347874
0.6708906735810751
0.6720091111475559
0.6756071690312263
0.6810273362302863
0.6874963549708405
0.6938596994713865
0.7023759586498498
0.7110589217289819
0.7182570062192833
0.726049617514121
0.7338406780461061
0.7356223018855821
0.7334067424932007
0.7288530137688003
0.7197655724685256
0.7131385255646415
0.709133618652554
0.7036787710289854
0.700899253002239
0.6982338137907631
0.692161295547661
0.6889114937699303
0.6856391153164881
0.6790074011484923
0.6741156247579835
0.6759953540162801
0.6784569676251822
0.6842183431391561
0.6908567483930125
0.7013832175685114
0.7062169407011444
0.709515708771761
0.7113955922240918
0.7177615274484574
0.7186201164842801
0.7216450142463715
0.7254714624335646
0.7295199933672083
0.7345047625418479
0.7394328336221888
0.7403208010170206
0.741425620301096
0.7431488120487684
0.7416228685935258
0.7447800747095684
0.7459790880728173
0.7496487828140668
0.75331131399587
0.7567223656090901
0.7586646199835138
0.7661050042123256
0.771471803819248
0.7767207958386153
0.7826829024883458
0.7848835477604518
0.7886217617395108
0.791518830936424
0.7942441096892908
0.7972432839216793
0.8028471627221182
0.805036336407442
0.8034316227541369
0.798921947052795
0.7937279386913288
0.785978857003621
0.7841343964266759
0.7846006805191554
0.7862317461443405
0.7849423115000084
0.7826612736201102
0.7753742662151718
0.7715448023973975
0.7689074325946277
0.7777170909881954
0.7899320912684459
0.8031502220514571
0.8149510032387008
0.8289302479973139
0.8379738769235014
0.8466162234274996
0.8547285987311909
0.8627198716062153
0.8650726699067324
0.8647955639137684
0.8632992427097629
0.8640478134493844
0.8608405210416358
0.8609367992862291
0.8600060909835959
0.855261221174586
0.8507731363340486
0.8513230715735953
0.8505281302118848
0.8511443816441606
0.8556138031339909
0.8555989970048153
0.8474535561652128
0.8319028486165492
0.8139123488763167
0.799956675456166
0.7821034211418718
0.7725446137138099
0.7676885917586427
0.7554610181025765
0.7432661171805488
0.7360194328703779
0.7308262521859731
0.7330575542605848
0.7434037026210112
0.7573184204932287
0.7711958811436496
0.7821167162074075
0.7921911684863845
0.8015222446451119
0.8028314256967917
0.8076874751165025
0.8098664117860204
0.8113868578047237
0.8128082628969419
0.8173716930977613
0.8214107508356573
0.8277468288217956
0.8266118826586875
0.8328855810336031
0.8375740309259477
0.8418904689098847
0.8456693800998528
0.8528620982839183
0.8515855973383959
0.8510100531640953
0.8420039826994187
0.8307937260652214
0.8258182464281074
0.8253812637922505
0.8219610514594724
0.8284064472411543
0.8352839412615727
0.8361379364318651
0.8370559453683882
0.8384115635782138
0.8364766172954059
0.8370643443416927
0.8422985568720289
0.8470466225022333
0.8557490359313419
0.8644641784354908
0.8671979082626335
0.8612560102489017
0.8534054820079646
0.8495173025707734
0.8379148166639956
0.8272233139716078
0.8251157771544599
0.8253020522760066
0.8249443036764532
0.8318596248945809
0.8433556283441092
0.8531541212897281
0.859951513267266
0.8621193040977653
0.8610861251998944
0.8610717305219423
0.861664142312206
0.8638922902913134
0.8654962920902777
0.8693202680750479
0.8715845462264755
0.8678597105954369
0.866121665855614
0.8659008087609205
0.8680465116981483
0.8726121659868262
0.8811641145232437
0.8837151436817572
0.8809296459389657
0.878179193209034
0.8731667460295507
0.8636827931046476
0.8614052517629617
0.8641140509740173
0.8675310204044347
0.8720669909440255
0.8791347761748627
0.8835796438440181
0.8878691852332764
0.8914422830065787
0.8926483669564919
0.8953116766562175
0.898765935798831
0.9037480869353615
0.9085086474199013
0.9136634461327464
0.9160442149421024
0.9137635551471119
0.9098787713817409
0.9060570704052351
0.9027407223259877
0.904263129710717
0.9087220468306597
0.9135247879485668
0.9170102016720644
0.9172218497018655
0.9163607097735976
0.914683758721441
0.912332802656363
0.9097803151140789
0.9129545211574353
0.9154021634789932
0.9202462282933375
0.9240303877622688
0.9256546622872924
0.9262465422461084
0.9250162638412686
0.9224481427796893
0.9230964456707055
0.9262295697494001
0.9292197565391147
0.930396714700802
0.9330998897234242
0.9330328645246718
0.9339861821788119
0.9330563044092408
0.934969781356719
0.9324196466883727
0.9311386343687298
0.9272683208434868
0.9230993437704081
0.9117243788236735
0.9013616022456533
0.8909287176122762
0.8781306761244135
0.8660906408192928
0.8606094997511243
0.8618045364859703
0.8618242673893177
0.865505807634653
0.8713026437500189
0.8807181204674304
0.8836339581159987
0.8906941734132475
0.8997989158131984
0.907725143828045
0.9152150445868208
0.9225179461131429
0.9273443836433759
0.930942691563551
0.9335703084046908
0.9342882127840197
0.9359941780705814
0.9358330290193096
0.9353382054405236
0.9344139657013492
0.9352105779340454
0.9354374486634819
0.9344924484442909
0.9343223899303577
0.9339550364865392
0.9314491891138468
0.9299378700646669
0.932149725229581
0.9337534553711982
0.9375253333837935
0.9421934480531675
0.9442780329684112
0.943171827649951
0.9439488885631511
0.9390255320437432
0.9362349353308435
0.9344612096548836
0.934230494760462
0.92658207255664
0.9236536452937404
0.9215002293468397
0.9198163743689385
0.9126638647039547
0.9169079670864216
0.9137463863093074
0.9028036007643169
0.8857349927920798
0.8748578962541326
0.8509163826314534
0.8352822025315803
0.8305349144304081
0.8328151027343486
0.8414912241284734
0.8506900428317585
0.8665694945365388
0.8782694312910675
0.8893906264011252
0.8993447725599987
0.9116242692971057
0.9229472860409623
0.9342449292304669
0.943188207511367
0.9483397883832211
0.9538853634249174
0.9567746962004156
0.9579180708564435
0.9590986933956235
0.9598215695167994
0.9600628763848822
0.9601717688505553
0.9602055728579307
0.9602132952650804
0.9602028088560316
0.9601548904573419
0.9600796701390978
0.9597338939072855
0.959195377123457
0.9586631812851439
0.9579379963999455
0.9572869725036997
0.9574937371093631
0.9571045774731615
0.9564356099047946
0.9558989300879042
0.9548424856578749
0.9541785611696436
0.9548652211196711
0.9576139323936897
0.9591133474318957
0.9601689952724868
0.958079905788114
0.9523198818227445
0.950409975612993
0.9523765837437153
0.9568424060941192
0.9600612646029556
0.9582932292273354
0.9533091481812844
0.950411538212806
0.9475817148489765
0.9472764689966433
0.9497641144672598
0.9519576822554082
0.9567582808324363
0.959826745233628
0.960199840951082
0.9602126869633226
0.9601946136698059
0.9601998886432134
0.959889187291968
0.9601374275750745
0.9595481830288154
0.9586875941428171
0.9580577590799914
0.9577225264288778
0.9594736166556387
0.9601718454861674
0.9602030102783792
0.9601965024357666
0.959560778570023
0.9578257815864911
0.954055295148548
0.9508347109136699
0.9536999970292633
0.957442671718124
0.9595799655792191
0.9600282935310149
0.9589692402566773
0.9579907347445723
0.9568247899647742
0.9562038795417126
0.9546361879520734
0.9515420010040261
0.949728733373234
0.9482267088728451
0.9460339494953479
0.9446836073125664
0.9423209886543445
0.9392734107813493
0.9354236055871039
0.9355585952667205
0.9324874496136409
0.9325940403445928
0.9348874793231295
0.9362579406571355
0.9407937291083537
0.9451329754453089
0.9517784453364198
0.9559809565060007
0.9576119620980804
0.9582145896915867
0.9583093835291395
0.9572391244594368
0.9537782814388527
0.9531711789734645
0.9490350588321343
0.9472946489159452
0.945111203349537
0.9497157890371047
0.9527714496755062
0.9563515537447729
0.9572996798242274
0.9585967204144509
0.9586913845962802
0.9582773682118958
0.9573134312177655
0.9579146852627503
0.957150572217421
0.9552367262793234
0.9525344356175597
0.9515297470784869
0.949713081697102
0.9471026391514095
0.9451151122451621
0.9481829318348591
0.9474458551241429
0.9485471317859653
0.9494498362087092
0.9500036881826242
0.9468546320951846
0.9468145169610459
0.9446166469106806
0.9446554520522572
0.9476004625140356
0.9483106645336484
0.9479023274233463
0.9501087907682005
0.9522274599432561
0.9513422286960365
0.9494392325786531
0.9490211092931035
0.9472613964392881
0.9442769899576946
0.9392664423819442
0.9379279002938832
0.9345980600190528
0.9301170396308791
0.9257219382157371
0.9250461839039871
0.9258632636772086
0.9308623009100094
0.9336106032831483
0.9364109866411122
0.940919637079123
0.943806692879123
0.9442334541447581
0.9454538011355258
0.9483528500354383
0.9502825061780684
0.9531831315728194
0.9553903631780748
0.9559849010146892
0.9549108051050759
0.9544844809766103
0.954265936759522
0.9529436008337825
0.9535683687680326
0.952826562381376
0.9516173833550041
0.9477605661942322
0.9445291014816883
0.9440954683673576
0.9471874746041209
0.9480754935324006
0.953812578374608
0.9577711959536113
0.9588287209962123
0.9594409060289881
0.9600621762962638
0.9596872833659186
0.9599309316039516
0.9601938393200111
0.9601745710595117
0.9596571071490284
0.9586256136497783
0.9551566674495099
0.9493635536800528
0.9451379976085759
0.9433812253623195
0.9452988546552399
0.9479430345851421
0.9523924121669701
0.956811784382558
0.9598291734753354
0.9602073646602898
0.9602035051148399
0.960208223423454
0.9601919666158288
0.9600184230820922
0.9601275673467525
0.9602044443047292
0.9597159726066196
0.9585402374767568
0.9586207123801879
0.9578536343584043
0.9570041141751018
0.9569275025160967
0.957588037846721
0.9571516263205357
0.9578140329178284
0.957495646597999
0.9543635642346383
0.9420417477793647
0.9093203997887053
0.8610336257573067
0.8304794948932503
0.8207341614239916
0.8260495128194854
0.8450661431346944
0.8562928296484028
0.858163827787452
0.8501764057350654
0.8345737743271691
0.8335488296372638
0.8392041893311419
0.8385970889935519
0.8402844882395976
0.848028452468897
0.8511031402654279
0.8648950487420224
0.8744406270471365
0.8731092894582692
0.8769173642535902
0.8695147676301179
0.85658290237246
0.8430096150732947
0.8409904309901245
0.8262572787801938
0.8181000970608197
0.8182393783079368
0.8202872418139271
0.8248604542485054
0.8472792988222414
0.8682860924684358
0.8853452853929766
0.9050582401911514
0.9190403817307449
0.9264188623938869
0.9320196987634538
0.9322493288423856
0.9339018362903634
0.9362118712325028
0.9378841121232819
0.940087917169791
0.9437989007697011
0.9484774051289772
0.9532384210658121
0.9565309768310216
0.9586648579039816
0.9602023856022075
0.9600635665718852
0.9600382525054739
0.9595706825810062
0.9581767216571387
