19.293541329085752
19.314545167085754
19.318569346085752
19.318280692085754
19.245302120085753
19.145037237085752
19.074503736085752
19.034007250085754
19.030305684085754
19.029915152085753
18.998553723085752
18.955102777085752
18.927680629085753
18.890427259085754
18.88772749308575
18.978313971085754
19.014786277085754
18.95551029008575
18.915540174085752
18.85529634608575
18.730563775085752
18.676364706085753
18.661881057085754
18.676059072085753
18.706350783085753
18.78354031008575
18.846670680085754
18.835888597085752
18.883227884085752
18.923384776085754
18.87151192008575
18.863293765085754
18.877488759085754
18.756287958085753
18.63812651508575
18.587408275085753
18.495786038085754
18.517095510085753
18.603471032085753
18.68100015208575
18.808092895085753
18.889561296085752
18.880986568085753
18.819927717085754
18.802251893085753
18.64525797208575
18.511746919085752
18.38959525708575
18.282725287085754
18.165871278085753
18.087527134085754
18.068509916085752
18.056420399085752
18.000302628085752
17.995208731085754
17.988077275085754
17.970876881085754
17.946137519085752
18.03962751808575
18.086355538085755
18.181017133085753
18.271399855085754
18.320131474085752
18.296886322085754
18.202275665085754
18.042581978085753
17.861697677085754
17.729511037085754
17.603301236085752
17.568934408085752
17.547353262085753
17.58700076408575
17.63060452708575
17.67420829008575
17.726149065085753
17.789177557085754
17.834173652085752
17.893772253085753
17.909053945085752
17.820555965085752
17.732482477085753
17.625510629085753
17.572194501085754
17.557982527085752
17.65143856708575
17.770448993085754
17.865212467085755
17.938513652085753
17.876300184085753
17.746371838085754
17.616834024085755
17.48160802508575
17.282946023085753
17.260685691085754
17.255082404085755
17.260023485085753
17.277801187085753
17.32867224308575
17.261840307085752
17.19538192408575
17.04843996008575
16.806870360085753
16.558831511085753
16.360101590085755
16.157109774085754
16.117784885085754
16.261925205085753
16.377828353085754
16.552549037085754
16.875536099085753
17.16227159008575
17.340218410085754
17.522834635085754
17.717081927085754
17.766102200085754
17.715044368085753
17.631759144085752
17.672136772085754
17.588461016085752
17.430091743085754
17.31264344608575
17.37757365908575
17.355058632085754
17.462064439085754
17.645173074085754
17.858709257085753
18.002289248085752
18.175651560085754
18.26618709808575
18.202530359085753
18.128651866085754
18.040408582085753
17.877828353085754
17.656600384085753
17.627157657085753
17.581974786085752
17.46478118408575
17.440924764085754
17.478670545085752
17.332475686085754
17.190389905085752
17.011899736085752
16.818620285085753
16.660641543085752
16.697911893085752
16.726760332085753
16.796920280085754
16.88901794708575
17.08788370608575
17.297684365085754
17.530560380085753
17.746796330085754
17.765677710085754
17.790298215085752
17.786817385085754
17.663867678085754
17.59158527208575
17.691731297085752
17.71533302208575
17.616817044085753
17.663663922085753
17.73424836208575
17.718168626085752
17.608632850085755
17.623218377085752
17.654630745085754
17.660301951085753
17.785119419085753
17.926916546085753
18.083367118085754
18.175328948085753
18.147057816085752
17.958074219085752
17.817092115085753
17.606136839085753
17.462437990085753
17.411363178085754
17.477363110085754
17.544942151085753
17.635698425085753
17.624610708085754
17.621775105085753
17.599192159085753
17.542140507085755
17.453167097085753
17.427799487085753
17.468839321085753
17.512646840085754
17.577271419085754
17.664275189085753
17.659351088085753
17.535637298085753
17.415981645085754
17.299993599085752
17.184803597085754
17.162322530085753
17.177892876085753
17.222702194085752
17.282572469085753
17.305885540085754
17.23757637408575
17.152440367085752
17.014922114085753
16.891700734085752
16.818314650085753
16.78983976308575
16.710357982085753
16.594879326085753
16.491931657085754
16.377590638085753
16.25630493808575
16.244928567085754
16.209288264085753
16.119058359085752
15.992797619085753
15.944524451085751
15.868727256085752
15.803542347085752
15.730122305085754
15.673563063085751
15.556369460085753
15.405335399085754
15.294509169085753
15.250820508085752
15.217132866085752
15.233637094085752
15.310453069085753
15.419598313085753
15.516297467085753
15.565844110085752
15.566879870085753
15.522800676085753
15.490726102085752
15.388440640085753
15.325802680085753
15.263521293085752
15.189099451085752
15.033192227085753
14.915794869085753
14.838384607085754
14.772248837085753
14.728458298085753
14.748664092085754
14.846415985085752
14.931738768085753
14.993510765085752
15.068713672085753
15.133151475085752
15.063568835085754
