0.06722885791309546
0.0669569522519285
0.06675762209612034
0.06656347976185975
0.06656891471752786
0.06697500783187617
0.06719847261382049
0.06694249259519333
0.06667515333995573
0.06672832893865731
0.06657110981866828
0.06659045296989471
0.06721908112521953
0.06805002898108603
0.06843359050780462
0.06850987237961043
0.06842943541860226
0.06829853116081756
0.06760984402389346
0.06714816402694197
0.06751672781882502
0.06776212787216647
0.06780209037248085
0.06806336365774593
0.06809330037210948
0.06743354016516176
0.06649518988716764
0.06574716889431576
0.06509255257177515
