0.30833045346023114
0.28355656395711565
-0.02209989954819693
-0.3547804229946557
-0.3250112492685175
0.13852698326712967
0.6723529544890676
0.7916447209791674
0.33804605463624
-0.28158693494732395
-0.42986766066441706
0.13114777298507177
0.9665111376862859
1.3488443165806594
0.865883109840555
-7.709487115646049E-4
-0.032354644632474214
-0.009385765967919476
0.12480972838241854
0.2729461769963287
0.2791885400053523
0.0963828631886631
-0.08362094976038535
-0.026568020749136598
0.28948306267916546
0.5922090967607898
0.583014179107924
0.24120561630722306
-0.17011757280044595
-0.22688210476206433
0.20805016638005647
0.7337518104678585
0.8742239830340229
0.5448781527365305
0.018226754310980742
-0.1733119272581207
0.2725691139923855
0.9622307636227098
1.2817218017899144
0.9129772180039358
0.1036041724484727
-0.4041867182201496
-0.11528506789493634
0.7286533468173529
1.3388986580874493
1.278932670420198
0.5630992258278439
-0.0631571085666672
0.06883048590157477
0.9377463960355067
1.7973578247231958
1.8810331504589788
1.1187249552540486
0.22376998675246182
0.03683567544736447
0.7830195827779961
1.8115683675233831
2.186558225545152
1.5359202206007432
0.461426767872512
-0.06753283028997739
0.4533475545039286
1.5646686047136473
2.2580200400361674
1.8956015247012614
0.8196422881994405
0.0401245406383225
0.3231699496465525
1.448625351398399
2.4122689244339774
2.3037446182146146
1.224518897903533
0.15978999711121333
0.12111880183248083
1.1869825373311218
2.4072658087230727
2.667187147765075
1.722210356399194
0.44170080470850803
0.021773152482753185
0.8649272536323643
2.208940187393193
2.8267024520971122
2.134094289644986
0.7816860664251991
0.005158067113358532
0.5533691085637139
1.9602136307721345
2.961991111286455
2.6154694292493565
1.2139726570573999
0.01967699690580733
0.04915258439788598
1.3680888829523385
2.6605441649146084
2.728498325695843
1.5068751075220375
0.14676337092803315
-0.17190789939595197
0.9060624309055411
2.262066646644741
2.4488868236018604
1.0932295027382408
-0.7965059327424088
-1.8389494285124803
-1.0846060008342497
0.760913420290464
1.8709617807527668
1.5331862976309731
0.42240605484068283
-0.3256753616096308
0.2682366645396594
1.9754653627134722
3.344117110890456
3.168382369721262
1.658803956991091
0.19861015147544545
0.17501180266156838
1.5621103426284242
3.0540993686638265
3.2541106488287626
2.0388184801019906
0.3514186626585683
-0.09124281974522616
1.1240197212256375
2.908903199656554
3.660069449102188
2.66201127638478
0.8272004652805561
-0.1168756209261937
0.646232798036026
2.470658031494952
3.7256591397899697
3.2265372307812874
1.4852775856298575
0.06925676968706956
0.23576955350907003
1.886776589600948
3.4916054814240445
3.4107199143005253
1.7170889951072725
-0.22192423718645599
-0.8131398572526748
0.31785502476556354
2.206284259941836
2.819383568532698
1.719772980969321
-0.013941320235142147
-0.5293614822186491
0.7448749864979863
2.8668048438947706
4.020720104197245
3.244452249514377
1.3327741420727248
0.0471965083400701
0.5586714663827219
2.41120064618752
3.9550458288212873
3.7029582572211273
1.8807790778755018
0.22759880962597442
0.2394687310518685
1.914193134616968
3.707321415240817
4.016990814304059
2.5209333539251286
0.5885724585012571
0.04481571296642589
1.3677845642929265
3.333640752601189
4.136454293947462
3.059398835525122
1.0995801386527606
0.00500777592132366
0.8084983974474779
2.768716934294821
4.089912173049184
3.5644401008713182
1.6166988870498133
0.09175797077372086
0.39218701863768374
2.3072188120452495
4.0699086271179015
4.03743264950782
2.195125393520562
0.2526967673462626
-0.003185200177312667
1.6497850744993119
3.7418268458469526
4.381372188515621
2.9715979684651357
0.7850428132414177
-0.1881291429602033
0.8754098676331578
2.89845618928031
4.030527916400494
3.138065934344948
1.0436516551220902
-0.2928608676848586
0.3738636830617429
2.4039923552899345
3.937788129048034
3.3902342671039136
1.157702181152747
-0.8270881078349437
-0.8558303120538383
0.8654644118527358
2.6315795187560607
2.6921505026075363
0.7234173461751129
-1.697741817574709
-2.326271643570536
-0.9142353839047582
1.0981686215440734
1.7127695429688654
0.35124206025433824
-2.0821924787176
-3.4195196918652915
-2.5956342714295095
-0.45209515641186465
0.7869135529379736
-0.15437507320726673
-2.5281109309224608
-4.294258076991257
-3.96859829159571
-1.8392006166204007
0.17333101300785086
0.2860334451868851
-1.5272840944553003
-3.528930455612756
-3.8102958912599
-2.1012645264348024
0.06079555693669079
0.4951034723091181
-1.1751873842272695
-3.5756181596971826
-4.594779265845705
-3.433658973287413
-1.1627546321910416
0.023173951817841938
-1.0359139481878028
-3.3970623659500254
-4.903166846181213
-4.151630935705975
-1.8146779787357903
-0.021480692218623414
-0.36973203470933397
-2.5115959866450597
-4.558861542201596
