0.9998448203977163
0.449321328576108
-0.5632216217448285
-0.9959158212302396
-0.4636873235918764
0.37703670191352584
0.9674470943574316
0.6776324227784509
-0.33517048924387766
-0.9698388518150858
-0.6932947247318377
0.22570496824732136
0.8548009775513794
0.9817278625746428
0.47852764798783
-0.4594298726531168
-0.9976559544887031
-0.5634551600725315
0.5791542095766132
0.9812659217121671
0.47449583821236496
-0.4150318409024105
0.9999466675251776
-0.7231094425318739
0.1813251767569175
0.9837792077621164
0.4343583133819916
-0.7149647285607628
-0.9025733851559793
