41.92447896687154
42.54407796205514
43.04698269113996
43.54514945906515
43.704616587901356
43.17804632000508
42.96266363397969
43.56605541445222
44.1949772451244
44.27042798422541
44.71323075291644
44.847931826545015
43.91441798902661
42.6389880713371
42.13896133236681
42.1646100659197
42.459429646029015
42.843036147396774
44.20838956340066
45.192552273202594
44.69806136918554
44.42273826597815
44.512334881313
44.206229071863746
44.31171959316996
45.66184383587811
47.55413751515696
49.13328165112073
50.566708686895566
