0.5760063704115457
0.5589900810408618
0.5491693836936323
0.5437378718891384
0.5411023486946555
0.5403062397008794
0.540748945617602
0.5420395162169024
0.5439158726440734
0.5461980339072164
0.5487599190084558
0.5515117530066954
0.5543887596294303
0.557343705059839
0.5603418695330833
0.5633575885251111
0.5663718316192173
0.5693704811913634
0.5723430915527893
0.5752819832849703
0.5781815748375326
0.5810378842924039
0.5838481546389753
0.5866105696781861
0.5893240370920669
0.5919880217445512
0.5946024168629082
0.5971674440044759
0.5996835750504227
0.6021514711629764
0.6045719348830044
0.6069458724606931
0.6092742641938202
0.6115581410594477
0.6137985663111276
0.6159966210074506
0.6181533926625408
0.6202699663821158
0.6223474179826477
0.6243868086953375
0.6263891811380813
0.628355556302558
0.6302869313540446
0.6321842780815036
0.6340485418672669
0.635880641070964
0.6376814667426273
0.6394518825961842
0.641192725187649
0.6429048042529052
0.6445889031685254
0.6462457795060175
0.6478761656555163
0.649480769499531
0.6510602751210961
0.652615343533722
0.6541466134230342
0.6556547018920262
0.6571402052035157
0.6586036995147565
0.6600457416002724
0.6614668695598883
0.6628676035096782
0.6642484462541542
0.6656098839385137
0.6669523866801647
0.668276409179064
0.6695823913066753
0.6708707586735494
0.6721419231757048
0.6733962835201096
0.6746342257296698
0.6758561236282051
0.6770623393059507
0.678253223566168
0.6794291163534685
0.6805903471644804
0.6817372354414956
0.6828700909497282
0.6839892141388272
0.6850948964892637
0.6861874208442145
0.6872670617275364
0.688334085648426
0.6893887513933276
0.690431310305642
0.6914620065537688
0.6924810773879919
0.6934887533867036
0.694485258692438
0.6954708112381708
0.6964456229643141
0.6974099000268321
0.6983638429968644
0.6993076470522475
0.7002415021612917
0.7011655932591605
0.7020801004171875
0.7029851990054425
0.7038810598488495
0.704767849377143
0.705645729768938
0.7065148590901714
0.7073753914271654
0.7082274770145498
0.7090712623582666
0.7099068903538739
0.7107345004003531
0.7115542285096133
0.7123662074118811
0.7131705666571504
0.7139674327128619
0.7147569290579744
0.715539176273578
0.716314292130198
0.7170823916719287
0.7178435872975263
0.7185979888385942
0.7193457036349727
0.7200868366074569
0.7208214903279461
0.7215497650871342
0.7222717589598363
0.7229875678680526
0.7236972856418569
0.7244010040781959
0.7250988129976882
0.7257908002994945
0.7264770520143418
0.7271576523557699
0.7278326837696701
0.7285022269821861
0.7291663610460333
0.7298251633853048
0.7304787098388166
0.7311270747020497
0.7317703307677417
0.73240854936518
0.7330418003982423
0.7336701523822343
0.7342936724795663
0.734912426534314
0.7355264791057022
0.7361358935005524
0.7367407318047308
0.7373410549136331
0.7379369225617405
0.7385283933512816
0.7391155247800282
0.7396983732682603
0.7402769941849265
0.7408514418730282
0.7414217696742559
0.7419880299529026
0.7425502741190786
0.7431085526512542
0.7436629151181493
0.7442134101999955
0.7447600857091907
0.745302988610366
0.7458421650398847
0.746377660324794
0.7469095190012448
0.7474377848323998
0.7479625008258435
0.7484837092505147
0.7490014516531723
0.7495157688744134
0.750026701064255
0.7505342876972952
0.7510385675874681
0.7515395789024014
0.7520373591773933
0.7525319453290192
0.7530233736683787
0.7535116799139963
0.7539968992043842
0.754479066110279
0.7549582146465623
0.7554343782838736
0.7559075899599272
0.7563778820905389
0.7568452865803741
0.7573098348334242
0.7577715577632194
0.7582304858027857
0.758686648914356
0.7591400765988365
0.7595907979050435
0.7600388414387116
0.7604842353712808
0.7609270074484722
0.7613671849986525
0.7618047949410003
0.7622398637934737
0.7626724176805894
0.7631024823410142
0.7635300831349794
0.7639552450515189
0.7643779927155369
0.7647983503947116
0.7652163420062361
0.765631991123407
0.7660453209820557
0.7664563544868367
0.7668651142173689
0.767271622434238
0.767675901084863
0.7680779718092304
0.7684778559454991
0.7688755745354783
0.7692711483299857
0.7696645977940857
0.7700559431122111
0.7704452041931729
0.770832400675059
0.7712175519300275
0.7716006770689948
0.7719817949462219
0.7723609241638019
0.7727380830760519
0.773113289793809
0.7734865621886376
0.7738579178969441
0.7742273743240066
0.7745949486479199
0.7749606578234559
0.7753245185858456
0.7756865474544808
0.7760467607365393
0.7764051745305356
0.7767618047297985
0.7771166670258777
0.7774697769118794
0.7778211496857355
0.7781708004534071
0.7785187441320219
0.7788649954529479
0.7792095689648083
0.7795524790364347
0.7798937398597597
0.7802333654526561
0.7805713696617169
0.7809077661649823
0.7812425684746119
0.7815757899395075
0.781907443747881
0.7822375429297758
0.7825661003595379
0.7828931287582406
0.7832186406960613
0.7835426485946145
0.783865164729239
0.7841862012312426
0.7845057700901049
0.7848238831556373
0.7851405521401031
0.7854557886202985
0.7857696040395944
0.7860820097099405
0.7863930168138318
0.7867026364062392
0.787010879416506
0.7873177566502069
0.7876232787909756
0.7879274564022977
0.7882302999292727
0.7885318197003421
0.7888320259289884
0.7891309287154022
0.7894285380481204
0.7897248638056352
0.7900199157579744
0.7903137035682528
0.7906062367941982
0.7908975248896492
0.7911875772060271
0.7914764029937822
0.7917640114038152
0.7920504114888729
0.7923356122049218
0.7926196224124957
0.7929024508780222
0.7931841062751255
0.7934645971859058
0.7937439321022003
0.7940221194268198
0.794299167474765
0.7945750844744243
0.7948498785687474
0.7951235578164048
0.7953961301929232
0.795667603591804
0.7959379858256235
0.7962072846271149
0.7964755076502309
0.7967426624711915
0.7970087565895129
0.7972737974290188
0.7975377923388381
0.797800748594384
0.7980626733983179
0.7983235738814983
0.7985834571039141
0.7988423300556022
0.7991001996575522
0.7993570727625953
0.7996129561562796
0.7998678565577307
0.8001217806205008
0.8003747349334022
0.8006267260213286
0.8008777603460646
0.8011278443070804
0.8013769842423161
0.8016251864289532
0.8018724570841737
0.8021188023659078
0.8023642283735708
0.802608741148788
0.8028523466761084
0.8030950508837079
0.803336859644082
0.8035777787747274
0.8038178140388139
0.8040569711458463
0.8042952557523154
0.8045326734623403
0.8047692298283003
0.805004930351459
0.8052397804825759
0.8054737856225136
0.8057069511228311
0.8059392822863717
0.8061707843678421
0.8064014625743805
0.8066313220661202
0.8068603679567408
0.8070886053140155
0.8073160391603473
0.8075426744732989
0.8077685161861154
0.8079935691882381
0.8082178383258122
0.8084413284021869
0.8086640441784075
0.8088859903737023
0.8091071716659612
0.8093275926922073
0.8095472580490636
0.8097661722932114
0.8099843399418427
0.8102017654731077
0.8104184533265528
0.8106344079035568
0.8108496335677576
0.8110641346454746
0.8112779154261248
0.8114909801626331
0.811703333071838
0.8119149783348902
0.8121259200976467
0.8123361624710593
0.812545709531558
0.8127545653214291
0.812962733849188
0.8131702190899475
0.8133770249857805
0.8135831554460777
0.8137886143479023
0.8139934055363375
0.8141975328248311
0.8144009999955347
0.8146038107996385
0.8148059689577026
0.8150074781599824
0.8152083420667507
0.8154085643086161
0.8156081484868355
0.8158070981736245
0.816005416912462
0.8162031082183926
0.8164001755783237
0.8165966224513188
0.8167924522688886
0.8169876684352764
0.8171822743277406
0.8173762732968347
0.8175696686666816
0.8177624637352457
0.8179546617746021
0.818146266031201
0.8183372797261297
0.8185277060553707
0.8187175481900576
0.8189068092767263
0.8190954924375643
0.8192836007706563
0.8194711373502273
0.8196581052268812
0.8198445074278389
0.8200303469571704
0.820215626796028
0.820400349902872
0.8205845192136975
0.8207681376422558
0.8209512080802757
0.8211337333976788
0.8213157164427958
0.8214971600425763
0.8216780670028003
0.8218584401082835
0.8220382821230817
0.8222175957906934
0.8223963838342593
0.8225746489567574
0.8227523938412002
0.822929621150826
0.8231063335292885
0.8232825336008451
0.823458223970543
0.8236334072244014
0.8238080859295943
0.823982262634628
0.8241559398695198
0.8243291201459712
0.8245018059575423
0.8246739997798221
0.8248457040705973
0.8250169212700198
0.8251876538007706
0.8253579040682246
0.8255276744606105
0.8256969673491705
0.8258657850883183
0.8260341300157947
0.8262020044528213
0.826369410704253
0.8265363510587285
0.8267028277888188
0.826868843151175
0.8270343993866731
0.827199498720558
0.827364143362586
0.8275283355071651
0.8276920773334943
0.8278553710057003
0.8280182186729749
0.8281806224697076
0.8283425845156208
0.8285041069158989
0.8286651917613199
0.828825841128384
0.8289860570794392
0.8291458416628094
0.8293051969129167
0.8294641248504059
0.8296226274822652
0.8297807068019474
0.8299383647894882
0.8300956034116248
0.8302524246219112
0.830408830360835
0.8305648225559298
0.8307204031218893
0.8308755739606782
0.8310303369616425
0.831184694001619
0.8313386469450431
0.8314921976440557
0.8316453479386088
0.8317980996565709
0.8319504546138293
0.8321024146143936
0.8322539814504959
0.8324051569026923
0.8325559427399616
0.8327063407198028
0.8328563525883333
0.8330059800803846
0.8331552249195973
0.8333040888185153
0.8334525734786794
0.833600680590719
0.8337484118344429
0.8338957688789315
0.8340427533826236
0.8341893669934071
0.834335611348705
0.834481488075563
0.8346269987907351
0.8347721451007678
0.8349169286020857
0.8350613508810723
0.8352054135141551
0.8353491180678849
0.8354924660990177
0.8356354591545941
0.8357780987720184
0.8359203864791369
0.836062323794316
0.8362039122265177
0.8363451532753763
0.8364860484312739
0.8366265991754144
0.8367668069798969
0.8369066733077898
0.8370461996132014
0.8371853873413531
0.837324237928649
0.8374627528027468
0.8376009333826274
0.8377387810786626
0.8378762972926846
0.8380134834180524
0.8381503408397185
0.8382868709342962
0.838423075070124
0.838558954607331
0.8386945108979007
0.8388297452857352
0.8389646591067176
0.8390992536887748
0.8392335303519394
0.8393674904084097
0.8395011351626128
0.8396344659112619
0.8397674839434177
0.839900190540546
0.8400325869765772
0.8401646745179637
0.8402964544237361
0.8404279279455616
0.840559096327799
0.840689960807555
0.8408205226147385
0.8409507829721167
0.8410807430953668
0.8412104041931326
0.8413397674670751
0.8414688341119257
0.8415976053155397
0.8417260822589457
0.8418542661163986
0.8419821580554292
0.8421097592368952
0.8422370708150299
0.8423640939374922
0.8424908297454158
0.8426172793734567
0.8427434439498417
0.8428693245964157
0.8429949224286886
0.8431202385558827
0.843245274080978
0.8433700301007584
0.8434945077058574
0.8436187079808026
0.8437426320040601
0.8438662808480794
0.8439896555793369
0.8441127572583789
0.8442355869398648
0.84435814567261
0.8444804344996281
0.8446024544581721
0.8447242065797762
0.8448456918902978
0.844966911409957
0.8450878661533775
0.8452085571296266
0.8453289853422551
0.845449151789336
0.8455690574635046
0.8456887033519958
0.8458080904366833
0.8459272196941174
0.8460460920955624
0.8461647086070339
0.8462830701893365
0.8464011777980991
0.8465190323838129
0.8466366348918658
0.8467539862625795
0.8468710874312437
0.8469879393281526
0.8471045428786381
0.8472208990031056
0.8473370086170673
0.8474528726311772
0.847568491951263
0.8476838674783618
0.8477990001087506
0.847913890733981
0.8480285402409112
0.8481429495117373
0.8482571194240266
0.8483710508507482
0.848484744660305
0.8485982017165651
0.8487114228788917
0.8488244090021744
0.84893716093686
0.8490496795289814
0.8491619656201884
0.8492740200477772
0.8493858436447196
0.8494974372396917
0.849608801657104
0.8497199377171282
0.8498308462357277
0.8499415280246844
0.8500519838916264
0.8501622146400569
0.850272221069381
0.8503820039749326
0.8504915641480022
0.850600902375863
0.850710019441798
0.8508189161251264
0.8509275932012292
0.8510360514415756
0.8511442916137484
0.8512523144814701
0.8513601208046278
0.8514677113392979
0.8515750868377724
0.8516822480485817
0.8517891957165206
0.8518959305826719
0.8520024533844309
0.8521087648555292
0.8522148657260582
0.8523207567224927
0.8524264385677149
0.8525319119810364
0.8526371776782223
0.8527422363715134
0.8528470887696487
0.8529517355778885
0.8530561774980362
0.85316041522846
0.8532644494641161
0.8533682808965687
0.8534719102140133
0.8535753381012965
0.8536785652399389
0.8537815923081546
0.853884419980873
0.8539870489297597
0.8540894798232361
0.8541917133265008
0.8542937501015497
0.8543955908071954
0.8544972360990881
0.8545986866297347
0.854699943048519
0.8548010060017206
0.8549018761325344
0.8550025540810906
0.8551030404844724
0.8552033359767358
0.855303441188928
0.8554033567491066
0.8555030832823569
0.8556026214108116
0.8557019717536677
0.8558011349272058
0.855900111544807
0.8559989022169712
0.8560975075513345
0.8561959281526869
0.8562941646229899
0.8563922175613928
0.8564900875642508
0.8565877752251422
0.8566852811348838
0.8567826058815492
0.8568797500504841
0.8569767142243248
0.8570734989830116
0.8571701049038075
0.8572665325613138
0.8573627825274851
0.8574588553716461
0.8575547516605075
0.8576504719581808
0.8577460168261947
0.8578413868235096
0.8579365825065344
0.8580316044291397
