0.6524699748507192
0.649261869133845
0.6402124558742461
0.6253035024744985
0.6058008988340483
0.581564307642093
0.551847204854374
0.5189572849504367
0.5538025667333524
0.5266981558999391
0.5119942869419801
0.5048561894210154
0.5007913124905818
0.5011176595750435
0.5051719086919901
0.5105846949180379
0.5236049550747592
0.5365125061401754
0.5485130071456292
0.5593658957836652
0.5692211442055384
0.5774418334470477
0.5838616595200737
0.5884677142413938
0.5910196295376611
0.5921472101375296
0.5924845138993104
0.5925243616256822
0.5925759173428801
0.5929260835114748
0.593386828489972
0.5938476345716196
0.5945726591006467
0.5952179577865903
0.5958471795685166
0.5978015885591257
0.6005958439180459
0.603698747954831
0.6069064325336965
0.6100952558524779
0.613096584431042
0.6161933246913579
0.6191601641734483
0.6220123381307681
0.6248462548685434
0.6275711029494265
0.630325339164483
0.6328427241977934
0.6352958313751953
0.6378372196103617
0.6400865579653991
0.642355040981057
0.6448617332722674
0.647334915030516
0.6496692593325377
0.6521861220582577
0.6546481738365315
0.656933164215186
0.6592106107069043
0.6614606808517611
0.6636667573227033
0.6657248343046922
0.6677090473141327
0.6696879697391049
0.6715565699080942
0.6733066154124118
0.6750228573342567
0.6767401653018221
0.6783066952840087
0.6799206617058334
0.6815024357559705
0.6831230661091868
0.6846563728727978
0.6862481881065854
0.6877511805091832
0.6893161329110495
0.690721631434024
0.692152482737313
0.6935052189396419
0.6948636502280792
0.6961822150261604
0.6976046481637453
0.6990036187684338
0.7003966363957008
0.7016074948349887
0.7028457969617632
0.7039343610604425
0.7049369166812531
0.7059291393195318
0.7070400290176159
0.7081306947648502
0.7092471551405644
0.7103926477252269
0.7115194497563675
0.7126645756452141
0.7137346841930925
0.7147477632740342
0.7157886560953601
0.7168654517288536
0.7178803247686435
0.7189048679912993
0.7199843730178088
0.7209879573435376
0.7219362544373196
0.7228621894867822
0.7237871264762464
0.7247020985454167
0.7255963595689828
0.726506324397234
0.7274049474663451
0.7282664650163435
0.7290696753976307
0.7298713569990354
0.7306263205340661
0.7314105155993277
0.7321349024221652
0.7328811320609304
0.7335581858100069
0.7342656868695823
0.7349099980932751
0.735513995502631
0.7361278560922351
0.7368548905911632
0.7375300818774435
0.7381855179629023
0.738858037280188
0.7395498119303013
0.7401474230285296
0.7407702387027021
0.7414534577856823
0.7421069413989755
0.7426132927814866
0.7431521887055248
0.7436209931977099
0.7440751108169125
0.7446151513032032
0.7452670373987387
0.7458718371505962
0.7465194044414505
0.747123983913821
0.747698902112531
0.7482748314856031
0.7488911274532939
0.7495018275377563
0.7501122730930946
0.7507397660384592
0.7513274574945893
0.7518929748499611
0.7524287671449486
0.7529641397150457
0.7534744850715149
0.7539775407332079
0.7544714423234296
0.754970943774624
0.7554562494727749
0.7559237355095716
0.7563879456395655
0.7568399668764557
0.7572829623854999
0.7577223998085062
0.7581788973594599
0.7586356642770448
0.7590859801712675
0.7595151189250594
0.7599352331625672
0.7603335069063479
0.7607100740459604
0.7610903691929891
0.7614887729090731
0.7618723738371869
0.7622097822674384
0.762551601816702
0.7628799083657075
0.7631992811212772
0.7635176492614982
0.7638811978870206
0.7642541547795333
0.7646249142333817
0.7649668354319041
0.7653300858134067
0.7656825565991169
0.7660203180104432
0.7663687269407088
0.7667541938674791
0.7671298028405226
0.7674973316216818
0.7678861982188424
0.7682860438467911
0.76868716116672
0.7690795296659904
0.7694802598277323
0.7698737410334433
0.7702506265274627
0.7706252824067406
0.7709942977095079
0.7713259043762679
0.7716331032947967
0.7719250722158084
0.7721888596949099
0.7724630694199471
0.7727498052572407
0.7730250651785766
0.7733141087142522
0.7736014960050883
0.7738645195205771
0.7741430547289373
0.7744189557198398
0.7746682922689121
0.7749261029674758
0.7752328029305625
0.7755407336108262
0.7758674382792299
0.7761939113265809
0.7765361071902175
0.776841251452531
0.777135268736845
0.777419649053077
0.777722680688494
0.7779973659527372
0.7782796023568651
0.7785628078275189
0.7788443305243856
0.7791269922324467
0.7794066827202127
0.7796685887005184
0.7799294466370033
0.7801906996907152
0.7804383972904847
0.7807011349467126
0.7809550494394214
0.7812155333627566
0.7814738884140687
0.7817293783210199
0.781978291451985
0.7822422352748939
0.7824975036199098
0.7827502973962953
0.7830030354504632
0.7832433038107709
0.7834861056364835
0.783724905714847
0.7839616042191997
0.7841973936719278
0.7844381291632351
0.7846686024939102
0.7848883500937166
0.7850999667776873
0.7853090387939757
0.7855112901699715
0.7857264550379588
0.7859457714465137
0.7861664248290423
0.7863794470287203
0.7865893245501185
0.7867878336663375
0.7869929083345037
0.7871996221865836
0.7874278515502559
0.7876605541336316
0.7878929449356338
0.7881207082650901
0.7883506165266212
0.7885699785647998
0.7887871721005509
0.7890020540908185
0.7892154289187331
0.7894175702671592
0.7896141015034958
0.7898077256788416
0.7900042386578346
0.7901936056980121
0.7903874498175857
0.7905789489576223
0.790764363306621
0.7909498823136154
0.791141556100983
0.7913307710384575
0.791521009813774
0.7917149299982278
0.7919027778955576
0.7920814684275393
0.7922539202249916
0.7924266814306141
0.7926049208664031
0.7927833987827865
0.7929682758976914
0.7931557193521175
0.7933430531099747
0.7935335407532971
0.7937258697888008
0.7939190359896902
0.7941083376030803
0.7942918758077084
0.7944730561100667
0.7946539937654179
0.7948354829107018
0.7950164478967681
0.7951967985348776
0.7953792493630161
0.7955597430199377
0.7957408890544889
0.7959220368443496
0.7961029890373504
0.7962814605108183
0.7964597511735583
0.7966357022142467
0.7968173671721314
0.7969922660994322
0.7971680548208214
0.7973437294592154
0.7975195540070187
0.7976910844845451
0.7978722102025045
0.7980530471903156
0.798247509824324
0.7984498064902311
0.7986442834022552
0.7988310463448743
0.799026066550069
0.7991978564395864
0.799368216579132
0.7995541687762328
0.7997408661802715
0.799927242204059
0.8001251984042441
0.800316828742722
0.8004931574133961
0.8006713685342906
0.8008348032076156
0.8009975569169988
0.8011833438161116
0.8014076421236054
0.801647810716303
0.8018760983653154
0.8021565674762289
0.8024490986488828
0.802695317864252
0.8029309184581859
0.803177348380242
0.8033645490805311
0.8035114893335275
0.8036734688931171
0.8038628900851625
0.8040989994230051
0.8043758534706336
0.8046531723378483
0.8049349611715636
0.8052064426302311
0.805498238207273
0.8057669756887087
0.8060737225428103
0.8065214874895993
0.8069767764661518
0.8074460478351032
0.8078964494981008
0.8083056388814852
0.8085812372198544
0.809147693851801
0.8101782501845025
0.8089948399102315
0.8111905522782786
0.8138730840286065
0.8156935677350579
0.8169304662333411
0.8180758118057317
0.8190834487041211
0.8197914509323467
0.8207847816676621
0.8217826997350716
0.8228498535497017
0.8241784630554487
0.8253260171817566
0.8263685783244199
0.8272159471083786
0.8280695169250749
0.8288519614620654
0.8299597324850488
0.8316365898966444
0.8334835695227033
0.8352923077629766
0.8370156279839995
0.838176302107539
0.8389915153522803
0.83974714872966
0.8406378586118035
0.8419065710536184
0.8432902840554759
0.8447542905588276
0.8462773600220833
0.8478028212893955
0.8486819093645446
0.8496287556669786
0.8502868600639577
0.8510448412220696
0.8520452302848439
0.8531595903065974
0.8544818281785522
0.8559437002116683
0.8570201979790675
0.8577982413645396
0.858575346271156
0.8595574739813528
0.8603391094824123
0.8614549178892822
0.8624331221834112
0.8636363871611168
0.8644762493513801
0.8658578030161685
0.8670663248512724
0.8685518963309817
0.8700336923505858
0.8721847408813844
0.8741352874053365
0.876021149253927
0.8780425976371441
0.8799487982992761
0.8813119143835371
0.8821483506736687
0.8830668192174541
0.8836999348797002
0.8841667916853849
0.8843494001184218
0.885022480075612
0.8853664083165059
0.8855316495180195
0.8857662122308415
0.8860083969326196
0.8862313359230287
0.8866501229228773
0.8871655082466511
0.8877617950779986
0.888545087456678
0.8892167407406367
0.8900777223845275
0.890965473077695
0.8918881884201848
0.8926277970525679
0.8934182561322817
0.8943190823857383
0.895134199471629
0.8959610298551488
0.8969815934300038
0.8978944035578995
0.898460242189171
0.8990730372141873
0.8994660502157508
0.8997346067237292
0.9002515915546385
0.9011186292447838
0.9017688659246811
0.9030123497683833
0.9039984139598686
0.9048712226399931
0.9055957122274523
0.906931035301098
0.9078448140975589
0.9086851796783644
0.9094799111999976
0.9106443412036576
0.9110088115724005
0.9118762953637375
0.91322745745222
0.9148804488867817
0.9161152508000637
0.9180238426974574
0.9194463707265734
0.9202790194401705
0.9207363572564518
0.9208596912226761
0.9209569972817468
0.9207072722292542
0.920665459574888
0.920640832366741
0.9206616269221575
0.9205203675182809
0.9203835782987688
0.9201671005371168
0.9200121145004643
0.9200890680816964
0.9200018282222135
0.9201146836871156
0.9204508459844962
0.9207067591480479
0.9209834487924304
0.92138555617588
0.9218206221868929
0.9222974640768657
0.9228023465171393
0.9232574735849162
0.9237085458213364
0.9241647534997011
0.9244928396871165
0.9248256277478311
0.9252053591688219
0.9255663775856091
0.9259616055205857
0.9265099188687244
0.9269503657245872
0.9273487551596112
0.9277714861646451
0.9281296437064568
0.9285432482603889
0.9291140044447478
0.9299916146729926
0.9307829990132233
0.9319543855330593
0.9331114320501166
0.9343238264536927
0.9349497216067056
0.9352009381089381
0.9351045128109087
0.934762344085426
0.9342636954196147
0.9340567439363184
0.9342372725066691
0.9344583322089054
0.9348744338305545
0.9354949194807085
0.9361059269449669
0.9370374092016164
0.9380672129428091
0.9388424504207031
0.939167840454562
0.9396545840719618
0.9399252657395232
0.9401030917961777
0.9406340190734057
0.9415390365594963
0.9421178382543014
0.9426031957548052
0.9430262644158074
0.9430610633158262
0.9431290173235188
0.9433547568682925
0.9438259343055917
0.944487931854881
0.9451720398479133
0.9459412639775019
0.9465464807477706
0.9466564051177608
0.9466042512102693
0.9465681738187061
0.9463869124660079
0.9464396839512225
0.9466220968556772
0.9468144196628575
0.947082788019401
0.9472692379323491
0.9473645680353853
0.9475761478633273
0.9478140203238995
0.9480188096854603
0.9482729681047244
0.9484804552724855
0.9486641390241101
0.948824138633048
0.9491456086197856
0.9493426988707985
0.9496583363169913
0.950052581193962
0.9504105689393043
0.950895271183242
0.951386359439147
0.9520347536811458
0.9526255782878287
0.9530667023647497
0.9534172788279924
0.9537072125217974
0.9538646228207489
0.9538618711392208
0.9540963394009837
0.9541355747664244
0.954322797959454
0.954495032950051
0.9549777329742389
0.9554095622849439
0.9559165695984009
0.9562555498546518
0.9566469164484569
0.9569090405315677
0.9571079928679221
0.957258119916599
0.9575600979487002
0.9577313383075967
0.9578271930407127
0.9579050924799406
0.9580917529174051
0.9582421601736711
0.9583660314535523
0.9585231962335825
0.9588777538098696
0.9590779194701327
0.9593511808094933
0.9596150543540833
0.9598623743794512
0.9599564046986604
0.9601752104377628
0.9603146271478034
0.960532894286913
0.9608528337325076
0.961091321710806
0.9612853693851365
0.9615778181810734
0.9618716783375798
0.9620346945169761
0.9621586543588749
0.9623412407829515
0.9624755121841121
0.9625747940980891
0.9626268258356311
0.9627851299905654
0.9628947861636187
0.962983213147291
0.9630797882570112
0.9632539946242867
0.9634556693037692
0.9637390383943145
0.9639742127555422
0.9642071655765794
0.9644740621328439
0.9646995818229718
0.9648608392716052
0.9650284084524968
0.9652035652716132
0.9652933003868734
0.9648005960141772
0.9633383686251942
0.962329019258758
0.9618704672488405
0.9611934287120831
0.9604546249262074
0.9600170871242996
0.9590535080105835
0.9584556632608195
0.9579633015430459
0.9580068269875035
0.9578206291536586
0.9571104088948077
0.9557647317677702
0.9548134468680538
0.9527265985116566
0.9506325826085084
0.9493433854804844
0.9481807389133476
0.9467606130435641
0.9464746881539602
0.9454690551440386
0.9442020449030335
0.943546289495789
0.9435549726377478
0.9435148175475789
0.9441021535087268
0.944759297086167
0.9448109964945256
0.944375018326968
0.943332696939089
0.9421419677669103
0.9405075302594834
0.9385676710661903
0.9362883190151398
0.9349047833327409
0.9339839575346364
0.93334135874723
0.932957947292496
0.9326612201105053
0.9318067593359943
0.9306492068203849
0.9292276211749428
0.9278366303217871
0.9272360200760634
0.9262549836102468
0.9253039495309553
0.9246528568415097
0.924272177007123
0.9234949472810086
0.9231299873746907
0.9223993475512341
0.9208528720729533
0.91795557270312
0.9135633326918606
0.9087824502219314
0.9058311230355114
0.9045748583537864
0.9045081228617706
0.9055002517345183
0.9058849988455985
0.9055419539333854
0.9044448039676855
0.9027967418906284
0.9022599362296074
0.9022209503048912
