0.6665012739750863
0.6665330667061634
0.6665738394721707
0.6666266648683055
0.6666841308083858
0.6667476205741576
0.6668273389211721
0.6669058490262727
0.6670026022700059
0.6671321680670731
0.6673059509102617
0.6674965303973227
0.6677742068281627
0.6680234318179401
0.6681846861533429
0.6683538050818894
0.6685081407323794
0.6686253230124972
0.6688386022432669
0.6691849156053306
0.6695152049204454
0.6698930508225008
0.6702605580640645
0.6705972572621994
0.6710245344958082
0.6663674895154548
0.6663739320693437
0.6663876054735175
0.6664090095070785
0.6664379668031977
0.6664752954769989
0.6665229728404227
0.6665804606309682
0.6666536547876023
0.6667467997865794
0.6668523007913116
0.666986861735391
0.6671426939636607
0.6673165737531866
0.6675144913230684
0.667762080183711
0.6680188225365167
0.6683237825108549
0.6686849145915653
0.669081064473109
0.6695479370119731
0.6700312699072113
0.6706759923699264
0.6714227844084305
0.6721540790734906
0.6732153835399437
0.6743665063243054
0.6752623760938852
0.6761929341487072
0.6773481531563941
0.6781201411204544
0.6789095988877214
0.6800224708766279
0.6810896827315023
0.6821455791607688
0.6832348455314684
0.684739273649102
0.6864848886233148
0.6882196306497048
0.690444464862033
0.6933620790060304
0.6966412512195326
0.7000781360014612
0.7049658751880926
0.709840682427471
0.7154343139302601
0.7209502756017317
0.7281032629260388
0.7349150699696461
0.7439524085669125
0.7526276460899659
0.7662780409487143
0.7815582495186839
0.8025881208436608
0.8286804509410011
0.8647924733742718
0.9096629851831505
0.9800276336530721
0.6663683531956636
0.6663896031699353
0.6664348955552506
0.6665034468464598
0.6665945074639659
0.6667073599207606
0.6668413171021521
0.6669957206505692
0.667169939448386
0.6673633681922164
0.667575426052608
0.6678055554134928
0.6680532206861636
0.6683179071929092
0.6685991201157935
0.6688963835063721
0.6692092393524457
0.6695372466982088
0.6698799808144159
0.6702370324154119
0.670608006920093
0.6709925237540652
0.6713902156904479
0.6718007282269504
0.6722237189969978
0.6726588572128414
0.673105823138716
0.6735643075922437
0.6740340114723927
0.6745146453124166
0.6750059288562998
0.6755075906573275
0.676019367697491
0.6765410050265189
0.6770722554194013
0.6776128790513479
0.6781626431891856
0.6787213218982617
0.6792886957639817
0.6798645516271579
0.680448682332403
0.6810408864888414
0.6816409682424631
0.6822487370594793
0.6828640075200834
0.683486599122049
0.6841163360936403
0.6847530472153305
0.6853965656498631
0.6860467287802112
0.6867033780550198
0.6873663588411384
0.6880355202828748
0.6887107151676206
0.6893917997975211
0.6900786338668787
0.6907710803449981
0.6914690053641968
0.6921722781127194
0.6928807707323127
0.6935943582202243
0.6943129183354093
0.6950363315087358
0.6957644807569913
0.6964972516005069
0.6972345319842218
0.6979762122020224
0.6987221848241982
0.6994723446278668
0.7002265885302238
0.7009848155244879
0.7017469266184108
0.7025128247752342
0.703282414856979
0.7040556035699579
0.7048322994124114
0.7056124126241666
0.7063958551382299
0.7071825405342224
0.707972383993579
0.7087653022564281
0.7095612135800792
0.7103600376990463
0.7111616957865403
0.7119661104173635
0.7127732055321468
0.7135829064028729
0.7143951395996241
0.7152098329585097
0.7160269155507158
0.7168463176526343
0.7176679707170225
0.7184918073451525
0.7193177612599064
0.7201457672797807
0.7209757612937582
0.7218076802370168
0.7226414620674372
0.7234770457428773
0.7243143711991843
0.725153379328913
0.7259940119607214
0.7268362118394199
0.7276799226066434
0.7285250887821257
0.7293716557455521
0.7302195697189635
0.7310687777496984
0.7319192276938431
0.7327708682001781
0.7336236486945978
0.7344775193649855
0.7353324311465298
0.7361883357074605
0.7370451854351951
0.7379029334228746
0.7387615334562772
0.7396209400010952
0.7404811081905643
0.7413419938134295
0.7422035533022338
0.7430657437219261
0.743928522758768
0.7447918487095331
0.7456556804709907
0.7465199775296574
0.7473846999518151
0.748249808373781
0.7491152639924205
0.7499810285559008
0.7508470643546693
0.7517133342126543
0.752579801478679
0.7534464300180828
0.7543131842045393
0.7551800289120708
0.7560469295072483
0.7569138518415696
0.7577807622440167
0.7586476275137795
0.7595144149131441
0.7603810921605402
0.7612476274237419
0.7621139893132178
0.7629801468756254
0.7638460695874458
0.7647117273487525
0.7655770904771149
0.766442129701626
0.7673068161570571
0.7681711213781296
0.7690350172939063
0.7698984762222939
0.7707614708646564
0.7716239743005342
0.7724859599824699
0.7733474017309301
0.7742082737293292
0.7750685505191475
0.7759282069951395
0.7767872184006355
0.7776455603229285
0.7785032086887475
0.7793601397598122
0.7802163301284702
0.7810717567134109
0.7819263967554574
0.7827802278134315
0.7836332277600918
0.7844853747781424
0.7853366473563103
0.7861870242854903
0.7870364846549538
0.7878850078486235
0.7887325735414085
0.7895791616956003
0.7904247525573295
0.7912693266530775
0.7921128647862467
0.7929553480337849
0.7937967577428632
0.7946370755276064
0.7954762832658749
0.7963143630960963
0.7971512974141451
0.7979870688702724
0.7988216603660792
0.7996550550515378
0.8004872363220567
0.8013181878155886
0.8021478934097828
0.802976337219177
0.8038035035924324
0.804629377109606
0.8054539425794643
0.8062771850368354
0.8070990897399953
0.8079196421680958
0.8087388280186236
0.8095566332048982
0.8103730438536028
0.8111880463023479
0.8120016270972713
0.8128137729906659
0.813624470938645
0.8144337080988332
0.8152414718280919
0.816047749680273
0.8168525294040031
0.8176557989404951
0.8184575464213899
0.8192577601666248
0.82005642868233
0.8208535406587508
0.8216490849681976
0.8224430506630205
0.8232354269736106
0.8240262033064242
0.8248153692420346
0.8256029145332051
0.8263888291029873
0.8271731030428404
0.8279557266107791
0.8287366902295357
0.8295159844847516
0.8302936001231869
0.8310695280509512
0.8318437593317567
0.8326162851851928
0.8333870969850182
0.8341561862574756
0.8349235446796254
0.8356891640776968
0.8364530364254626
0.8372151538426277
0.8379755085932394
0.8387340930841145
0.8394908998632847
0.8402459216184595
0.8409991511755073
0.8417505814969525
0.8425002056804897
0.8432480169575161
0.8439940086916764
0.8447381743774296
0.845480507638626
0.8462210022271043
0.8469596520213003
0.847696451024875
0.8484313933653537
0.8491644732927828
0.8498956851784003
0.850625023513319
0.8513524829072273
0.8520780580871021
0.8528017438959343
0.8535235352914697
0.8542434273449632
0.8549614152399463
0.8556774942710064
0.8563916598425806
0.8571039074677615
0.8578142327671154
0.858522631467514
0.8592290994009758
0.8599336325035237
0.860636226814051
0.8613368784731995
0.862035583722252
0.8627323389020334
0.863427140451824
0.8641199849082851
0.864810868904394
0.8654997891683912
0.866186742522737
0.8668717258830813
0.8675547362572412
0.8682357707441903
0.8689148265330583
0.8695919009021408
0.8702669912179177
0.8709400949340855
0.871611209590594
0.872280332812696
0.8729474623100072
0.8736125958755728
0.8742757313849461
0.8749368667952742
0.8755960001443953
0.876253129549942
0.8769082532084557
0.8775613693945103
0.8782124764598428
0.8788615728324922
0.8795086570159507
0.8801537275883183
0.8807967832014695
0.8814378225802262
0.8820768445215401
0.8827138478936832
0.8833488316354435
0.8839817947553328
0.8846127363307992
0.885241655507449
0.8858685514982758
0.8864934235828953
0.8871162711067919
0.887737093480568
0.8883558901792041
0.8889726607413232
0.8895874047684657
0.8902001219243679
0.8908108119342513
0.8914194745841143
0.8920261097200347
0.892630717247478
0.8932332971306096
0.8938338493916197
0.8944323741100473
0.8950288714221174
0.8956233415200802
0.8962157846515583
0.8968062011189004
0.8973945912785425
0.8979809555403709
0.8985652943670964
0.8991476082736324
0.8997278978264781
0.900306163643108
0.9008824063913703
0.901456626788886
0.9020288256024582
0.9025990036474847
0.9031671617873768
0.9037333009329834
0.9042974220420229
0.9048595261185165
0.9054196142122303
0.9059776874181207
0.9065337468757879
0.9070877937689313
0.907639829324812
0.9081898548137197
0.9087378715484465
0.9092838808837626
0.9098278842159006
0.9103698829820415
0.9109098786598077
0.9114478727667615
0.9119838668599046
0.9125178625351874
0.9130498614270192
0.913579865207786
0.9141078755873694
0.9146338943126738
0.9151579231671564
0.9156799639703608
0.9162000185774573
0.9167180888787859
0.9172341767994038
0.9177482842986391
0.9182604133696451
0.9187705660389633
0.9192787443660875
0.9197849504430329
0.9202891863939099
0.9207914543745007
0.9212917565718424
0.9217900952038112
0.9222864725187122
0.9227808907948734
0.9232733523402424
0.9237638594919888
0.9242524146161082
0.9247390201070315
0.9252236783872377
0.9257063919068704
0.9261871631433578
0.9266659946010368
0.9271428888107796
0.9276178483296253
0.9280908757404155
0.9285619736514303
0.9290311446960313
0.9294983915323075
0.9299637168427213
0.9304271233337621
0.9308886137356024
0.9313481908017542
0.931805857308733
0.9322616160557218
0.9327154698642401
0.9331674215778155
0.9336174740616582
0.9340656302023396
0.9345118929074733
0.934956265105399
0.9353987497448708
0.9358393497947458
0.9362780682436803
0.9367149080998227
0.937149872390516
0.937582964161999
0.9380141864791101
0.938443542424998
0.9388710351008301
0.9392966676255085
0.9397204431353849
0.9401423647839806
0.9405624357417094
0.9409806591956011
0.9413970383490294
0.9418115764214431
0.9422242766480979
0.9426351422797926
0.9430441765826063
0.9434513828376405
0.9438567643407613
0.944260324402346
0.94466206634703
0.9450619935134599
0.9454601092540447
0.9458564169347127
0.946250919934669
0.9466436216461569
0.9470345254742201
0.9474236348364685
0.9478109531628448
0.9481964838953968
0.9485802304880471
0.9489621964063686
0.9493423851273622
0.9497208001392348
0.9500974449411809
0.9504723230431652
0.95084543796571
0.9512167932396814
0.9515863924060807
0.9519542390158344
0.9523203366295899
0.9526846888175119
0.9530472991590794
0.9534081712428869
0.9537673086664465
0.9541247150359925
0.9544803939662877
0.9548343490804312
0.9551865840096693
0.9555371023932072
0.9558859078780239
0.9562330041186867
0.9565783947771717
0.9569220835226796
0.9572640740314625
0.9576043699866423
0.957942975078039
0.9582798930019978
0.9586151274612156
0.9589486821645739
0.9592805608269712
0.9596107671691548
0.9599393049175599
0.9602661778041444
0.9605913895662289
0.9609149439463394
0.9612368446920467
0.961557095555813
0.9618757002948376
0.962192662670903
0.9625079864502247
0.9628216754033027
0.9631337333047724
0.9634441639332589
0.9637529710712328
0.9640601585048664
0.9643657300238919
0.9646696894214626
0.9649720404940123
0.9652727870411202
0.9655719328653742
0.9658694817722355
0.9661654375699089
0.9664598040692076
0.9667525850834265
0.9670437844282124
0.9673334059214357
0.9676214533830662
0.9679079306350484
0.968192841501178
0.9684761898069801
0.9687579793795887
0.9690382140476287
0.9693168976410962
0.9695940339912437
0.9698696269304639
0.970143680292176
0.9704161979107133
0.9706871836212103
0.9709566412594951
0.9712245746619776
0.9714909876655439
0.9717558841074474
0.972019267825206
0.9722811426564956
0.9725415124390485
0.9728003810105508
0.9730577522085413
0.9733136298703131
0.9735680178328135
0.9738209199325482
0.9740723400054838
0.9743222818869528
0.97457074941156
0.974817746413089
0.9750632767244108
0.9753073441773921
0.975549952602806
0.9757911058302423
0.9760308076880219
0.976269062003107
0.9765058726010177
0.9767412433057462
0.9769751779396729
0.977207680323484
0.9774387542760896
0.9776684036145431
0.9778966321539604
0.9781234437074418
0.9783488420859938
0.9785728310984517
0.9787954145514037
0.9790165962491154
0.9792363799934559
0.9794547695838237
0.9796717688170749
0.9798873814874505
0.9801016113865065
0.9803144623030439
0.9805259380230384
0.9807360423295738
0.9809447790027734
0.981152151819734
0.98135816455446
0.9815628209777982
0.9817661248573738
0.981968079957528
0.9821686900392533
0.982367958860134
0.9825658901742839
0.9827624877322867
0.9829577552811364
0.983151696564178
0.983344315321051
0.9835356152876311
0.9837256001959734
0.9839142737742586
0.9841016397467353
0.9842877018336684
0.9844724637512837
0.984655929211716
0.9848381019229562
0.9850189855888004
0.9851985839087993
0.9853769005782076
0.9855539392879347
0.9857297037244956
0.9859041975699638
0.986077424501923
0.9862493881934207
0.9864200923129212
0.9865895405242613
0.9867577364866047
0.9869246838543979
0.9870903862773265
0.987254847400272
0.9874180708632695
0.9875800603014662
0.9877408193450792
0.9879003516193561
0.988058660744534
0.9882157503358002
0.9883716240032535
0.8705901545912683
0.8705900442577326
0.8705903757198533
0.8705893887389354
0.8705895422456401
0.8705890495845829
0.8705895628200948
0.8705896584286951
0.8705889132995025
0.8705896018802375
0.8705903810137148
0.8705902210980806
0.8705846664488952
0.8705725624728599
0.8286810480522404
0.828680951436522
0.8286812775953128
0.8286813537660352
0.8286813336829507
0.8286813525741824
0.8286813950611247
0.8286813959486299
0.828681398503357
0.8286813999595556
0.8286814004798368
0.8286814018004935
