0.6663690389813297
0.6663689811656852
0.6663689552786646
0.6663689606349931
0.6663689432543118
0.6663689163950708
0.6663689147008087
0.6663688784621221
0.6663688643224628
0.6663688887880153
0.6663689503466873
0.6663689920954265
0.6663690964048157
0.6663691214709851
0.6663690435202794
0.6663689678564693
0.6663688793982689
0.6663687695417423
0.6663687168911688
0.6665633185342374
0.6665744921859531
0.6665886153164953
0.6666054105686896
0.6666161466098758
0.6666308835266032
0.6666574623556819
0.6666899615030797
0.6667288971717797
0.666774415132014
0.6668111033078636
0.6668590865955379
0.6669036066035476
0.6669598036607076
0.6670202413093361
0.6670913702726712
0.667178220554695
0.6672684384788047
0.6673691142342104
0.6674797549952335
0.6675951745415418
0.6677259914826286
0.667865568075581
0.668023274746459
0.6681937416979759
0.6683778047444927
0.6685780374044377
0.6687952226575395
0.6690301772105827
0.6692856974504502
0.6695559412082663
0.6698592675568498
0.6701593890806665
0.6705047019167504
0.6708610280776066
0.6712431766159694
0.671617093650672
0.6720358958378145
0.6724943800085807
0.6729673473691601
0.6734643836088416
0.6739816232583413
0.6745335778536266
0.6751126473226288
0.6757251518228989
0.6763665145105351
0.6770404781446066
0.6777459164895343
0.678483321289029
0.6792541829178573
0.6800579129729016
0.6808957448736588
0.6817713647110708
0.682678952280704
0.6836197789876899
0.6845991010514535
0.6856130039041157
0.6866648691277851
0.687751682450915
0.6888782911091897
0.6900423072273711
0.6912455412735886
0.6925016208178838
0.6937995353980492
0.6951109646437166
0.696471210189394
0.6978623103782331
0.6993096262252425
0.7007881041569806
0.7022782557128722
0.7038339333935455
0.7054217362586876
0.7070586755908372
0.7087304751087065
0.7104370601015779
0.712186515386945
0.7139838991786932
0.7158117279765436
0.7176799720809303
0.7195990931921467
0.7215529753941021
0.7235534916403796
0.7255508830860719
0.7275901407317057
0.7296828625281655
0.7318050348987852
0.7339765637797386
0.7395367836747107
0.7395367836747107
0.7395367836747107
0.7395367836747107
0.7395367836747107
0.7395367836747107
0.7395367836747107
0.7395367836747107
0.7395367836747107
0.7395367836747107
0.7395367836747107
0.7395367836747107
0.7395367836747107
0.7395367836747107
0.7395367836747107
0.7395367836747107
0.7395367836747107
0.7395367836747107
0.7395367836747107
0.7395367836747107
0.7395367836747107
0.7395367836747107
0.7395367836747107
0.7395367836747107
0.7395367836747107
0.7395367836747107
0.7395367836747107
0.7395367836747107
0.7395367836747107
0.7395367836747107
0.7395367836747107
0.7395367836747107
0.7395367836747107
0.7395367836747107
0.7395367836747107
0.7395367836747107
0.7395367836747107
0.7395367836747107
0.7395367836747107
0.7395367836747107
0.7395367836747107
0.7395367836747107
0.7395367836747107
0.7395367836747107
0.7395367836747107
0.7395367836747107
0.7395367836747107
0.7395367836747107
0.7395367836747107
0.7395367836747107
0.7395367836747107
0.7395367836747107
0.7395367836747107
0.7395367836747107
0.7395367836747107
0.7395367836747107
0.7395367836747107
0.7395367836747107
0.7395367836747107
0.7395367836747107
0.7395367836747107
0.7395367836747107
0.7395367836747107
0.7395367836747107
0.7395367836747107
0.7069228677491206
0.7077585858650639
0.7085502933126977
0.7093641214167405
0.7102111543169808
0.7110683358778322
0.7119400371285075
0.7128368908186012
0.7137327552179318
0.7146314686742087
0.7155278496329367
0.7164371948425777
0.717368317412724
0.718307028999071
0.7192513536828773
0.7202116076535642
0.721190101089524
0.7221994614829048
0.7231732215610677
0.7241238216410097
0.7251064355018295
0.7261001806298486
0.727133830475376
0.7281289825990857
0.7291353197870644
0.7301738264132038
0.7312288520064139
0.7322598985709821
0.7332673974573773
0.7343144927880247
0.7353808572733699
0.7364410881080677
0.7375126069303434
0.7385913996489297
0.739659529241037
0.7407561357786359
0.7418662168007397
0.7429509895238177
0.7440703941109746
0.7452139898730118
0.7463705041607234
0.747419966572859
0.748460643141871
0.7495714331674231
0.7506935784895937
0.7518181370193197
0.7529228198599378
0.7540508038885592
0.755185266354011
0.7563260874961037
0.7574603043042427
0.7586116666775377
0.7597373553292417
0.7608760791295381
0.762019116249587
0.7631633035160635
0.7643066844058576
0.7654648004189656
0.7666088852300571
0.7677642469415706
0.7689189241462007
0.77006415884009
0.7712198897490546
0.7723576082977999
0.7735201283065323
0.7746766327519319
0.7758157974095489
0.7769590110958945
0.7781075912384852
0.7792621347327663
0.7804143569618031
0.7815625265946896
0.7826969836140988
0.7838395835741824
0.7849858572420239
0.7861401477789651
0.7872894288536266
0.7884326154584091
0.789559163691584
0.7906957786204936
0.7918286556209149
0.7929635814677912
0.7941076934638801
0.7952352873108774
0.7963390630160564
0.797446860646831
0.7986303571894597
0.7997626381478675
0.800854889484395
0.8019537623024998
0.8030078608300858
0.8041295204935076
0.8052245841611755
0.806307173011721
0.8073923016897907
0.8084697141668556
0.8095533575542263
0.8106354394447687
0.8117120281252156
0.8127770858857909
0.8138442394129548
0.8149076935159917
0.815988810688082
0.8170345709604583
0.8180863269691135
0.8191303992530311
0.8201726020822694
0.8211928164284606
0.8222242057346137
0.8232734503150648
0.8244148077974494
0.8254754328023178
0.8264366064123281
0.8273802212393377
0.828317633591516
0.8293234896480463
0.8304107376407902
0.8313856904750696
0.832367060755584
0.8332857044150623
0.8342829455543049
0.8352522343863928
0.8362420651052644
0.8371403661297756
0.8380637743402096
0.83901664926379
0.8399305128952331
0.8408596975810761
0.8417787740821776
0.8426952517203469
0.8436141026598042
0.8445246752879207
0.845421933798254
0.8463236561464801
0.8472147674303534
0.8481027082429711
0.8489930457531161
0.8498654001467429
0.8507389872619511
0.8516079947825852
0.85243546892287
0.8532877889783628
0.8541336377449616
0.8550117436438082
0.8558621349660428
0.8566688640195181
0.8574873835480882
0.858291471736582
0.8591009000785518
0.8598802850727248
0.860676302833289
0.8614695937407243
0.8622513208111693
0.8630309646955586
0.8638046018753972
0.8645828476767607
0.8653639865248237
0.8661273428315392
0.866860669608289
0.8675886734437274
0.8683622357118234
0.8691098051140307
0.8698181601895084
0.8705257519319319
0.8712544857638315
0.8719640154678707
0.8726666408854193
0.8733599210843095
0.8740646777817296
0.8747239227767576
0.8753889868667093
0.8760468116390836
0.8767139763826651
0.8773793481637728
0.878035421659571
0.8786871538185801
0.8793376173250664
0.8799790933831515
0.8806005703879275
0.8812238618170701
0.8818557087070417
0.8824692220777169
0.8830796181376039
0.8836883832681626
0.8843035573644995
0.8848890683298959
0.885471499960693
0.8860698674216171
0.8866556408191101
0.8872214338642752
0.8877786896828226
0.8883313721395198
0.888889437605379
0.8894466681528979
0.8900044660171113
0.890524321072739
0.8910597487804542
0.8915853667171595
0.8921097570030742
0.892629551043726
0.893140954550338
0.8936554040469551
0.8941683982483554
0.8946753327094549
0.8951649755161781
0.8956427156552472
0.8961385201472094
0.896624413846197
0.8970918621291823
0.8975484414839883
0.8980192010445531
0.8984821122247627
0.8989348018748169
0.8993796866260497
0.899823999107959
0.9002652380480051
0.900701691218495
0.9011302804030155
0.9015530362497121
0.9019800334715475
0.9024025696222524
0.9028265136198871
0.9032309766508905
0.903624729440335
0.904023326196397
0.9044208039917273
0.9048058198252443
0.9051945473700123
0.9055772759696694
0.9059636325522793
0.9063308697790199
0.9066941192809261
0.9070584703249271
0.9074196131404405
0.9077730122982793
0.9081195597384082
0.9084752145134545
0.9088210533807316
0.9091624860018162
0.9094973281688306
0.9098767924972185
0.9102435280509121
0.9105454393133262
0.9108479985510048
0.9111090993435661
0.9114242219227696
0.9117345677501166
0.912038197434912
0.9123391672785173
0.9126412160426497
0.9129205740460267
0.9132074883429291
0.9135052349237421
0.913793274958435
0.9140793390091286
0.9143602081223163
0.9145978480494168
0.9148586975049594
0.9151196847807812
0.9153781962601717
0.9156332534165201
0.9158815619050972
0.9161304329993376
0.9163755913556735
0.9166166659155226
0.9168558758300128
0.9170910063984739
0.917325039096824
0.917553278316992
0.9177784906735648
0.918000579704982
0.9182160669668448
0.918434915476026
0.9186513171751809
0.9188744609847254
0.9190766804431019
0.9192662919393582
0.9194732386438511
0.9196687010130677
0.9198810840662726
0.9200569257410729
0.9202401508658363
0.9204241414681705
0.9206167528352096
0.9208104164919569
0.9209737673718097
0.9211377398210048
0.9213119459500949
0.9214806663278877
0.9216666989866756
0.92185126282846
0.9220484156084551
0.9222398805848429
0.9223156937796557
0.9224386592029521
0.9225525277230594
0.9227034477833749
0.9228940681168013
0.9230116579752693
0.923116085282055
0.9232671784556316
0.9233860881185
0.9235510596090368
0.9236297261267846
0.9237664012777609
0.9239327853311835
0.9240271153246835
0.9241295953343751
0.9241974999084483
0.924297093821861
0.9244085057113202
0.9245103582470459
0.924600836332443
0.924695346034658
0.9247916236280714
0.9248845238917058
0.9249759928818596
0.9250658464336968
0.9251520434138485
0.9252374342255455
0.925324571740997
0.9254050559219434
0.9254815210514111
0.9255524966992716
0.9256211514164221
0.9256921651041329
0.9257619557103306
0.9258304616508525
0.9258947595346197
0.9259587266241192
0.9260117366848486
0.9260726503629906
0.9261746022710742
0.9262363099370869
0.9263279090661676
0.926395493264842
0.9264194970845248
0.9264401684580362
0.9265497372932057
0.92667191651488
0.9267517781265704
0.9266506006255261
0.926576941719085
0.9265996652737393
0.9266110523373033
0.926637028304668
0.9266787812079286
0.9267087532850057
0.92679261956005
0.9268546803723033
0.9268235502750464
0.9268587072284838
0.9268571858704645
0.9268597487017698
0.9268255815532699
0.9268607591994465
0.9268619060064895
0.9268432392796975
0.9268340515325888
0.9268273584232026
0.9268704461366059
0.9268379334068475
0.9268264842045978
0.9268425317223303
0.9269104212883849
0.9268571015963573
0.9268441655783289
0.9267710516697301
0.9268090577641686
0.9268024076360591
0.9268516512959653
0.9267498039939628
0.926662301502342
0.9266354476616171
0.9265995531976849
0.9265784697909887
0.9265581004510327
0.9265152679756206
0.9264781719442964
0.926433499714757
0.9264012446973764
0.9263638451046752
0.9263312553061576
0.9262914246170749
0.9262343901088558
0.9261894160032843
0.9261435186317355
0.9260950117548369
0.9260498963937916
0.9259984860443251
0.925986547128233
0.9259153765819779
0.9258972434337028
0.9258565457963019
0.9257528297511926
0.9256911859177663
0.9256247956554612
0.9255518153647547
0.9254818063318819
0.925415261399125
0.9253382449053666
0.9252728531182417
0.925182784016312
0.9251546341122022
0.9251195539744358
0.9250302047508536
0.9249224493951932
0.9248200501135276
0.9247407166794944
0.924653831803209
0.9245694186507734
0.9244725175644705
0.9243897334665141
0.9242962312356494
0.9242084867533485
0.9241163516492295
0.924022001235079
0.9239286122790674
0.923832186825561
0.9237578857178136
0.9236596858620166
0.9235626956555361
0.9234566102819695
0.9233503973691921
0.9232335285550717
0.9231292359986593
0.9230204605245222
0.9229135681082099
0.9228260366443933
0.9227143237891654
0.9226047838364428
0.9224886125348125
0.9223793871850262
0.9222588341251808
0.9221655537937281
0.9220515143290933
0.921930879464244
0.9217892522300536
0.921663181748242
0.9215481323294372
0.9214306055249786
0.9212994867141651
0.921152705805437
0.9210246338217652
0.920897426305499
0.920790652325154
0.9206562929850767
0.9205206747003051
0.9203854482361834
0.9202426616234893
0.9201081778735246
0.9199658692862216
0.9198310469627905
0.9197020815444766
0.9195744916555973
0.9194350557846568
0.9192783964391666
0.9191484523118094
0.919002416431348
0.9188529763395947
0.9186938985125364
0.9185419616432945
0.9184045699585128
0.9182556118858166
0.918093197767498
0.9179354522411003
0.9177773533469926
0.9176329410297609
0.9174792317361626
0.9173781657412895
0.9172054052315982
0.9170283300783616
0.916856641172376
0.9166638365812284
0.9164990734293921
0.9163498321037749
0.9161887483594711
0.916025424576157
0.9159029418579611
0.9157848637575189
0.9155918897922112
0.9153604974352266
0.915153939306523
0.9149774112436077
0.9148156037745668
0.9146589879799617
0.9145043079768168
0.9143600071609864
0.9141809017003459
0.9139711484469634
0.9137738834835903
0.9135950200528249
0.9134121418426169
0.9132046855466236
0.9130283688356543
0.9128439197237049
0.9126617941858708
0.912474189753747
0.9122887785775586
0.912101762571359
0.9119102539038361
0.9117203568491595
0.9115263286817189
0.9113247142866048
0.911131538430406
0.9109426534789319
0.9108455474300479
0.9109841187868889
0.9113211243867857
0.911249513411078
0.9105283517719871
0.9101106758231635
0.9099791931556602
0.9097140688268062
0.9092857081891003
0.9090740518385834
0.9088411072724043
0.9086154173738975
0.908400933676042
0.908164770009923
