0.9036279172533592
0.9051139054517464
0.9118708723968393
0.9145256851102829
0.9262455599246345
0.9341833068631233
0.9330844761510233
0.9362205002460723
0.9301044222543066
0.9192186557955295
0.9075033588977632
0.9057341200881545
0.8926073153542811
0.8851683187982019
0.8852963996829288
0.8871752799403635
0.8913423574889988
0.91122163710657
0.9290812981234639
0.9430856525930535
0.9587550054576622
0.969557326882524
0.9751589239268291
0.979366890537285
0.9795386153881253
0.9807725759916455
0.9824921430305491
0.9837330533544416
0.9853634669482796
0.9880963096417
0.9915193916154235
0.9949777471577462
0.9973548391779404
0.9988891195918317
0.999991572003858
0.9998921389830339
0.9998740048453931
0.9995389299494283
0.9985385793394431
0.9981847959713266
0.9977007286949815
0.9963772715110569
0.9969398378282824
0.9977548272919421
0.9984658596499842
0.9996578564066745
0.9997855048384304
0.9992726074846641
0.9983729632810019
0.998510058735638
0.9994028957938408
0.9999807109198986
0.9996071064631838
0.9987124402057125
0.9984260816582239
0.9981561918073525
0.9985729659855338
0.9981910988474914
0.9985231062311025
0.9995280447215525
0.999415739836739
0.9993899720452805
0.9999236010244925
0.9999904519075221
0.9999969428905172
0.9992564623757164
0.9979507005905656
0.9977523934954774
0.9987995482392128
0.9985122454963997
0.9979422833368342
0.9973822255552375
0.9968074765539362
0.9959349343793417
0.9962827779328539
0.9983077721260339
0.9996838650608264
0.9999280409685258
