0.8046951216874152
0.8056565979741112
0.8100837072313251
0.8118502323242921
0.8198674244680995
0.8255433155020745
0.8247437061204189
0.8270386887299535
0.8225983926303412
0.8150150432767418
0.8072114759628883
0.8060591219893812
0.7976806140097927
0.7930431765847413
0.7931224617062034
0.7942876726425712
0.7968871036178955
0.8096541499661156
0.8218693322834157
0.8322141441662497
0.8450504208067802
0.8551402344495033
0.8609989262608345
0.8658071315204611
0.8660125145981573
0.8675125032305726
0.8696797396497808
0.8713063207668378
0.873535205097309
0.877554845055179
0.8832813401144503
0.8903812315154275
0.8968511276636398
0.9028563569690465
0.9129262257962687
0.9173213574891332
0.9175989378356514
0.9209897364403739
0.9265400240465218
0.9279915516100726
0.9297656590840873
0.9338335952680192
0.932213607475195
0.9295772538453803
0.9268515600710191
0.920005018482128
0.9090420794465077
0.9049629345338068
0.9005336823201608
0.9011096120427107
0.9058021038608592
0.915338899766978
0.9204433116401367
0.9257623374000641
0.9270188664006752
0.9281024846102792
0.9263900250475273
0.9279669911961029
0.9266069465395976
0.9210731422440319
0.921883136140444
0.9220576953594755
0.9167772406820631
0.9128644130422037
0.9144646206683966
0.9048643635801883
0.8988972108288891
0.8981869415917801
0.9024197118511968
0.9011190075006527
0.8988663871641569
0.8969398084369764
0.8951655361201595
0.8927510488786232
0.8936795583502223
0.9002682997592262
0.908004944386071
0.9110807452674446
