462.75
524.7
464.5
463.6
453.25
464.65
437.4
443.0
459.95
479.6
490.65
498.15
486.6
485.95
484.55
490.15
492.3
506.2
515.55
526.85
526.95
541.05
531.7
536.05
539.15
538.05
542.45
545.2
547.3
547.2
550.25
550.8
552.8
553.35
561.55
558.8
568.6
567.9
559.35
573.65
575.95
582.15
578.3
584.7
583.25
574.4
577.3
575.95
582.95
583.3
583.8
584.3
584.5
585.3
585.0
585.8
585.65
592.4
590.55
592.95
593.0
593.7
594.05
595.1
601.35
600.5
601.35
601.45
608.4
609.2
608.75
609.7
610.2
611.7
611.9
611.75
612.9
612.05
614.0
616.85
615.85
616.3
617.05
617.55
617.5
620.8
617.95
618.5
620.2
620.2
620.2
620.2
620.3
620.25
620.35
620.5
621.05
621.1
624.2
626.55
661.4
