6.490107259626662
5.176228601639744
6.605226312508103
6.42346192561281
6.8103594528633
6.747466072367577
7.179673916191814
7.022078597785148
6.545703946448204
6.005060633690523
5.560334677406897
5.522830827693182
5.625393246694145
5.545667270072091
5.48459834555773
5.220413330693089
5.183634711795826
5.008523813352058
4.926915708559382
4.729185087596086
4.681410287288836
4.31341132076302
4.3693055860087435
4.166276492292377
4.196205509865482
4.172093668478188
4.080447769412471
4.0440530255700375
3.9894938076428668
3.958140211159445
3.893155758630202
3.9034312089046437
3.8769858588219472
3.851667341986343
3.685753754146802
3.631421006259834
3.4759736226415585
3.457575540417973
3.5467456555456685
3.3808443791123985
3.3447677243010396
3.2803565198186284
3.274365262086472
3.225791529226407
3.2882599528889456
3.263008214643706
3.2236469296016423
3.204673508517561
3.097262345365647
3.1331087144439698
3.0470334364160543
3.0268731691649027
3.0197708546617466
3.0066072358020253
2.9973852812013684
2.9891625275557256
2.9801964100782636
2.8927501471114136
2.8975436303733586
2.8774173027294063
2.8633890868584584
2.85120721928226
2.8152057612504002
2.7874228209846477
2.753312304302338
2.7683830287924014
2.7587777219979333
2.7470510765629585
2.5336025684080847
2.503741204699063
2.5279659290727197
2.49094834128184
2.4768405976468846
2.4490309406182464
2.4396763418350824
2.429610341519521
2.4142326465532893
2.408216204330483
2.398720630406596
2.3755415655081933
2.3690417263348365
2.3565818344715623
2.346293891772036
2.3268438167994194
2.316283173728285
2.2452032231539154
2.3038654914105146
2.2992445406923134
2.2879071125122574
2.286673865718339
2.2772937840308605
2.272013885859859
2.2662972949660647
2.2663918208593943
2.265217934441975
2.2559379204945857
2.250010004724006
2.2481741657000187
2.222885611177852
2.1785488298048965
1.514143181536556
