0.20692915002587156
0.1679076805557091
0.23779774841114915
0.46439388099319495
0.4420869336961911
0.46868397382678434
0.40275118031434215
0.38925253794114995
0.429818595084736
0.34212001471361003
0.5167267206538251
0.44608297981030337
0.4141568222337936
0.42372329123910524
0.42546707250115273
0.43053746695850703
0.4554049449479412
0.3393937536032209
0.3966233004985305
0.3743510726088453
0.37117404680735655
0.3591014343613902
0.40893984223051094
0.34073876217278465
0.4263828332076816
0.40428795198453005
0.42994197019642133
0.3783346426260833
0.3977535462871433
0.41376792568762844
0.3414076941484665
0.4277171562863037
0.4184995639666271
0.3563957867010197
0.39001422855200396
0.44321749260805987
0.44833002018908025
0.4390980663632729
0.4344500022350477
0.42716943903120663
0.43275264018496096
0.39569508616175364
0.4220413122679285
0.4601343353504267
0.381335718981667
0.41390626678326703
0.41060957571016654
0.4654694953480206
0.3386270390611524
0.44124846622940106
0.4105286259128332
0.40796926930901634
0.43029325286062
0.40332807772979934
0.3965424542493642
0.44071718687943795
0.41528832038033964
0.38384592569259024
0.36118086673463123
0.39770654066952643
0.37527432980021286
0.3523098586906602
0.36884636994816
0.3774820732154856
0.40872046840664
0.3863716660914262
0.3828172045828739
0.4059920230663052
0.3575111017956682
0.42587898848765365
0.38905503699099403
0.40661035373770477
0.3694606183052701
0.393967682867699
0.39744189688120113
0.38469561974954286
0.4356810837797099
0.3914620402456079
0.42022560020865907
0.41961932163799237
0.4075082574473826
0.3705922994472562
0.39230782378252427
0.3841035143926792
0.42349541315386763
0.4036910521870035
0.36595658533325964
0.34474656551011595
0.3874606550974368
0.41519380321278493
0.4056300602033434
0.40796438434949006
0.4106167876234793
0.3833061129771257
0.37960026490998355
0.3833709907437173
0.4140064640465294
0.4151076162315226
0.3751000621018907
0.3995143664189744
0.1171590481721346
