0.8414705910590058
0.8414705921864197
0.8414705933090065
0.8414705944267792
0.8414705955397855
0.8414705966480329
0.8414705977515406
0.8414705988503556
0.8414705999444844
0.8414706010339601
0.8414706021188151
0.8414706031990911
0.8414706042747827
0.8414706053459409
0.8414706064125935
0.8414706074747574
0.8414706085324588
0.8414706095857413
0.8414706106346044
0.8414706116790701
0.8414706127191709
0.8414706137549219
0.8414706147863472
0.8414706158134759
0.8414706168363285
0.8414706178549354
0.8414706188693191
0.8414706198795019
0.841470620885508
0.8414706218873613
0.8414706228850841
0.8414706238786984
0.841470624868225
0.8414706258536868
0.8414706268351065
0.8414706278125053
0.8414706287859066
0.8414706297553317
0.841470630720802
0.8414706316823403
0.8414706326399672
0.8414706335937029
0.8414706345435717
0.8414706354895927
0.8414706364317861
0.8414706373701731
0.8414706383047726
0.8414706392356053
0.8414706401626918
0.8414706410860537
0.8414706420057108
0.8414706429216814
0.8414706438339847
0.8414706447426406
0.8414706456476698
0.841470646549091
0.8414706474469239
0.8414706483411861
0.8414706492318982
0.8414706501190786
0.8414706510027443
0.841470651882915
0.8414706527596097
0.8414706536328456
0.8414706545026411
0.8414706553690138
0.8414706562319816
0.8414706570915642
0.8414706579477794
0.8414706588006422
0.841470659650171
0.8414706604963834
0.8414706613392967
0.8414706621789279
0.8414706630152953
0.8414706638484164
0.8414706646783057
0.8414706655049792
