# Data Deleted: 79
0.7642321738123792
0.7642068838435971
0.7641812700010807
0.7641553324953596
0.7641290715302965
0.7641024873092155
0.7640755800151896
0.7640483499824753
0.7640207975441673
0.7639929226227969
0.7639647253283066
0.763936206095797
0.8414706268351065
0.7639073653802739
0.8414706278125053
0.7638782032537513
0.8414706287859066
0.7638487199566804
0.8414706297553317
0.7638189157202094
0.841470630720802
0.7637887908082913
0.8414706316823403
0.7637583454638394
0.8414706326399672
0.7637275799352218
0.8414706335937029
0.7636964945107365
0.8414706345435717
0.763665089431103
0.8414706354895927
0.7636333649692113
0.8414706364317861
0.7636013214928398
0.8414706373701731
0.7635689593194798
0.7635362782234467
0.7635032787513704
0.7634699614767652
0.7634363265640467
0.7634023738931196
0.8414706429216814
0.7633681042005038
0.8414706438339847
0.7633335176430955
0.8414706447426406
0.7632986145622683
0.8414706456476698
0.763263395208995
0.841470646549091
0.7632278598843424
0.8414706474469239
0.763192008892207
0.8414706483411861
0.7631558425370198
0.8414706492318982
0.7631193612104652
0.8414706501190786
0.7630825650759565
0.8414706510027443
0.763045454494077
0.841470651882915
0.763008029769588
0.8414706527596097
0.7629702913176427
0.7629322393232999
0.7628938742903002
0.76285519629003
0.7628162058743604
0.7627769034805787
0.762737289082998
0.7626973634900672
0.7626571266376481
0.7626165787887582
0.7625757202171863
0.7625345519170655
0.7624930736055241
0.7624512860607665
0.7624091894901174
