0.8653181929556185
0.8663220367745871
0.8727167556410712
0.8765048245276299
0.8933241510983454
0.9047488678512163
0.9031631513713978
0.9076876792490971
0.8988713262303257
0.8832319936548613
0.8686180247910517
0.8668722026139556
0.8563036836510836
0.8486646387701332
0.848796317180972
0.8507268496677345
0.8550173594873978
0.8717856185253503
0.8973622435585958
0.9139544801372318
0.9156605464042985
0.9174891680101358
0.9194750913603336
0.9208142158160721
0.9208634395795936
0.9208423328725321
0.920863345503929
0.9208842682802223
0.9209050296253009
0.920925122247626
0.9209462128759525
0.9209676590856956
0.9267374389766956
0.9267807452564221
0.928185446399399
0.9305435355532992
0.9306159361898532
0.9319835094245509
0.9346765271056745
0.9353494151074653
0.9361809980318552
0.938142934237195
0.9373010350253714
0.9359579634957786
0.9345705478669393
0.9311518546933928
0.9246900241824234
0.9245277637081216
0.9243653063670368
0.9242026549438965
0.9240398106669464
0.9300919807434649
0.9310480890564776
0.9336226689963625
0.934194670824701
0.9346811625903567
0.9337892340462984
0.934518200983876
0.9338473280720063
0.9310294430683383
0.931485349519959
0.9316117326836564
0.9303735984087915
0.9280043871358385
0.9296311344120154
0.9216257329228293
0.9216436739992855
0.9216618262392041
0.9216806336272723
0.9216986793090926
0.9217173821358887
0.9217356453225127
0.9217534841662687
0.9217706522341332
0.921788593437794
0.9218055983915133
0.9230643235649392
0.9261911370008563
