0.8414709844448521
0.841470984434861
0.8414709844243146
0.8414709844140946
0.8414709844039744
0.8414709843931351
0.8414709843824576
0.8414709843711848
0.8414709843605196
0.8414709843489838
0.8414709843372246
0.8414709843256399
0.8414709843140393
0.8414709843021962
0.8414709842901786
0.8414709842780703
0.8414709842664622
0.8414709842573402
0.8414709842436827
0.8414709842315174
0.8414709842163013
0.8414709842017882
0.8414709841885244
0.7642321738123792
0.7642068838435971
0.7641812700010807
0.7641553324953596
0.7641290715302965
0.7641024873092155
0.7640755800151896
0.7640483499824753
0.7640207975441673
0.7639929226227969
0.7639647253283066
0.763936206095797
0.7639073653802739
0.7638782032537513
0.7638487199566804
0.7638189157202094
0.7637887908082913
0.7637583454638394
0.7637275799352218
0.7636964945107365
0.763665089431103
0.7636333649692113
0.7636013214928398
0.7635689593194798
0.7635362782234467
0.7635032787513704
0.7634699614767652
0.7634363265640467
0.7634023738931196
0.7633681042005038
0.7633335176430955
0.7632986145622683
0.763263395208995
0.7632278598843424
0.763192008892207
0.7631558425370198
0.7631193612104652
0.7630825650759565
0.763045454494077
0.763008029769588
0.7629702913176427
0.7629322393232999
0.7628938742903002
0.76285519629003
0.7628162058743604
0.7627769034805787
0.762737289082998
0.7626973634900672
0.7626571266376481
0.7626165787887582
0.7625757202171863
0.7625345519170655
0.7624930736055241
0.7624512860607665
0.7624091894901174
