0.6067570823311392
0.5938306727287922
0.5860682797052145
0.5815323618572602
0.5790875442828985
0.5780371108391812
0.5779366456199345
0.5784933770579376
0.5795091818913003
0.5808469476274671
0.5824099932780968
0.5841290786974109
0.5859539769056213
0.5878478738372308
0.5897835673089754
0.5917408383014097
0.593704602376133
0.5956635901678613
0.5976093928545017
0.5995357633133318
0.6014380989188481
0.6033130550308723
0.605158253609784
0.6069720618104663
0.6087534225566552
0.6105017240713932
0.6122166988419243
0.6138983449919486
0.6155468648295566
0.6171626166440328
0.618746076781798
0.6202978097397115
0.6218184445418493
0.6233086560624367
0.6247691502576073
0.6262006524971162
0.6276038983621576
0.6289796264103344
0.6303285725133471
0.6316514654543709
0.6329490235358038
0.6342219519981526
0.6354709410903637
0.6366966646632608
0.6378997791826818
0.639080923078831
0.6402407163643139
0.6413797604661396
0.6424986382273145
0.6435979140419872
0.6446781340948825
0.6457398266812323
0.6467835025878925
0.647809655519961
0.648818762560189
0.6498112846509009
0.6507876670901223
0.6517483400352477
0.6526937190089046
0.6536242054027684
0.6545401869759775
0.6925590732083181
0.6931026327379618
0.6935400645999457
0.6941535677548198
0.6950086935691024
0.6958737295508151
0.6966294145495939
0.6978007847196895
0.6987072346164693
0.699620301985938
0.7002507072400952
0.7011018959643965
0.7015542482221189
0.7022492163533862
0.7024872363617519
0.7033460280858455
0.7039287424938423
0.7047736344443338
0.7054411157006824
0.706181859487282
0.7061522139752436
0.7060694659835574
0.7058296646983362
0.706571560371403
0.7069858199404349
0.7082468609309229
0.7099683330340163
0.711650309123534
0.7123838275336114
0.7131181945835376
0.7135228539240273
0.7135642981319834
0.7135900660240331
0.713329015942024
0.7134856849960636
0.7139375703725714
0.7140473551107211
0.7137559124423243
0.7138128627362124
0.713680921285203
0.7130340195452696
0.7128595365073866
0.7129966639479517
0.7132039671036765
0.713333380413105
0.7134553537985906
0.7136472457155156
0.7136736486969193
0.7137256874912677
0.7139624382885639
0.7144927099082947
0.7149738435293935
0.715657843460889
0.7161277493286096
0.7168574756187636
0.7174221069892572
0.7182693711534094
0.718914211706071
0.7197936542065024
0.7207928485788612
0.721684101839319
0.7220261058453166
0.722557929065033
0.7231294442854574
0.7236053175007113
0.7240014009214
0.7246648998966816
0.725217527687371
0.7256013392579089
0.7260654443452379
0.7267887373069988
0.7274079421131325
0.728114603331598
0.7288107011080484
0.7292927694204326
0.7295672248116659
0.729937603914838
0.7303090787176371
0.7307481875075368
0.7312101232603776
0.7316950005456071
0.7322724621891765
0.7329232784245882
0.7336639231551572
0.7345660897141959
0.7354379004045184
0.7363000683937301
0.737086706765935
0.7379265718950602
0.7386775548523212
0.7394279102196232
0.7401618507792596
0.7409800707090883
0.7417442348439396
0.742413971685259
0.7430954228282911
0.7437123130542287
0.7442847142717527
0.7448584601928212
0.745633336757246
0.7464635927509615
0.7472834542466733
0.7479300838132781
0.7485205999518642
0.7489022583495328
0.7490594219846441
0.7492819561233406
0.7497537584917081
0.7500772366526056
0.7498323496828525
0.7496527806672406
0.7493004772821855
0.7488281572176491
0.7483409049620938
0.7485095609979685
0.7488532456583381
0.7492083338776208
0.7491543948293639
0.7494723079916812
0.7496577214665388
0.7496325248110486
0.7498253030888556
0.7507300184321899
0.7515341187361834
0.7522610929204574
0.753473073586852
0.7549944497679646
0.7566433847002334
0.7582164436820016
0.7600591257502276
0.7618500453004978
0.7633845588336813
0.7649573949964505
0.766492707164825
0.7672921267019096
0.7676117410024029
0.7676333064841634
0.7670348367079471
0.7666947527604651
0.7666844693825111
0.7664250034154555
0.7665472614806218
0.7666719719111891
0.7661894858397984
0.7661526101660556
0.7660823759008644
0.7652808961068187
0.7647325531459721
0.7657014016573614
0.7667890074961546
0.7685400965964343
0.7703713963891459
0.7727687927431095
0.7741112137939544
0.7751878160102113
0.7760373876344074
0.7775426309580498
0.77822983187706
0.7792231138559085
0.7803173561060665
0.7814274981338789
0.7826441987099653
0.783833572780679
0.7845079669757975
0.7852080982778875
0.7859826251231017
0.7863571257683749
0.7873048167959991
0.7880105129134884
0.7890077980630308
0.7899946704465959
0.7909438494859566
0.7917208356016889
0.7930982373941327
0.7942280816085538
0.7953309692262927
0.7964926862526603
0.7972648365504016
0.7981858973874563
0.7990183650548607
0.7998298087636244
0.8006634102278432
0.8017378049178838
0.8024847258905731
0.802876554498019
0.8029947668607841
0.8030430926250447
0.802835766399985
0.8031970460609867
0.8037843620609844
0.8044839771489565
0.804898497076634
0.805215466772186
0.805033190579904
0.8051867674720139
0.8054580654645364
0.8068843655863027
0.8085968178243657
0.8103446106557711
0.8119172788984886
0.8136400574651517
0.8149180364009965
0.8161491728161364
0.8173268059783698
0.8184875224466428
0.8191855379921402
0.8196685986438972
0.8200526231157869
0.820616639673364
0.8208630619860305
0.8213734024685712
0.8218012484528435
0.8219273232474418
0.8220750691318145
0.822620025630276
0.8230584206574025
0.8236062934733543
0.8244514516324337
0.8249465318706094
0.8248148419350304
0.8241076451667078
0.8231847788212645
0.8225496877102018
0.8215329730703174
0.8211916227105238
0.8212626321547845
0.8206140729573491
0.8198987663106128
0.8196487410114164
0.8196001524040364
0.820381802004809
0.8220175470861764
0.8239160426727457
0.8257007053144372
0.8271495157389802
0.8284814044796491
0.8297187932071293
0.8303151921972995
0.8311794496598838
0.831834016078277
0.8324360027090342
0.8330280061432607
0.8338463896752792
0.8346193602012708
0.8355478349925854
0.8359446592736363
0.8368558445881159
0.8376490711471766
0.8384106562793027
0.8391305930278815
0.8400722157868301
0.840448090512677
0.840869568508838
0.8407379260778498
0.8404596883124577
0.840592644765584
0.8410271355843614
0.8412632067825928
0.8421482385973549
0.8430502139381207
0.8435593782915145
0.8440705713863689
0.844607162273616
0.844935806380834
0.8454212617814448
0.8461910039943275
0.8469242541997669
0.8478894967356227
0.8488463722072379
0.8494406380209086
0.8495195526115068
0.8494892141715442
0.8496935781241474
0.8494468198225817
0.8492509719082402
0.8495629038109929
0.8500098992052867
0.85042340955887
0.8512567899801206
0.8523379603334769
0.8533076205445722
0.8541009481810581
0.8546342716039178
0.8549904762692975
0.8554009520740156
0.855842504382771
0.856369385368084
0.8568601373614799
0.857465330888626
0.8579848455152491
0.8581893381748725
0.8584977491666099
0.8588836703624746
0.8593888198523009
0.8600138483645098
0.8608374332839016
0.8613525567169449
0.8615958098125194
0.8618417007637172
0.8619771437065026
0.8618981234068616
0.8621721866252353
0.8626849506579453
0.8632280729555533
0.863820551745696
0.8645289169365593
0.8651094643903865
0.8656796241516338
0.8662130812821396
0.8666318015739345
0.8671170158505699
0.8676372615500255
0.8682284896471613
0.8688087228001448
0.8694089151486997
0.869871642244053
0.870101408599187
0.8702561157748399
0.8704185206687645
0.8706078310477108
0.8710170117686151
0.8715578908629186
0.8721146665733387
0.8726100818899737
0.8729491494707518
0.8732363875956791
0.8734854748266409
0.8737046848526563
0.8739164237556502
0.874379125064478
0.8748082187676983
0.8753443283311598
0.8758338350253709
0.8762221142122271
0.8765599979675551
0.8768112094469792
0.877002100351916
0.8773374559520692
0.8777829768748688
0.8782223910785321
0.8785766229621982
0.8790020116667683
0.8792935717293466
0.8796322743752929
0.8798795392481632
0.8802601236887384
0.8804287374772441
0.8806579751443041
0.8807755072113931
0.8808884188587467
0.880733548656991
0.880646659360672
0.8805758378704095
0.8804399909931042
0.8803404213978195
0.8804576643006663
0.8807886880758914
0.8810802871946515
0.8814849727504898
0.8819521853955354
0.8825283573746242
0.8828984849518533
0.8833952189325409
0.8839555356024685
0.8844802307831542
0.8849941947678945
0.8855079123399813
0.8859398600638541
0.8863293585981635
0.8866830866265016
0.8869619555482092
0.8872779434468978
0.8875188910955054
0.8877455420427534
0.8879548735738835
0.888228073505013
0.8884780658158441
0.8886828653788175
0.888915313357195
0.8891392603597896
0.8892870683541023
0.8894707559807318
0.8897795416417483
0.890066514570627
0.8904301062691111
0.890833938682366
0.8911423184358158
0.8913198997817273
0.8915721224572122
0.8916052963050488
0.8917276069864334
0.891887379598961
0.8920977701944932
0.8920790094507192
0.8922115511375408
0.8923675225411384
0.8925367355894107
0.8925630622700113
0.8928866237573599
0.8930172454035872
0.8929601167852192
0.8927781596677552
0.8927501315018217
0.8924434380526719
0.8923203141763908
0.8924344139151817
0.8927006417369335
0.8931005327331499
0.8935051595395259
0.8940423709928161
0.8944881538450351
0.8949201197117392
0.8953279251944964
0.8957902823304881
0.8962430040660047
0.8967167736873121
0.8971600642448326
0.8975144579413714
0.8979204982481876
0.8982516392390372
0.898502346177074
0.8987767306132998
0.8990404388651696
0.8992588050524032
0.8994631515172514
0.899650688216349
0.8998260811295217
0.900015149537101
0.9002027366400248
0.9003858367486932
0.9006082432269583
0.9008261054390126
0.9010257638499364
0.9012286938294499
0.9014177879298786
0.9015548185181697
0.9017241214106023
0.901904396812615
0.902074257418975
0.9022622775727415
0.9024299779990615
0.9025449270453902
0.9025583139678613
0.9025959612783678
0.9025039921886272
0.9024094521236999
0.9022880073252162
0.9023650849336476
0.9025706761452172
0.9028936667327606
0.903294550668781
0.9037387879115035
0.9040794004102322
0.9042911491607973
0.9044873219888263
0.9046191941385051
0.9046837005884198
0.9047485666823367
0.9047062902855731
0.9046258361892798
0.9046251115742414
0.9047736971764775
0.9048653563508612
0.9050281874466808
0.9052201896771149
0.9052905469470579
0.9052295934530062
0.9052771495231096
0.9053546545121678
0.905451680188735
0.9056831028176626
0.9059000634590381
0.9060599078491783
0.9061326526821576
0.9061359236598425
0.9061274357740817
0.9060837356374947
0.9060953541129196
0.9062870013683946
0.9065353248910623
0.9067745418777269
0.9070619492631958
0.907263330208453
0.9074171924089076
0.9075657101310393
0.9076859365107801
0.9078328721939642
0.9080095177020208
0.9081441218614346
0.9082679307519361
0.9084014420628057
0.9085162524558896
0.9086454844828907
0.9087812566365182
0.9089235091110504
0.9090086547163807
0.9091349864147108
0.9092188437890134
0.9092736070768032
0.90933901123726
0.9093575490062014
0.9093709049407039
0.9093234933435124
0.9092924664462866
0.9093140116152085
0.9093675455376519
0.9094424066890133
0.9095668128259013
0.9097512997023379
0.9098432009241344
0.9100084794946767
0.9101156872844836
0.9102272198841594
0.9102174550048777
0.9102241576723114
0.9101974572735955
0.9102352681961208
0.9102491222328855
0.9103141720957378
0.9104039864813872
0.9105128773146898
0.9105563539063292
0.9106535562008371
0.9107815159119379
0.9109158179792727
0.9110027341874634
0.911103778864272
0.9112149211977105
0.9113106516511268
0.9113198956090037
0.9113941278306978
0.9114346809892847
0.9114774204537399
0.9115256901773684
0.9116418679536011
0.9117002561415698
0.9117935221767961
0.9118492963127505
0.9118557467930666
0.9118980943888378
0.9119599234694762
0.9119722034251115
0.911980804779433
0.9120526099928623
0.9121428896040712
0.912202141517419
0.9122847761078466
0.9123843795495538
0.9125074483769418
0.9125745422496963
0.912665802800175
0.9127672232506145
0.912863452851089
0.9129175314548634
0.9129550237163845
0.9129445479509616
0.9129566781448802
0.9129657443743966
0.9129477944053698
0.9129474383561762
0.9129832707975309
0.9130053835782967
0.9129957232420836
0.912998794017307
0.9129741356358458
0.9129541484022979
0.9129746471043371
0.9130454113260106
0.9130952045136935
0.9131384991907078
0.9132092779070221
0.9132300016108756
0.9132843557761299
0.913348033391915
0.9134618341183891
0.9135533528335924
0.9135947628667677
0.9135747639759687
0.9135912305869616
0.9134958550090082
0.9133959242208027
0.9133735605724208
0.9133623602394282
0.9133230503772398
0.9133996425778899
0.9134008426111608
0.9133731537095673
0.913408746935249
0.9135143653939669
0.9136143428936163
0.9137801503476091
0.9139522304475403
0.9140603419948088
0.9141171877806195
0.9141097390760681
0.9140850534242677
0.9140104455029798
0.9138986053791089
0.9137431755582862
0.913685096597313
0.9136785897893309
0.9137035871399584
0.9137585462166599
0.9138233394744074
0.9138208911314333
0.9137801857587214
0.9137043530345583
0.9136288177367287
0.9136513236532788
0.9136237917328394
0.9135982225382294
0.9136106003341333
0.9136580771828268
0.9136517176588353
0.9137000219716563
0.9136978395337046
0.9135804022710161
0.9132601490704224
0.9126821082738883
0.9119758480853268
0.911534082537494
0.9113897208724819
0.9114727282393339
0.9117597064606558
0.9119284284844915
0.9119590676200384
0.9118428612806526
0.9116088908297061
0.9115935134064945
0.9116802404905353
