0.8139158759047792
0.8148883694529031
0.8193662075951992
0.8211529747565744
0.8292620334424785
0.8350029627683212
0.8341941909083811
0.8365154710186775
0.8320242949300068
0.8243540503055782
0.8164610643109345
0.815295505867219
0.8068209911383588
0.8021304147423575
0.802210608367672
0.8033891710982363
0.8060183881546271
0.8189317281652368
0.8312868805045148
0.8414612807447733
0.8414610069677909
0.8414607957154365
0.8414606843340349
0.8414706158134759
0.8414706168363285
0.8414706178549354
0.8414706188693191
0.8414706198795019
0.841470620885508
0.8414706218873613
0.8414706228850841
0.8414706238786984
0.841470624868225
0.8414706258536868
0.9088101138443763
0.9084286006411787
0.9084287529483326
0.9080081884034932
0.9070757076438962
0.9068074416216669
0.9064474133101567
0.9054767563516782
0.9059247564079602
0.9065876003296487
0.9072033279113542
0.9083905528617929
0.8414706383047726
0.8414706392356053
0.8414706401626918
0.8414706410860537
0.8414706420057108
0.9091360453774763
0.9085565823103063
0.9077043596166781
0.9074863006519412
0.9072913671946671
0.9076746012878611
0.9073792866217623
0.9076904368049988
0.9086768461666179
0.9085813572175904
0.9085845395075807
0.9092589531309898
0.8414706536328456
0.8414706545026411
0.8414706553690138
0.8414706562319816
0.8414706570915642
0.8414706579477794
0.8414706588006422
0.841470659650171
0.8414706604963834
0.8414706613392967
0.8414706621789279
0.8414706630152953
0.8414706638484164
0.8414706646783057
0.8414706655049792
