456.15
479.1
521.0
468.75
465.9
474.85
473.85
501.85
498.0
506.4
511.35
523.25
522.95
535.5
540.2
544.55
547.95
551.6
554.2
563.5
567.6
560.5
561.65
564.0
569.4
569.5
572.55
569.15
571.9
572.25
575.45
578.0
573.75
575.7
577.85
575.4
575.7
582.9
584.9
590.2
590.0
591.85
593.45
593.65
604.65
595.2
606.15
608.65
604.6
608.0
606.25
608.45
609.4
609.1
608.1
608.5
610.95
610.75
609.7
609.95
612.95
612.45
614.1
613.95
614.25
614.85
615.9
622.2
622.6
622.1
621.1
622.5
622.55
622.05
621.85
622.05
622.65
622.55
622.4
622.6
620.75
622.2
617.9
621.2
625.2
620.9
621.05
618.8
618.2
610.9
615.5
610.45
611.25
610.5
623.8
611.65
611.3
611.6
612.25
612.3
647.95
