0.18819839049694675	0.8416102967297949	534
0.10549832708387956	0.9045694376018039	536
0.18078256947106555	0.8468959703969482	536
0.3056817632085298	0.7658834090955213	536
0.2887646630925804	0.7759368553761808	534
0.25326835366328215	0.7979137086458914	536
0.4292354552590906	0.6996747780922639	534
0.2640585988119245	0.7911025651341557	536
0.2727198114362096	0.7857188919464866	536
0.2832780863781664	0.7792543257886756	535
0.27294193206925843	0.785581788773686	535
0.3966189899160539	0.716014895415468	535
0.4595394522354838	0.6851476323359149	531
0.25579331451953685	0.7963093834295474	536
0.2674410574834806	0.7889913255496961	536
0.41400220324411646	0.7072124765475757	532
0.4676569439929827	0.6813581362408498	531
0.30372520219530097	0.7670328059288354	534
0.26685835939648456	0.7893542262107245	536
0.3189917014342979	0.7581548836983433	536
0.10309145684527883	0.906543146349706	536
0.5770756296916587	0.6340849995859201	535
0.26904748726527067	0.787992577137477	535
0.2578141131429378	0.7950300362756068	536
0.25669097626313514	0.7957405749610577	536
0.10309145684527883	0.906543146349706	536
0.25302332217906987	0.7980697424377946	536
0.3704404566536987	0.7296924103085592	534
0.27505382360384717	0.7842806174045049	535
0.20099289536148626	0.8326443927039305	535
0.25576720268643444	0.7963259415126647	536
0.4783941120698959	0.6764096203007076	530
0.254115776631025	0.7973745475767278	536
0.3463633701969883	0.7427415377868521	534
0.2881041690487702	0.7763347282219206	535
0.25301694741207004	0.798073802645175	536
0.10309145684527883	0.906543146349706	536
0.24079477663753196	0.8059350497186415	534
0.20841747536892968	0.827528582119106	535
0.2730214745394037	0.7855327031005611	535
0.26738153487971095	0.7890283805459667	535
0.3249774403414714	0.7547298312809623	533
0.2950834111379802	0.7721510378403407	534
0.2864541472632504	0.7773304646165266	534
0.2544961998324905	0.7971327455065446	536
0.25302332217906987	0.7980697424377946	536
0.25336576270708716	0.7978516964115455	536
0.285651484195184	0.7778157706759842	536
0.29402980913168975	0.7727797249670876	536
0.2974077174540604	0.7707677290237861	535
0.10309145684527883	0.906543146349706	536
0.2558497549012743	0.7962735957046172	536
0.2650920614127296	0.7904563078858458	536
0.2884271247213787	0.7761401330449708	534
0.27193543510194207	0.7862034285724989	536
0.29918344919768486	0.7697142390611221	533
0.2610319712648191	0.7930013059042403	536
0.2629268125630947	0.7918115207091946	536
0.2612084084390048	0.7928903687200263	536
0.21006404234464693	0.8264025415236518	535
0.241528078884059	0.8054590282797669	536
0.29313754678452925	0.7733129414473853	535
0.251569941568128	0.7989964977483169	536
0.25609415117548456	0.7961186659966331	536
0.29116130876596386	0.7744965661616338	535
0.2651828658417508	0.7903995754279209	535
0.2556687447484685	0.796388382033286	536
0.29724684395604395	0.7708633130687994	534
0.3843435070644404	0.7223640627466391	532
0.2785832526805071	0.7821156720952925	535
0.27842316045383403	0.7822136135620422	536
0.254994312656144	0.7968163599750033	536
0.26082403300405943	0.793132089667885	536
0.3388371930240183	0.7469168060242708	532
0.2629268125630947	0.7918115207091946	536
0.24410602990208158	0.8037900114339176	536
0.26069016998068417	0.7932163062835031	536
0.36779144398054175	0.7311056114591591	531
0.2741867374865403	0.784814321621805	535
0.28407860838164145	0.7787685220146503	534
0.17452094656411832	0.8514109543344861	536
0.2529854569052526	0.7980938601393658	536
0.38986690572811245	0.7194933528373552	531
0.2647845068692999	0.7906485212056268	535
0.3319463148897944	0.7507810103312912	534
0.29786940351091434	0.7704935468043727	535
0.25318919975841964	0.7979641064515817	536
0.30213866814324364	0.7679673635880334	534
0.10309145684527883	0.906543146349706	536
0.29715749779546075	0.7709164089168166	533
0.18756766638829456	0.8420572808632142	536
0.2850382789569594	0.7781869352652129	535
0.20378592173877264	0.8307124896057763	535
0.2645886894983183	0.7907709505109645	536
0.34801488105221284	0.7418315732682679	535
0.3673527670134006	0.7313401662865832	532
0.345145474291716	0.743414016633813	535
0.3145309393176952	0.760727625413707	535
0.26959283665256356	0.7876540975425019	536
0.24512200756285546	0.8031341458315029	536
0.10309145684527883	0.906543146349706	536
