0.10309145684527883	0.906543146349706	536
0.10296441504159855	0.9066475639309586	536
0.10309145684527883	0.906543146349706	536
0.2789867325648044	0.7818689393240688	535
0.10309145684527883	0.906543146349706	536
0.10309145684527883	0.906543146349706	536
0.502780563772398	0.6654331471320878	535
0.2795371784878896	0.7815325860103287	535
0.25302332217906987	0.7980697424377946	536
0.2516848069098728	0.7989231749714805	536
0.25062796359523326	0.7995983050988701	536
0.30809890921991406	0.7644681858165839	535
0.3656948571832594	0.732227989832587	532
0.10309145684527883	0.906543146349706	536
0.19965804757534528	0.8335708679828568	533
0.10309145684527883	0.906543146349706	536
0.1481507953993301	0.8709657337755857	536
0.10309145684527883	0.906543146349706	536
0.2538621857741413	0.7975358148173155	536
0.25342853458079845	0.7978117398886597	536
0.20967840874849628	0.8266659905375807	535
0.25021189390361964	0.7998644108860886	536
0.252573522615596	0.7983563295444904	536
0.32365863566170516	0.7554817934611169	535
0.27820082971556587	0.7823496720953679	535
0.14002137758458572	0.8771765334074214	536
0.2683313166244314	0.788437521720606	536
0.2907839326513184	0.7747229994922253	534
0.10309145684527883	0.906543146349706	536
0.2629268125630947	0.7918115207091946	536
0.10309145684527883	0.906543146349706	536
0.2530589184285977	0.7980470712854054	536
0.25332405298604577	0.7978782483408812	536
0.25038945870994983	0.799750824060624	536
0.2567407195299833	0.7957090786188551	536
0.2001166060230587	0.8332523647962806	535
0.19658979198217313	0.8357082825714914	536
0.24863012606055904	0.8008776811712932	534
0.20241718680233073	0.831658105835436	535
0.2526909756958173	0.7982814751615352	536
0.27046044431923394	0.787116202217411	535
0.35113870348571136	0.7401164642979788	532
0.25263229028704876	0.7983188743847913	536
0.17965276450904874	0.8477070796474443	536
0.10309145684527883	0.906543146349706	536
0.2508708481036711	0.7994430452320532	536
0.10309145684527883	0.906543146349706	536
0.10309145684527883	0.906543146349706	536
0.10309145684527883	0.906543146349706	536
0.2676242503278976	0.7888773031450992	535
0.22812324707664458	0.8142505260610804	534
0.26738153487971095	0.7890283805459667	535
0.10309145684527883	0.906543146349706	536
0.10309145684527883	0.906543146349706	536
0.26808765519679517	0.7885890189860806	535
0.26347369439892865	0.7914687930845519	536
0.32597334259389893	0.7541629743805992	535
0.49245034641838353	0.6700390417676694	528
0.10202581249530396	0.9074197615532361	536
0.10309145684527883	0.906543146349706	536
0.2530872233675219	0.7980290448677785	536
0.25900834982167853	0.7942759078139844	535
0.2528972639829201	0.7981500389114364	536
0.10309145684527883	0.906543146349706	536
0.2107710950300256	0.8259199481262817	535
0.2750854368048053	0.7842611727304072	535
0.25103198152831796	0.7993400766448466	536
0.10309145684527883	0.906543146349706	536
0.3348159492010948	0.7491669548888095	534
0.10309145684527883	0.906543146349706	536
0.10309145684527883	0.906543146349706	536
0.14908960118614295	0.8702541550874311	534
0.30809890921991406	0.7644681858165839	535
0.2590932546217257	0.7942223471766862	536
0.2534455202048694	0.7978009286247679	536
0.25880459613803014	0.7944044715660923	536
0.260151451383632	0.7935554086788627	536
0.10309145684527883	0.906543146349706	536
0.3234036217372207	0.7556273714041287	533
0.4470902241992601	0.691041915201483	532
0.2545091126412441	0.7971245405261342	536
0.27294193206925843	0.785581788773686	535
0.1810693649459444	0.8466903212291585	536
0.15804295497855675	0.8635258266551233	536
0.290329670257034	0.7749957418252653	535
0.2641291452112113	0.791058416608945	535
0.25302332217906987	0.7980697424377946	536
0.31464070501984237	0.7606641085899639	535
0.25223339852306803	0.7985731742815981	536
0.1788148446553819	0.848309642972254	536
0.26738153487971095	0.7890283805459667	535
0.2535864793256091	0.7977112201608694	536
0.21577021617506734	0.8225238508853246	534
0.29116130876596386	0.7744965661616338	535
0.2481597080050346	0.8011795234107704	536
0.39211609082205323	0.7183308968216106	535
0.2827894930254217	0.7795511309042055	535
0.32338584818015764	0.7556375197567219	535
0.26028014079016415	0.7934743773499635	536
0.26469361052953466	0.7907053468715589	536
0.10202581249530396	0.9074197615532361	536
