5.42999744837608	0.155521057049961	373
3.1634319997191453	0.24018646157003581	445
4.496963748209184	0.18191860921873146	391
4.771970399226749	0.17325106174036625	372
3.9658421457358672	0.20137571244762437	392
3.956018838209235	0.20177485853974905	390
3.7684912014809235	0.20970993921293923	414
3.437068529863638	0.22537402640268273	414
3.290745977946045	0.23305970689942687	482
3.083823336972528	0.24486857473647056	464
3.2477173634266703	0.23542055990121044	415
3.226931493418089	0.23657823685033383	425
2.906310496718521	0.2559960353484562	436
2.757893824237449	0.2661065072009904	458
2.6858656954745816	0.27130668413333026	472
1.7485019822690926	0.3638345565879584	492
1.0771878360352927	0.48142011167785853	527
0.9272518382849885	0.5188735484044856	533
0.9272518382849885	0.5188735484044856	533
0.8665230224188726	0.5357555133202031	526
0.7956969596940574	0.5568868369473519	533
0.5982360910031018	0.6256897874032924	536
0.7012806530251933	0.5877924951546437	534
0.6373423409944949	0.610745825697402	534
0.5952306677093454	0.6268685903813142	536
0.49051671991227364	0.6709082740506637	536
0.4856512084105957	0.67310550036158	536
0.48766483544799033	0.672194419181027	536
0.48447523200290676	0.6736387232616635	536
0.45608962618030685	0.6867709116390411	536
0.4521791046268438	0.6886202926442486	536
0.4521791046268438	0.6886202926442486	536
0.4521791046268438	0.6886202926442486	536
0.45027241923951145	0.6895256275537366	536
0.3782021597475108	0.7255829581512206	536
0.3782021597475108	0.7255829581512206	536
0.37638927173456405	0.7265386475584572	536
0.37638927173456405	0.7265386475584572	536
0.37546648809745053	0.7270260734474187	536
0.37638927173456405	0.7265386475584572	536
0.37061146525542604	0.7296013679658231	536
0.37061146525542604	0.7296013679658231	536
0.37061146525542604	0.7296013679658231	536
0.37061146525542604	0.7296013679658231	536
0.3671120299027892	0.7314689492353502	536
0.3671120299027892	0.7314689492353502	536
0.3671120299027892	0.7314689492353502	536
0.3671120299027892	0.7314689492353502	536
0.3671120299027892	0.7314689492353502	536
0.3671120299027892	0.7314689492353502	536
0.3671120299027892	0.7314689492353502	536
0.3671120299027892	0.7314689492353502	536
0.3671120299027892	0.7314689492353502	536
0.3671120299027892	0.7314689492353502	536
0.3671120299027892	0.7314689492353502	536
0.3671120299027892	0.7314689492353502	536
0.3671120299027892	0.7314689492353502	536
0.3671120299027892	0.7314689492353502	536
0.3671120299027892	0.7314689492353502	536
0.3671120299027892	0.7314689492353502	536
0.3671120299027892	0.7314689492353502	536
0.3671120299027892	0.7314689492353502	536
0.3671120299027892	0.7314689492353502	536
0.3671120299027892	0.7314689492353502	536
0.3671120299027892	0.7314689492353502	536
0.36653519724080835	0.7317777119968186	536
0.36653519724080835	0.7317777119968186	536
0.36653519724080835	0.7317777119968186	536
0.36653519724080835	0.7317777119968186	536
0.36653519724080835	0.7317777119968186	536
0.36653519724080835	0.7317777119968186	536
0.36433719858558444	0.7329566334749982	536
0.36433719858558444	0.7329566334749982	536
0.36433719858558444	0.7329566334749982	536
0.36433719858558444	0.7329566334749982	536
0.36433719858558444	0.7329566334749982	536
0.36433719858558444	0.7329566334749982	536
0.36433719858558444	0.7329566334749982	536
0.36433719858558444	0.7329566334749982	536
0.36433719858558444	0.7329566334749982	536
0.36433719858558444	0.7329566334749982	536
0.36433719858558444	0.7329566334749982	536
0.36433719858558444	0.7329566334749982	536
0.36433719858558444	0.7329566334749982	536
0.36433719858558444	0.7329566334749982	536
0.36433719858558444	0.7329566334749982	536
0.36433719858558444	0.7329566334749982	536
0.36433719858558444	0.7329566334749982	536
0.36433719858558444	0.7329566334749982	536
0.36433719858558444	0.7329566334749982	536
0.35579494154832114	0.7375746651318802	536
0.35579494154832114	0.7375746651318802	536
0.35579494154832114	0.7375746651318802	536
0.35579494154832114	0.7375746651318802	536
0.35579494154832114	0.7375746651318802	536
0.35579494154832114	0.7375746651318802	536
0.35579494154832114	0.7375746651318802	536
0.35579494154832114	0.7375746651318802	536
0.35579494154832114	0.7375746651318802	536
0.35579494154832114	0.7375746651318802	536
0.35579494154832114	0.7375746651318802	536
