5.411641731481675	0.1559662941068463	370
5.420540058255559	0.15575013798320525	355
4.73798146679627	0.17427731438079	386
5.062426306306699	0.16495045869006392	381
4.968527521494835	0.16754551208797092	384
4.782111190991044	0.17294721027815477	383
4.338227308172285	0.1873281039323862	391
4.48158229663668	0.18242907720523824	400
3.7284120260482223	0.2114874918875781	430
4.0713925615326385	0.19718449870853372	398
4.177050264395198	0.19316018754490957	391
4.103291665390472	0.19595195916036012	396
3.93600448911846	0.20259300861750104	394
3.777733883624148	0.20930424849059415	409
3.6856074625747515	0.21341949960325912	411
3.361374322832199	0.2292855246945687	426
3.174520252112993	0.23954848452198446	429
3.062063058578283	0.24618032403219234	434
2.244362485904446	0.3082269642632812	476
2.1294091552443932	0.31954913863665246	479
1.9567316943609978	0.33821127629103925	484
1.9567316943609978	0.33821127629103925	484
1.9537097377705337	0.3385573020979381	486
1.9537097377705337	0.3385573020979381	486
1.8728028546012068	0.34809210746861946	489
1.8728028546012068	0.34809210746861946	489
1.6976744166401265	0.3706896554423607	498
1.6844759274396275	0.37251218749194376	499
1.6819649233240144	0.3728609540353737	499
1.6813680749480446	0.37294394952448906	499
1.6648128815398358	0.375260869882226	506
1.6636115604793587	0.3754301170775946	506
1.6636115604793587	0.3754301170775946	506
1.6636115604793587	0.3754301170775946	506
1.6636115604793587	0.3754301170775946	506
1.6629515912718535	0.37552316132130276	507
1.6629515912718535	0.37552316132130276	507
1.6629515912718535	0.37552316132130276	507
1.661289888979961	0.3757576369792949	507
1.661289888979961	0.3757576369792949	507
1.661289888979961	0.3757576369792949	507
1.661289888979961	0.3757576369792949	507
1.6600885679194841	0.37592733266852196	507
1.6600885679194841	0.37592733266852196	507
1.6600885679194841	0.37592733266852196	507
1.6600885679194841	0.37592733266852196	507
1.6600885679194841	0.37592733266852196	507
1.6600885679194841	0.37592733266852196	507
1.6600885679194841	0.37592733266852196	507
1.6600885679194841	0.37592733266852196	507
1.6401686300234397	0.37876368525412024	507
1.6401686300234397	0.37876368525412024	507
1.6195860145751808	0.3817397078912754	507
1.6192238917380508	0.3817924856116158	507
1.609797208414119	0.3831715340854642	506
1.5088512445377338	0.39858879723427126	506
1.421848920361965	0.41290767214766716	510
1.4082711914254993	0.4152356277650283	510
1.4006778715335904	0.41654901386714765	510
1.3646985926214492	0.4228868757820943	524
1.3646985926214492	0.4228868757820943	524
1.3646985926214492	0.4228868757820943	524
1.2158717467134694	0.4512896567606754	517
1.0254815675005304	0.4937097508292868	526
1.0069427763739036	0.4982703103308089	526
0.9704715786265198	0.5074927295815305	526
0.9704715786265198	0.5074927295815305	526
0.9035656271924233	0.5253299312169784	526
0.9033035803716801	0.5254022586374363	526
0.9018063342732384	0.5258158951195957	526
0.8397724546185511	0.5435454789474684	529
0.8397724546185511	0.5435454789474684	529
0.8397724546185511	0.5435454789474684	529
0.8397724546185511	0.5435454789474684	529
0.8139566510224893	0.5512810901166358	529
0.7845428669654066	0.5603675980619551	529
0.7843438234011558	0.560430107070895	529
0.7833588472544499	0.5607396411213249	529
0.7606695709085383	0.5679657424214933	529
0.7606695709085383	0.5679657424214933	529
0.7606695709085383	0.5679657424214933	529
0.7576100277002547	0.5689544234726803	529
0.7494241438004092	0.5716166680011759	529
0.7405082559036024	0.5745448185081087	529
0.7405082559036024	0.5745448185081087	529
0.7328538198972523	0.5770827224533538	529
0.7288239807210467	0.5784278857486269	529
0.7288239807210467	0.5784278857486269	529
0.7288239807210467	0.5784278857486269	529
0.7248397683690545	0.579763997988963	529
0.7209228263368908	0.5810835818411292	529
0.7209228263368908	0.5810835818411292	529
0.7209228263368908	0.5810835818411292	529
0.7199998462051516	0.5813954008230334	529
0.7199998462051516	0.5813954008230334	529
0.7178257005618235	0.5821312369892621	529
0.7169027204300844	0.5824441816654002	529
0.7169027204300844	0.5824441816654002	529
0.7139087585296597	0.5834616312118547	529
0.7138821619416059	0.5834706855616782	529
0.7138821619416059	0.5834706855616782	529
