5.433922085965487	0.15542619053179565	374
2.6392573980182243	0.2747813332864433	455
5.409125121782436	0.15602753589586513	358
5.409125121782436	0.15602753589586513	358
5.409125121782436	0.15602753589586513	358
5.409125121782436	0.15602753589586513	358
5.41223124306816	0.1559519552700215	355
5.41223124306816	0.1559519552700215	355
5.409125121782436	0.15602753589586513	358
5.409125121782436	0.15602753589586513	358
5.408871853642657	0.1560337018490427	364
5.408718887887943	0.15603742612114477	364
5.408675268646453	0.15603848815563492	359
5.408675268646453	0.15603848815563492	359
5.408535860062001	0.15604188255105203	360
5.408535860062001	0.15604188255105203	360
5.408535111429136	0.15604190077956753	360
5.408535860062001	0.15604188255105203	360
5.408535860062001	0.15604188255105203	360
3.512074895888256	0.2216275268194851	460
5.357032818072964	0.15730609367895862	357
5.1813621021257275	0.1617766413742542	368
5.111496713906251	0.16362603905596074	357
3.6080805989293347	0.21701009314644912	421
2.5032984621742087	0.2854452770145603	449
2.039247365011111	0.32902882848969556	484
2.546341518922278	0.281980738364955	457
2.615886509486212	0.27655735249890123	454
1.3954010080526134	0.4174666357066322	512
1.8623738252715965	0.34936037745004006	483
1.1621939367970375	0.4624932033068913	498
1.0855368988784142	0.479492834932718	508
1.2067318667356959	0.45315881601839014	520
1.2067318667356959	0.45315881601839014	520
1.2067318667356959	0.45315881601839014	520
0.9479336395854333	0.5133645108222598	525
0.841435981078665	0.5430544478740044	528
0.841435981078665	0.5430544478740044	528
0.8411730877229916	0.5431319883328928	528
0.696542799446886	0.5894339950197686	532
0.6662127299288012	0.6001634617464068	534
0.6662127299288012	0.6001634617464068	534
0.6662127299288012	0.6001634617464068	534
0.6662127299288012	0.6001634617464068	534
0.6662127299288012	0.6001634617464068	534
0.6662127299288012	0.6001634617464068	534
0.599042910851947	0.6253740867199207	534
0.599042910851947	0.6253740867199207	534
0.5940235998936165	0.6273432840434351	534
0.5940235998936582	0.6273432840434187	534
0.5940235998936582	0.6273432840434187	534
0.5940235998936582	0.6273432840434187	534
0.5929894559204674	0.6277505455440545	534
0.5927527288195453	0.6278438466347135	534
0.5903231353660724	0.6288030261031275	532
0.5903231353660724	0.6288030261031275	532
0.5902599678782903	0.6288280030932241	534
0.5889090487406614	0.6293626440056973	532
0.5834553158936064	0.6315302932534351	532
0.5834553158936064	0.6315302932534351	532
0.5834553158936064	0.6315302932534351	532
0.5816880182049147	0.6322359330602488	532
0.5814764905053507	0.6323204967027087	532
0.5814764905053507	0.6323204967027087	532
0.5811605598336358	0.6324468402533494	532
0.5811605598336358	0.6324468402533494	532
0.5808505462562379	0.6325708665934264	532
0.5738248913941602	0.6353947033549318	532
0.5738248913941602	0.6353947033549318	532
0.5738248913941602	0.6353947033549318	532
0.5738248913941602	0.6353947033549318	532
0.5738248913941602	0.6353947033549318	532
0.5738248913941602	0.6353947033549318	532
0.5738248913941602	0.6353947033549318	532
0.5711645382602151	0.6364705768546188	532
0.5711645382602151	0.6364705768546188	532
0.5710290927328135	0.6365254498632451	532
0.5710290927328135	0.6365254498632451	532
0.5710290927328135	0.6365254498632451	532
0.5710290927328135	0.6365254498632451	532
0.5695784790516675	0.6371137304355725	532
0.49893767389918037	0.6671391462186044	531
0.49893767389918037	0.6671391462186044	531
0.4934060704169746	0.669610241855244	532
0.473408733871269	0.6786982980429173	532
0.473408733871269	0.6786982980429173	532
0.473408733871269	0.6786982980429173	532
0.3871863753713723	0.7208836662141263	532
0.3871863753713723	0.7208836662141263	532
0.37899575535361923	0.72516539381484	532
0.356104495711241	0.7374063010354718	532
0.356104495711241	0.7374063010354718	532
0.3463037370664858	0.7427744367544722	532
0.3304685570285029	0.751614906430725	532
0.3304685570285029	0.751614906430725	532
0.3304685570285029	0.751614906430725	532
0.3304685570285029	0.751614906430725	532
0.30807917904311727	0.7644797165348335	532
0.29188269265416666	0.7740640893218446	532
0.29077496329774627	0.7747283828973118	532
0.29077496329774627	0.7747283828973118	532
