7.6724199494637  	0.11530806923871804	371
7.462417234349434	0.11816954568736494	427
7.065317742407947	0.12398767561777972	388
7.065317742407947	0.12398767561777972	388
6.999085463074787	0.12501429127319358	361
7.065317742407947	0.12398767561777972	388
7.065317742407947	0.12398767561777972	388
4.481987990989854	0.18241557654697366	529
4.256428130079449	0.19024325554411894	507
4.256428130079449	0.19024325554411894	507
2.9535879026217273	0.2529348087434388	529
2.5875096805166136	0.27874489243357153	554
2.275054529667257	0.3053384274800454	564
1.8897169027474816	0.3460546599043045	576
1.8897169027474816	0.3460546599043045	576
1.8302743010693154	0.3533226442476571	592
1.7778389048904977	0.3599920781005189	599
1.4253200009811917	0.41231672504883404	605
1.4190250102211843	0.413389690381318	605
1.6417892948699317	0.37853132418315555	609
1.469128964639943	0.40500112157803936	606
1.2896839005380314	0.43674150819028745	608
1.1684306161775035	0.46116301464272536	606
1.1677550136619423	0.46130674070531674	606
1.1677550136619423	0.46130674070531674	606
1.1242154669562245	0.47076203688173596	606
1.122606311357786	0.47111892330157135	606
1.1068693528533677	0.47463787854034883	614
1.1068693528533677	0.47463787854034883	614
1.0777383489516061	0.4812925556793925	614
1.0706646297598057	0.48293672747768845	614
1.0529902911133144	0.4870943639279029	613
0.9144166524148878	0.5223523305329473	613
0.9144166524148878	0.5223523305329473	613
0.9113258881664732	0.5231970153238994	614
0.9081714124252495	0.5240619335812285	614
0.9060302176884715	0.5246506538667288	614
0.8895751677924897	0.5292194864987867	613
0.8895751677924897	0.5292194864987867	613
0.8820545220080052	0.5313342351703383	613
0.8651346040518891	0.5361543332194695	614
0.8651346040518891	0.5361543332194695	614
0.862303991519227	0.5369692620291394	614
0.8603633063114223	0.5375294151456464	614
0.8540339276368205	0.5393644555763956	614
0.8540339276368205	0.5393644555763956	614
0.8404504181679479	0.5433452540359315	613
0.8332695383700317	0.5454735264346914	613
0.8332695383700317	0.5454735264346914	613
0.8319027116045791	0.5458805173797092	613
0.8270414365054712	0.5473329613764375	613
0.8016556910059612	0.5550450094277705	614
0.7987186183925005	0.5559513254461621	614
0.7982909192800566	0.5560835509308742	614
0.7956619417820177	0.5568976970172896	614
0.7929176124800101	0.5577501124643279	614
0.7915550237187877	0.5581743160331566	614
0.7905158765943686	0.5584982591173886	614
0.7905832402988948	0.558477247800596	614
0.786635764323192	0.5597111733508912	614
0.7880440725649793	0.559270330828861	614
0.7837634833762188	0.5606124406736087	614
0.7818143590458948	0.5612256938682817	614
0.7739542619635172	0.5637123918252216	614
0.7739542619635172	0.5637123918252216	614
0.7725834473965906	0.5641483347194227	614
0.7725834473965906	0.5641483347194227	614
0.7707602182905043	0.5647291991715299	614
0.7715410121080851	0.5644802988839798	614
0.7693002319025074	0.5651952008872525	614
0.7664293656887861	0.5661137769921917	614
0.7652821936426779	0.5664816671245574	614
0.764373575214178	0.5667733942788219	614
0.7625651410666824	0.5673549173875143	614
0.7619408847999624	0.5675559314315659	614
0.7604353098361405	0.5680413216053244	614
0.7601074563866511	0.5681471300922238	614
0.7602701733444004	0.5680946113516564	614
0.7595211227485273	0.5683364564773805	614
0.7593267104765441	0.5683992598106652	614
0.7593267104765441	0.5683992598106652	614
0.7590658222550699	0.5684835594827429	614
0.7581761157100098	0.5687712346133009	614
0.7578352852003424	0.5688815149060049	614
0.757669971619335	0.5689350197401982	614
0.7574941752336497	0.568991928446679	614
0.7560862659932831	0.5694481070577571	614
0.7560862659932831	0.5694481070577571	614
0.7555485454892785	0.5696225277104462	614
0.7560862659932831	0.5694481070577571	614
0.7560862659932831	0.5694481070577571	614
0.7560862659932831	0.5694481070577571	614
0.7559986957362239	0.5694765049815358	614
0.7559986957362239	0.5694765049815358	614
0.7520872477826963	0.570747833057698	614
0.7507587323216113	0.5711809294670431	614
0.7488566870734592	0.5718021421603174	614
0.7486107705874486	0.5718825577541469	614
0.7483707967020462	0.5719610519040361	614
0.7472038889215284	0.5723430484219307	614
0.7472038889215284	0.5723430484219307	614
