4.0368170206190594	0.19853808385461125	509
6.095924554031078	0.1409259628376286	472
2.704451446710575	0.26994550053772887	533
5.062690075447288	0.1649432821990695	442
6.203300704761098	0.13882524706195307	411
6.407969983290052	0.13498974783316775	404
6.339850408284952	0.13624255868637827	406
6.627197437815581	0.13110975665085164	391
6.612919884684926	0.13135564476538383	384
6.4802241502380395	0.13368583346104373	403
6.523438594220766	0.13291794536186735	389
6.522766766494778	0.13292981572336432	396
5.48136159087673	0.15428856822424725	408
5.48136159087673	0.15428856822424725	408
5.216829626360296	0.16085369233215738	425
4.376231907073902	0.18600388102384996	442
2.9526964517503385	0.252991853082262	517
2.9526964517503385	0.252991853082262	517
3.10215875397449	0.24377408578620277	515
2.956998487760985	0.2527168011544621	516
2.2022786525157665	0.31227763368262235	531
2.1592859826283095	0.3165272170669616	532
2.138630701306879	0.31861027790992263	530
2.138630701306879	0.31861027790992263	530
2.138630701306879	0.31861027790992263	530
2.1179160511193866	0.32072704447606354	534
2.0331361705981843	0.3296917592073631	543
2.0331361705981843	0.3296917592073631	543
2.012368902904834	0.3319646538097302	538
1.9525820731724015	0.33868660555997687	543
1.9566227280754038	0.3382237410624737	546
1.8436893077074252	0.3516558568088429	550
1.9566227280754038	0.3382237410624737	546
1.9566227280754038	0.3382237410624737	546
1.9566227280754038	0.3382237410624737	546
1.9566227280754038	0.3382237410624737	546
1.9566227280754038	0.3382237410624737	546
1.9088254975875094	0.3437813649630648	549
1.9088254975875094	0.3437813649630648	549
1.9088254975875094	0.3437813649630648	549
1.9160904148411528	0.3429248952332202	541
1.9160904148411528	0.3429248952332202	541
1.9160904148411528	0.3429248952332202	541
1.9160904148411528	0.3429248952332202	541
1.9257257562263521	0.3417955349614914	548
1.9244080712149279	0.3419495418040465	553
1.919985582907642	0.3424674443098542	536
1.9257257562263521	0.3417955349614914	548
1.9257257562263521	0.3417955349614914	548
1.915929342673458	0.3429438379611606	544
1.9063643653384297	0.3440724817321918	546
1.9063643653384297	0.3440724817321918	546
1.916590900492352	0.3428660494796131	538
1.8924026237013263	0.345733333183168	556
1.8924026237013263	0.345733333183168	556
1.8708675435915179	0.34832676353607667	559
1.869631899451022	0.3484767506910228	560
1.0323194492892471	0.4920486296333606	613
1.0323194492892471	0.4920486296333606	613
0.9227891774108957	0.5200778180718365	609
0.9227891774108957	0.5200778180718365	609
0.8645146343965295	0.5363326098664069	607
0.7591800325990031	0.5684466521158754	614
0.7121038210622632	0.5840767292835997	614
0.7044381753041979	0.5867035921215071	614
0.6624583467862163	0.6015188301909347	614
0.6624583467862163	0.6015188301909347	614
0.661136160284415	0.6019976109777677	614
0.6595890921458997	0.602558792855748	614
0.6390397124431195	0.6101133440564538	614
0.6154872297120297	0.6190082976875378	614
0.6096478423254513	0.6212539002042237	614
0.5980871118727401	0.6257481163390001	614
0.5980871118727401	0.6257481163390001	614
0.5980871118727401	0.6257481163390001	614
0.5980871118727401	0.6257481163390001	614
0.5980871118727401	0.6257481163390001	614
0.5980871118727401	0.6257481163390001	614
0.5974438197580444	0.6260001056885145	614
0.5974438197580444	0.6260001056885145	614
0.5974438197580444	0.6260001056885145	614
0.5974438197580444	0.6260001056885145	614
0.5974438197580444	0.6260001056885145	614
0.5974438197580444	0.6260001056885145	614
0.5974438197580444	0.6260001056885145	614
0.5974438197580444	0.6260001056885145	614
0.5974438197580444	0.6260001056885145	614
0.5973961565657075	0.6260187843132987	614
0.5974438197580444	0.6260001056885145	614
0.5974438197580444	0.6260001056885145	614
0.5974438197580444	0.6260001056885145	614
0.5974438197580444	0.6260001056885145	614
0.5974438197580444	0.6260001056885145	614
0.5974438197580444	0.6260001056885145	614
0.5974438197580444	0.6260001056885145	614
0.5974438197580444	0.6260001056885145	614
0.5974438197580444	0.6260001056885145	614
0.5974438197580444	0.6260001056885145	614
0.5974438197580444	0.6260001056885145	614
0.5974438197580444	0.6260001056885145	614
0.5973961565657075	0.6260187843132987	614
