2.702778870477014	0.2700674371816252	531
7.574854298057587	0.11662005734914052	359
7.065890296741016	0.12397887439704518	389
7.065890296741016	0.12397887439704518	389
7.574854298057587	0.11662005734914052	359
7.5740451118998555	0.11663106351191307	359
7.573520977436344	0.1166381936466691	359
6.68302297118274	0.13015710141057382	520
6.68302297118274	0.13015710141057382	520
6.669773783179683	0.13038194192807429	380
7.570635755833318	0.11667745876604116	359
7.571325468693856	0.11666807002632525	359
7.57070893024899	0.11667646260517082	359
7.567339123393432	0.11672235516736622	359
7.567339123393432	0.11672235516736622	359
7.570257838176772	0.11668260382382369	359
7.567400281254992	0.11672152195199119	359
7.5649525808340305	0.11675487874126943	359
7.56558808630185	0.11674621636303141	359
7.56558808630185	0.11674621636303141	359
7.564623317413248	0.11675936733456103	359
7.5642205831626175	0.1167648579680461	359
7.562395819803812	0.11678974215220442	359
7.565251178140851	0.11675080849375127	359
7.532490444383754	0.11719907646169342	356
7.5604814426953295	0.11681585979644886	359
7.5604814426953295	0.11681585979644886	359
7.559596856088873	0.11682793206418939	358
7.557427210025191	0.11685755256305082	360
7.554681742652873	0.11689505583990227	359
7.537678708837949	0.11712785572087997	360
7.537678708837949	0.11712785572087997	360
7.537678708837949	0.11712785572087997	360
7.537678708837949	0.11712785572087997	360
7.537678708837949	0.11712785572087997	360
7.537678708837949	0.11712785572087997	360
7.537678708837949	0.11712785572087997	360
7.537678708837949	0.11712785572087997	360
7.537678708837949	0.11712785572087997	360
7.537678708837949	0.11712785572087997	360
7.537678708837949	0.11712785572087997	360
7.537678708837949	0.11712785572087997	360
7.537678708837949	0.11712785572087997	360
7.537678708837949	0.11712785572087997	360
7.537678708837949	0.11712785572087997	360
7.537678708837949	0.11712785572087997	360
7.537678708837949	0.11712785572087997	360
7.537678708837949	0.11712785572087997	360
7.537678708837949	0.11712785572087997	360
7.537678708837949	0.11712785572087997	360
7.537678708837949	0.11712785572087997	360
7.537678708837949	0.11712785572087997	360
7.537678708837949	0.11712785572087997	360
7.537678708837949	0.11712785572087997	360
7.537678708837949	0.11712785572087997	360
7.537678708837949	0.11712785572087997	360
7.537678708837949	0.11712785572087997	360
7.537678708837949	0.11712785572087997	360
7.537678708837949	0.11712785572087997	360
7.537678708837949	0.11712785572087997	360
7.537678708837949	0.11712785572087997	360
7.537678708837949	0.11712785572087997	360
7.537678708837949	0.11712785572087997	360
7.537678708837949	0.11712785572087997	360
7.537678708837949	0.11712785572087997	360
7.537678708837949	0.11712785572087997	360
7.537678708837949	0.11712785572087997	360
7.537678708837949	0.11712785572087997	360
7.537678708837949	0.11712785572087997	360
7.537678708837949	0.11712785572087997	360
7.537678708837949	0.11712785572087997	360
7.537678708837949	0.11712785572087997	360
7.537678708837949	0.11712785572087997	360
7.537678708837949	0.11712785572087997	360
7.537678708837949	0.11712785572087997	360
7.537678708837949	0.11712785572087997	360
7.537678708837949	0.11712785572087997	360
7.537678708837949	0.11712785572087997	360
7.537678708837949	0.11712785572087997	360
7.537678708837949	0.11712785572087997	360
7.537678708837949	0.11712785572087997	360
7.537678708837949	0.11712785572087997	360
7.537678708837949	0.11712785572087997	360
7.537678708837949	0.11712785572087997	360
7.537678708837949	0.11712785572087997	360
7.537678708837949	0.11712785572087997	360
7.537678708837949	0.11712785572087997	360
7.537678708837949	0.11712785572087997	360
7.537678708837949	0.11712785572087997	360
7.537678708837949	0.11712785572087997	360
7.537678708837949	0.11712785572087997	360
7.537678708837949	0.11712785572087997	360
7.537678708837949	0.11712785572087997	360
7.537678708837949	0.11712785572087997	360
7.537678708837949	0.11712785572087997	360
7.537678708837949	0.11712785572087997	360
7.537678708837949	0.11712785572087997	360
7.537678708837949	0.11712785572087997	360
7.537678708837949	0.11712785572087997	360
7.537678708837949	0.11712785572087997	360
2.702778870477014	0.2700674371816252	531
