0.11771580744028425	0.8946818085092052	614
0.11771580744028425	0.8946818085092052	614
0.11771580744028425	0.8946818085092052	614
0.11771580744028425	0.8946818085092052	614
0.271930266765191	0.7862066232162461	614
0.24719939407509403	0.8017964126270173	613
0.21022881772884044	0.8262900249529973	614
0.5269307380066951	0.6549085528957472	613
0.3266540223114409	0.7537760284009023	614
0.2276824938684144	0.8145428520765258	613
0.4384622394691552	0.6951868269889632	609
0.24672816100228084	0.8020994722667297	613
0.25289825020650475	0.7981494106446221	613
0.31041707424717974	0.7631158198808491	614
0.4768134207601972	0.6771336080391556	613
0.617971849392109	0.6180577247840943	613
0.242494235795067	0.8048327076222644	613
0.21062069393356175	0.8260225560417188	614
0.3245127885749208	0.754994597731236	613
0.39145804339825	0.7186706093974473	611
0.617971849392109	0.6180577247840943	613
0.617971849392109	0.6180577247840943	613
0.617971849392109	0.6180577247840943	613
0.3060689077939945	0.7656563861466101	614
0.617971849392109	0.6180577247840943	613
0.2134470964353832	0.8240985560372558	614
0.5810215472271719	0.6325024486565795	601
0.4136621238442124	0.7073826080030149	611
0.6657896727088191	0.6003158840418628	612
0.29124323303196875	0.7744474274238011	612
0.48372913848077453	0.673977462641142	613
0.40191485333291965	0.7133100827219249	609
0.3913533917963175	0.7187246647014259	613
0.44994713715673035	0.6896803161810072	609
0.3881243518312983	0.7203965543005849	613
0.384459992479627	0.7223032846250452	612
0.5153080307433647	0.6599318288502899	610
0.11771580744028425	0.8946818085092052	614
0.30524782097109576	0.7661380344278274	614
0.11771580744028425	0.8946818085092052	614
0.3198861800409057	0.7576410868769065	614
0.11771580744028425	0.8946818085092052	614
0.11771580744028425	0.8946818085092052	614
0.37239600879233337	0.7286526582658671	608
0.36619654178580935	0.7319591064788238	611
0.11771580744028425	0.8946818085092052	614
0.617971849392109	0.6180577247840943	613
0.3115163719096503	0.7624761851382282	614
0.3078526051769717	0.7646121558665132	614
0.300229407590234	0.7690950490447215	614
0.39833426672590894	0.7151365905817515	604
0.11771580744028425	0.8946818085092052	614
0.11771580744028425	0.8946818085092052	614
0.11771580744028425	0.8946818085092052	614
0.11771580744028425	0.8946818085092052	614
0.38649474011072943	0.7212432698591681	611
0.5269307380066951	0.6549085528957472	613
0.5269307380066951	0.6549085528957472	613
0.4418590865873449	0.6935490501827358	609
0.4420806470164893	0.6934424937113559	607
0.23846509056201268	0.807451100253623	613
0.5227667504012148	0.6566993925606285	611
0.5269307380066951	0.6549085528957472	613
0.3304946836239226	0.7516001471544849	614
0.5269307380066951	0.6549085528957472	613
0.30723532617779514	0.7649732071760058	614
0.35138874104871143	0.7399795259682089	609
0.3436835376227353	0.7442228560522627	612
0.364282067880608	0.7329862522883447	613
0.23895322454134615	0.8071329733777437	614
0.3444532610244802	0.7437967752318849	612
0.5269307380066951	0.6549085528957472	613
0.11771580744028425	0.8946818085092052	614
0.4227531834800461	0.7028625988057927	608
0.11771580744028425	0.8946818085092052	614
0.6176891741913759	0.6181657242652092	613
0.11771580744028425	0.8946818085092052	614
0.11771580744028425	0.8946818085092052	614
0.4003119144068692	0.7141266097300689	610
0.348248118175251	0.7417032417990111	613
0.373564067343571	0.7280330228308666	612
0.5269307380066951	0.6549085528957472	613
0.5269307380066951	0.6549085528957472	613
0.29152766456281726	0.7742768718303068	614
0.28877614824001263	0.7759299404831684	614
0.3609312656819091	0.7347909664629091	613
0.5569490960088813	0.6422817563935923	606
0.2335551274296413	0.810665026445717	613
0.24821178314942394	0.8011460983622918	613
0.30843894324009935	0.7642695176312093	614
0.5269307380066951	0.6549085528957472	613
0.4039172206648125	0.7122927087727144	611
0.49425253721855655	0.6692309198694271	604
0.3302038624715774	0.7517644687498922	614
0.4808787822062575	0.6752747166180408	608
0.349720526881575	0.7408941185109059	612
0.8298821601215686	0.5464832773349542	608
0.617971849392109	0.6180577247840943	613
0.617971849392109	0.6180577247840943	613
0.617971849392109	0.6180577247840943	613
0.11771580744028425	0.8946818085092052	614
