0.11771580744028425	0.8946818085092052	614
0.1708095695539267	0.8541098621025071	613
0.33389193380346704	0.7496859188199709	613
0.4270147484254574	0.7007636053540317	607
0.5269307380066951	0.6549085528957472	613
0.6164044309027276	0.6186570519616315	613
0.3754621839890539	0.7270283484638194	612
0.617971849392109	0.6180577247840943	613
0.6133534404211215	0.6198269857961053	606
0.617971849392109	0.6180577247840943	613
0.42845416858841473	0.7000574621082809	611
0.5738657316800769	0.6353782154799925	613
0.617971849392109	0.6180577247840943	613
0.5445016123579528	0.64745804860205	609
0.3994364952814751	0.7145733324604097	611
0.6346571923360289	0.6117490594899206	612
0.5984755347340192	0.6255960621670675	608
0.302130772274255	0.7679720203934938	614
0.29334095847945135	0.7731913177602254	614
0.2893201573404131	0.7756025486042057	614
0.3033318852211409	0.7672642796046738	614
0.3383956303644127	0.7471632283555232	614
0.3383956303644127	0.7471632283555232	614
0.4025192792482889	0.7130026765378741	609
0.3925787956607979	0.7180922207891914	610
0.617971849392109	0.6180577247840943	613
0.5310898881209469	0.6531295175799672	608
0.5989694244871724	0.6254028280251349	612
0.3016284187325489	0.7682684133262415	614
0.11771580744028425	0.8946818085092052	614
0.34467341491102926	0.74367499863613	613
0.617971849392109	0.6180577247840943	613
0.6210627886173345	0.6168792516993975	613
0.44226895938996147	0.6933519531772848	609
0.32158178545017946	0.7566690242022087	613
0.617971849392109	0.6180577247840943	613
0.3356376689231436	0.7487060475063186	612
0.4247186214111506	0.7018929808115538	613
0.11771580744028425	0.8946818085092052	614
0.617971849392109	0.6180577247840943	613
0.6208381845395102	0.6169647343816161	613
0.617971849392109	0.6180577247840943	613
0.617971849392109	0.6180577247840943	613
0.512407321498705	0.6611975397005219	613
0.617971849392109	0.6180577247840943	613
0.617971849392109	0.6180577247840943	613
0.5903889089536587	0.6287770207464005	612
0.6499610722592689	0.6060749049253106	612
0.24772262722456614	0.8014601788735689	613
0.6173916346504427	0.618279443627841	613
0.417675227572567	0.705380174916552	611
0.586006659696714	0.6305143763968974	605
0.617971849392109	0.6180577247840943	613
0.44092883921270554	0.6939967976117265	608
0.5396375369528401	0.6495035201461384	606
0.6711689555343655	0.5983835426623542	612
0.3688046099860513	0.7305644594594041	614
0.29969530923583526	0.7694111018896859	614
0.29580350716665826	0.7717219427709004	614
0.4237597037908752	0.7023657133555748	612
0.33990241654274456	0.7463230065516482	612
0.26803718926118214	0.7886204036197446	612
0.11771580744028425	0.8946818085092052	614
0.617971849392109	0.6180577247840943	613
0.617971849392109	0.6180577247840943	613
0.4415491894908252	0.6936981459184294	613
0.45322042316843136	0.6881268554014107	613
0.45348945349218533	0.6879994881265759	611
0.2998169887062646	0.7693390751842081	614
0.2936847731515365	0.7729858314432403	614
0.617971849392109	0.6180577247840943	613
0.46883877982208655	0.6808099117053031	613
0.604202228098598	0.6233628045668925	608
0.617971849392109	0.6180577247840943	613
0.5269307380066951	0.6549085528957472	613
0.6096974395969235	0.6212347584092606	609
0.5496207420301071	0.6453191886744707	607
0.6087002837116741	0.6216198319383334	608
0.617971849392109	0.6180577247840943	613
0.5042717922798959	0.6647734838425612	611
0.47190841106439185	0.6793900982445387	611
0.5967142894977528	0.6262861218048912	611
0.2942751392620897	0.7726332444043806	614
0.42392413290529196	0.702284606947182	611
0.611814758216257	0.6204186894942366	612
0.3709560182964948	0.7294180022219585	613
0.31287033917529244	0.761689841076135	612
0.3384095130741625	0.7471554783730748	613
0.27612528376314344	0.7836221198056021	613
0.35881383739686923	0.7359359851057579	611
0.37288302297778764	0.728394177262821	610
0.4691682541688926	0.6806572338889116	611
0.617971849392109	0.6180577247840943	613
0.38783085534984346	0.7205489027320412	612
0.39295113172606466	0.7179002746211618	613
0.41442547281478076	0.7070008418400071	612
0.5107174179450238	0.6619371618553688	607
0.6011902163955494	0.6245354173166927	611
0.3570797936005141	0.7368763463398613	611
0.4667588081239405	0.6817753501538888	613
0.11771580744028425	0.8946818085092052	614
