0.11754191141335128	0.8948210262067966	614
0.11771580744028425	0.8946818085092052	614
0.3107664906278187	0.7629123929778135	613
0.617971849392109	0.6180577247840943	613
0.617971849392109	0.6180577247840943	613
0.25381427281787866	0.7975662916586161	612
0.32213152721517974	0.7563544015218449	613
0.11771580744028425	0.8946818085092052	614
0.11771580744028425	0.8946818085092052	614
0.3013423717880359	0.7684372857436483	614
0.3091985841397159	0.7638260628406556	611
0.31821457320751995	0.7586018394310188	613
0.3107576431387739	0.7629175425636843	613
0.2965649644489189	0.7712687195932613	614
0.3354525228325786	0.7488098475256442	613
0.3414091462614407	0.7454847037438493	612
0.33053713043485916	0.7515761695978903	613
0.3167633295541699	0.7594379168643619	612
0.32900038874922055	0.7524452276053456	613
0.11982226818982046	0.8929988520557716	614
0.40481338387708077	0.711838320645939	613
0.2245562526409908	0.8166223461301251	613
0.38619438156879776	0.7213995477807881	612
0.5483281311770611	0.6458579288614912	613
0.30862180537088596	0.7641627213422313	613
0.3634384879124749	0.7334397619441373	612
0.28275951557781304	0.779569348623818	613
0.33344420766924077	0.7499376383717802	614
0.3113566640196843	0.7625690458114677	613
0.43363814071996054	0.6975260852768669	609
0.3719135528042934	0.7289089009696899	613
0.37852304954829885	0.7254140584211998	612
0.29388167660570297	0.7728681981364357	614
0.4198231446021755	0.704313071527083	611
0.11771580744028425	0.8946818085092052	614
0.2332951174888269	0.8108359352270439	613
0.4793256699265612	0.6759836730539824	610
0.11771580744028425	0.8946818085092052	614
0.321006453760123	0.7569985726819065	612
0.2598151006307209	0.7937672754512582	613
0.11771580744028425	0.8946818085092052	614
0.29820123570604706	0.7702966015558708	614
0.5309013199282764	0.6532099665619535	610
0.617971849392109	0.6180577247840943	613
0.11771580744028425	0.8946818085092052	614
0.4452933877748746	0.6919010413100738	612
0.304274222565513	0.7667099316223513	613
0.5469519549455983	0.6464324873199873	607
0.3464050623833207	0.7427185383794261	614
0.40744962895375963	0.7105050009806454	612
0.3264901558010259	0.7538691452980525	613
0.3107664906278187	0.7629123929778135	613
0.300927317630956	0.7686824516999479	614
0.30913579805468516	0.7638626958990453	613
0.30613257199086547	0.7656190661226338	613
0.34899512892036444	0.7412925210488533	613
0.3058847741982568	0.7657643459500064	613
0.3121604487938006	0.762101922001419	613
0.38156462439387834	0.7238170276969281	610
0.5842824570210612	0.6312005763671131	609
0.3391715596922745	0.746730314545948	613
0.29852157752315217	0.7701065714344437	614
0.3225501664317228	0.7561149855646141	614
0.3264901558010259	0.7538691452980525	613
0.11771580744028425	0.8946818085092052	614
0.11630169839389162	0.8958151738358692	614
0.11771580744028425	0.8946818085092052	614
0.2056407815611166	0.8294344512012576	614
0.11771580744028425	0.8946818085092052	614
0.2930105897875007	0.7733888708245958	614
0.11771580744028425	0.8946818085092052	614
0.23942892703992552	0.8068231894411702	613
0.21888885381095788	0.8204193490435296	614
0.20299203436821397	0.8312606995150877	614
0.377582508157325	0.7259093332548299	614
0.2939808627345106	0.7728089562984306	614
0.344769338382214	0.7436219517043875	613
0.3265254937720728	0.7538490626037095	613
0.2935028635973956	0.7730945389783469	614
0.3631777324442475	0.7335800579774354	614
0.31821457320751995	0.7586018394310188	613
0.3046137054990024	0.7665104205060528	613
0.3103263065159903	0.763168681745303	614
0.3082777545801613	0.7643636808002666	613
0.3256905017224016	0.7543238777835033	612
0.34974908889402856	0.7408784404658426	613
0.3015799379507336	0.7682970295120293	614
0.2835282594763345	0.7791024409606604	614
0.6111537576262791	0.6206732257964659	613
0.3944146029585849	0.717146821238289	613
0.34075646439582463	0.7458476065976849	613
0.29376234901933496	0.7729394820911235	614
0.5991629929398259	0.6253271270126425	611
0.37276661024531205	0.7284559462160148	613
0.11771580744028425	0.8946818085092052	614
0.2937504209439146	0.7729466084118485	614
0.3070708180528053	0.7650694868161309	613
0.3514628590984884	0.7399389433957981	612
0.3083858132278922	0.7643005525510248	613
0.33485828789953076	0.7491431930003238	613
0.11630169839389162	0.8958151738358692	614
