0.1654997240624784	0.8580010611365819	690
0.1654997240624784	0.8580010611365819	690
0.1654997240624784	0.8580010611365819	690
0.1654997240624784	0.8580010611365819	690
0.1654997240624784	0.8580010611365819	690
0.1654997240624784	0.8580010611365819	690
0.31824700612206513	0.7585831755019389	688
0.1654997240624784	0.8580010611365819	690
0.36764017114826963	0.731186478063452	691
0.37603429096066454	0.7267260754830899	691
0.3141269993711378	0.7609614599491068	688
0.5447188033272443	0.6473670145310925	688
0.38177082669781925	0.7237090121448128	690
0.429256395111207	0.6996645272468363	690
0.32549393220290235	0.7544357433142314	688
0.36781259332349814	0.7310943069841238	691
0.37344194863721863	0.7280977554182309	691
0.387728171019005	0.7206022194286815	689
0.3837332644788492	0.7226826337636876	690
0.173083880644289	0.8524539604540242	690
0.47165025711677017	0.6795092754980938	690
0.1654997240624784	0.8580010611365819	690
0.1654997240624784	0.8580010611365819	690
0.1654997240624784	0.8580010611365819	690
0.1654997240624784	0.8580010611365819	690
0.3661806180517742	0.7319676379438308	691
0.40274838913197863	0.7128862223244473	690
0.40252217356232706	0.7130012051503304	689
0.46287734526255875	0.6835843095379394	690
0.6393528385988613	0.6099968087740588	687
0.37862635580639054	0.7253597001016834	690
0.4552985254986908	0.6871442404968613	686
0.3928580239783813	0.7179482637747442	690
0.6050440776932289	0.6230358492317551	688
0.5334199910506304	0.6521370569290968	683
0.365426532635822	0.7323718824106912	691
0.4304294896777632	0.699090732689853	688
0.1654997240624784	0.8580010611365819	690
0.1654997240624784	0.8580010611365819	690
0.1654997240624784	0.8580010611365819	690
0.3657585494260194	0.732193842330524	691
0.3660642312482325	0.7320300005851529	691
0.37201016624071825	0.7288575730746814	691
0.38343643176364783	0.7228376939048575	690
0.37765942745907616	0.7258688033256357	691
0.36653809423273503	0.7317761606649292	691
0.21764607997250393	0.821256698845186	688
0.36579420219862124	0.7321747290991756	691
0.38819291520237514	0.720360973643362	690
0.3691390306760021	0.730386014564392	691
0.36753397247868397	0.7312432598566302	691
0.38729421588411017	0.7208276287396679	690
0.43134533703399375	0.698643418975452	687
0.3857189174750802	0.7216470724251214	690
0.37596429482180527	0.7267630444796572	690
0.41958040554567944	0.7044335045013566	690
0.3662549444526467	0.7319278177621695	691
0.3728554137886784	0.7284088258357034	691
0.3686778040692467	0.7306321451453933	691
0.36598038151105555	0.7320749357276962	691
0.37269150510860316	0.7284958027921089	691
0.6102904920457424	0.6210059644142727	689
0.5117036282651196	0.6615053250534515	688
0.519636787734592	0.6580519819415245	686
0.38138879418186483	0.7239091588203128	690
0.39829371134289615	0.7151573320312068	689
0.4979545583914004	0.6675769931725192	689
0.43593808154296937	0.6964088583300628	688
0.37318749520046834	0.7282326728834743	691
0.3633581088070599	0.7334830031377458	691
0.49511114724051525	0.6688465950144723	690
0.3691390306760021	0.730386014564392	691
0.4365108883051882	0.696131166245326	690
0.42434118216352046	0.7020789769492151	689
0.3646052059278023	0.7328126813938795	687
0.37603429096066454	0.7267260754830899	691
0.5880836675070581	0.6296897452322395	684
0.5177548853624476	0.658867917108496	685
0.388383470649315	0.7202621041954086	690
0.37318472921886864	0.7282341397496072	691
0.5027995837939979	0.6654247251488984	690
0.38729421588411017	0.7208276287396679	690
0.3660593710429643	0.7320326050225153	691
0.36693053871003284	0.7315660684146367	691
0.5079952995254163	0.6631320404743382	690
0.4586906893729187	0.6855462966106224	690
0.1654997240624784	0.8580010611365819	690
0.1654997240624784	0.8580010611365819	690
0.6901831080892288	0.5916518720451013	690
0.4957397502224815	0.6685655040265237	685
0.36599530708345285	0.7320669366976874	691
0.3987704902944741	0.7149135665490601	689
0.39235889156688686	0.7182056336600494	691
0.4041483134695986	0.7121754806150334	690
0.31296078843015085	0.7616373686191008	688
0.38134705675180464	0.7239310317506082	690
0.3808872167451067	0.7241721031766105	687
0.44330323926998827	0.6928550929503854	687
0.39680128918925905	0.7159214469084767	690
0.4109768819084842	0.7087288337760731	690
0.1654997240624784	0.8580010611365819	690
