8.738585688776475	0.10268431494652042	377
2.319432381646386	0.3012563248852853	620
1.0571468607095207	0.48611016505408594	661
0.3649858184997792	0.7326083439453417	689
6.688088734422608	0.13007133951545138	568
8.719130775887752	0.10288985950069793	367
8.237766461713795	0.10825127525625708	380
8.216680558151207	0.10849893230981111	385
8.2157187481247  	0.10851025593673735	386
5.917549459459894	0.14455986268843787	434
5.99835478719408	0.14289072652187443	419
5.665967215639229	0.15001573929944773	456
5.7011922985537815	0.14922717562004825	440
5.62954315142363	0.15083995641317452	442
5.19223516561866	0.16149257469295272	455
5.046832594286449	0.16537583675540865	467
5.050649498298816	0.16527151346002725	466
4.797142914526227	0.17249876615845433	475
5.0349357176316865	0.16570184783880912	466
4.959835825896544	0.16778985683713343	471
5.003165095134344	0.16657879371175632	465
4.849682022530414	0.17094946291925575	477
4.950357749584623	0.1680571222914802	469
4.9760287174117  	0.16733520658734613	466
4.951647586443255	0.16802070107071088	467
4.911854058090368	0.16915167224595146	471
4.866539200144589	0.17045824904320994	478
4.917917917841558	0.16897834912261336	468
4.86250816647028	0.17057545535191698	473
4.737033590958498	0.17430610857429682	484
4.728478878447292	0.17456641129678926	483
4.731868824528957	0.17446316910125376	483
4.669973904164345	0.17636765475508526	486
4.723746218419524	0.17471075093824237	482
4.694583544106579	0.17560546653756917	489
4.691553847402493	0.17569894387564816	484
4.694583544106579	0.17560546653756917	489
4.691989404303952	0.17568549921119989	485
4.668145763503571	0.17642453841587238	485
4.623933694023814	0.17781148470200397	489
4.659394071914593	0.1766973614653585	485
4.629962037652175	0.17762109110366636	488
4.6381835583556965	0.1773620865035542	488
4.643855777015796	0.17718383309375646	487
4.643855777015796	0.17718383309375646	487
4.647987360312131	0.1770542205931452	491
4.680364217621664	0.1760450495230206	487
4.5060858770204195	0.18161721817189366	496
4.5060858770204195	0.18161721817189366	496
4.494956503428955	0.18198506200658393	498
4.5060858770204195	0.18161721817189366	496
4.488188317959083	0.18220949101321554	499
4.488188317959083	0.18220949101321554	499
4.484953018401236	0.1823169672821522	498
4.502521242471633	0.18173487314895273	495
4.498471015843315	0.1818687408042338	498
4.298945463191656	0.1887167941142917	510
4.23257910063123	0.19111034554248124	513
4.157195333413055	0.19390384411485836	520
4.157195333413055	0.19390384411485836	520
4.172660187410833	0.19332412410035935	516
4.1361031560834585	0.19470013931000388	519
4.1361031560834585	0.19470013931000388	519
4.119356676358994	0.19533704393326687	520
4.145384445043521	0.1943489375149191	519
4.086273767457162	0.19660758459329672	517
4.089196412356419	0.1964946759712456	518
4.157957927110238	0.19387517582181077	519
4.150002007911502	0.1941746815756162	514
4.145005961483188	0.1943632344619719	513
4.096030525123657	0.19623116366159024	517
4.130516698703408	0.19491214213428473	513
4.060588650896384	0.1976054702298061	518
4.120764502044553	0.19528334091535215	515
4.098933837924456	0.19611943041156513	517
4.007919473018683	0.19968372203022228	523
3.810857156263766	0.20786316606760893	535
3.8171661923254705	0.20759092795950504	534
3.8171661923254705	0.20759092795950504	534
3.8003802154793616	0.20831683223245287	535
3.7814402754201892	0.2091420037474212	538
3.8364158623205173	0.20676468452408864	533
3.7936603326492824	0.20860885640750776	535
3.7827855470516654	0.20908317760900805	536
3.7936603326492824	0.20860885640750776	535
3.7936603326492824	0.20860885640750776	535
3.8042190482295486	0.20815037573453696	535
3.79543606329003	0.2085316093890166	536
3.7578346837850156	0.21017964398974595	538
3.780048823998933	0.20920288407502324	536
3.780048823998933	0.20920288407502324	536
3.8095740255204618	0.20791862121132157	534
3.7905353789383787	0.20874493577409048	536
3.79359546918506	0.20861167915155884	535
3.7975323030688237	0.20844049332619038	536
3.815952499260991	0.20764324402149942	535
3.781545365539976	0.209137407166913	536
3.8114276066353927	0.2078385214859951	534
3.78022379809396	0.20919522646591032	533
3.777105177359345	0.2093317946482336	537
0.3649858184997792	0.7326083439453417	689
