8.718720584093807	0.10289420210687557	369
5.463289599875829	0.15471997417835212	468
5.463289599875829	0.15471997417835212	468
5.463289599875829	0.15471997417835212	468
5.463289599875829	0.15471997417835212	468
7.062642934363829	0.12402880893284945	581
8.331625944728161	0.10716246085334606	378
6.861110569275842	0.1272084893333486	402
6.42835790898456	0.1346192539794704	395
6.196957960444845	0.13894759501112744	399
6.25235423598965	0.13788625975238797	401
6.216630128397011	0.13856883090974267	400
6.122433729006983	0.14040144675932578	410
6.141314585886388	0.1400302406473358	407
6.109983717793702	0.14064729817838595	402
6.057489613991899	0.1416934426679764	410
5.967004668685507	0.14353370602644852	405
6.046799076770168	0.14190840253931863	408
6.011896562670761	0.1426147677824714	405
5.945551024307751	0.14397705761576604	409
5.8910834181011635	0.14511506236787797	411
5.784857775480468	0.1473870246203039	449
5.72579971492339	0.1486812040776612	445
5.67647072979877	0.14977973250698878	421
5.492947661772685	0.15401325439407332	459
5.395627565718247	0.15635682186376612	447
5.403084915764497	0.1561747209595775	476
5.3485201225818795	0.15751702454922833	479
5.293023229772887	0.15890613517345775	470
5.264906267821716	0.15961930749647052	466
5.2799729264633894	0.15923635526931434	468
5.171040676156189	0.16204722225601645	481
5.16112072241603	0.16230813273333472	480
5.142992985240831	0.16278709782065556	494
5.130948821714581	0.1631068908059063	478
5.113629598980744	0.16356895422102752	483
5.110768516646449	0.1636455377545202	488
5.119118121965962	0.16342224158253674	483
5.121344327475554	0.16336280831508143	482
5.119084198545577	0.16342314757454823	481
5.108278652476738	0.1637122431529098	484
5.108278652476738	0.1637122431529098	484
5.09576604223455	0.16404829074336091	485
5.092925889924911	0.1641247601014763	480
5.092925889924911	0.1641247601014763	480
5.084818302292837	0.16434344467166542	484
5.088169755267831	0.16425297588569093	485
5.066732149996269	0.16483338563094713	483
5.066732149996269	0.16483338563094713	483
5.063217763994737	0.16492892700280526	485
5.062339016020828	0.16495283377543207	482
5.062339016020828	0.16495283377543207	482
5.052619427989239	0.1652177229871222	484
5.052619427989239	0.1652177229871222	484
5.016046682941241	0.1662221144053857	485
5.016046682941241	0.1662221144053857	485
5.016046682941241	0.1662221144053857	485
4.907902428624563	0.16926481303328042	505
3.790630448609825	0.2087407932478253	572
3.5604447092968834	0.21927686086433823	591
3.5225035416372164	0.22111646586748376	588
3.4438099526620034	0.22503212573277662	597
2.788092133623647	0.2639851314924094	616
2.7955621662140864	0.26346558328076547	613
2.71715303223642	0.26902309141637665	645
2.6892007393483977	0.27106142241981235	618
2.3289168850320605	0.3003980076812188	651
2.035094168188938	0.32947906871591637	653
1.9539490829504875	0.3385298703257173	656
1.942873669319456	0.3398039169759032	656
1.9184821303965225	0.3426438659962376	656
1.8717915379176653	0.3482146899579973	664
1.8533136567875956	0.3504697065536953	662
1.711458403525771	0.3688052151932987	664
1.6768028444367966	0.3735799975251452	665
1.6916257619526742	0.37152267381871734	663
1.6553950132869057	0.37659180460769875	666
1.6318147404644892	0.37996595452744897	667
1.6306849845673075	0.38012913209541094	667
1.6306849845673075	0.38012913209541094	667
1.5482931699592053	0.3924195268380399	679
1.5519835251911074	0.39185205943879053	679
1.5516838554584058	0.3918980785416897	679
1.305938336112921	0.4336629407383383	678
1.2639492899420244	0.44170600659770437	672
1.2457808577286693	0.44527942099006795	673
1.2457808577286693	0.44527942099006795	673
1.2407188550253991	0.44628535068432973	673
1.235024114187248	0.4474224656692992	673
1.212727871159554	0.4519308555895587	674
1.212727871159554	0.4519308555895587	674
1.2077940231623034	0.45294080403735476	679
1.1723129461864104	0.46033882998098563	675
1.1895704782839673	0.45671057858970143	673
1.186640387032676	0.4573225693306728	675
1.171364124533646	0.46053998438183397	674
1.1569895289512917	0.46360911194881443	680
1.1569895289512917	0.46360911194881443	680
1.1509717718883354	0.46490614756980336	677
1.1470722116705068	0.465750520436367	674
1.1470722116705068	0.465750520436367	674
