0.5883861095898346	0.629569847005416	687
0.44381895534519056	0.6926076128159145	688
0.45644727861904477	0.6866022647576828	686
0.4648117449744566	0.6826815824155192	688
0.52048215459539	0.6576861142221734	687
0.6270290807829715	0.6146171643833018	687
0.46475642205391127	0.682707366865666	688
0.5200323000063606	0.6578807568732687	683
0.4681575822224237	0.6811257947435383	688
0.7888751759776154	0.5590104963324245	687
0.5121502827367027	0.6613099315698909	687
0.48571193017303965	0.673077990215459	687
0.7888751759776154	0.5590104963324245	687
0.4807463735479424	0.6753350998280346	687
0.47479398072040996	0.678060809219955	687
0.47049759832931365	0.6800419131157621	688
0.613902709719475	0.619616036318458	682
0.4647710535999798	0.6827005473260083	688
0.4322466602678708	0.6982037575936617	688
0.49713814489473956	0.6679410336380867	687
0.47026695981732136	0.6801485902425833	688
0.4919659144844419	0.6702565992236869	687
0.48113278828186695	0.6751589107415634	687
0.5074439356900879	0.663374588151574	687
0.5155958088615713	0.6598065223940826	687
0.5227203111744814	0.6567194202779729	687
0.48054169651994666	0.675428461319615	687
0.4659790097728059	0.6821380069793617	688
0.4651848617581981	0.6825077340752866	688
0.46472412391282597	0.6827224210171579	688
0.46449050625622085	0.6828313298912191	688
0.4827991445869911	0.6744001732470202	687
0.43893365837394743	0.6949590720742748	688
0.5810541939448373	0.6324893883016953	683
0.7193570570660713	0.581612758030848	681
0.6561256196144246	0.6038189302528982	684
0.4681575822224237	0.6811257947435383	688
0.5137837645225308	0.6605963304907121	686
0.4774577640404168	0.6768382990964772	687
0.46482593149836865	0.6826749707913085	688
0.47017033370060285	0.6801932926254026	688
0.46796699089197175	0.6812142277071068	688
0.5484540618791123	0.6458054033494924	687
0.49095647210584864	0.6707103920931947	687
0.4652301980012648	0.6824866163447286	688
0.611791036391413	0.6204278206180298	683
0.5847492485688882	0.6310146547809078	687
0.4652591304740176	0.6824731402127456	688
0.47220206894787714	0.6792545813460643	687
0.4975411542643512	0.6677612813193357	686
0.4827441829190822	0.6744251715972323	687
0.5225457847709587	0.6567946987225958	687
0.46771969485883486	0.6813290054652975	688
0.5304573100751566	0.6533994730966346	686
0.4669912571392985	0.6816673208741862	688
0.4775439213379126	0.6767988318712734	687
0.5559951997227787	0.6426755045119441	687
0.541922373455425	0.6485410791199656	686
0.46475305414767704	0.6827089366144988	688
0.48054169651994666	0.675428461319615	687
0.46477457408735084	0.6826989065010667	688
0.464690260027814	0.6827382056742907	688
0.4528649528180781	0.6882952183961285	688
0.4357902944304318	0.6964805402843965	688
0.4640873374852297	0.6830193625727525	688
0.4647476474606634	0.6827114566346184	688
0.5455062817850823	0.6470371630227121	687
0.4875213470327809	0.672259260006413	687
0.4951924489943847	0.6688102261836366	688
0.4988744788411829	0.6671672739221798	687
0.4775439213379126	0.6767988318712734	687
0.46474505039682784	0.6827126671150592	688
0.1957053493665728	0.8363264415683612	688
0.4789991951511316	0.6761328899153424	687
0.44597059503833636	0.691576995708884	688
0.46578389101391954	0.6822288102158599	688
0.46475305414767704	0.6827089366144988	688
0.46474505039682784	0.6827126671150592	688
0.4328358677769922	0.6979166438312814	688
0.5889795628830942	0.6293347147810818	687
0.533014612448066	0.6523095030406156	687
0.5026062885423823	0.6655103253760901	688
0.6333855123306563	0.6122253396095777	687
0.5341595509176313	0.6518226865008057	685
0.4919424304629397	0.6702671494433647	687
0.4647476474606634	0.6827114566346184	688
0.5170745540243903	0.6591633861020668	687
0.48388742019052305	0.6739055715369603	687
0.46723162456643835	0.6815556475587121	688
0.47532582193655365	0.6778163746143697	687
0.6088825144041924	0.6215494239306366	685
0.4807846445702452	0.6753176457270874	687
0.6243980710119476	0.6156126492917049	685
0.4852757614672262	0.6732756474879468	687
0.5089730353552162	0.6627023654962777	687
0.4992207005894262	0.667013201996774	687
0.5545340590164451	0.6432795693345572	685
0.4660831075046254	0.6820895724677362	688
0.5584242896918362	0.6416737769133081	687
0.5200564394293321	0.6578703093257678	686
0.1957053493665728	0.8363264415683612	688
