156.94834147574352	0.006331183921634101	2
149.7737000978089	0.006632456451962688	2
125.68815278579106	0.007893397906675903	3
119.12171566005776	0.008324889421576208	5
118.98540034298108	0.008334347321769787	4
113.87378185887997	0.008705206565136674	6
111.6377345091054	0.008878019469746722	8
101.52471330100235	0.009753745880411287	7
107.34634209605244	0.009229660924902001	6
103.61960188438289	0.009558438208406862	6
102.27672456541919	0.00968272381030601	8
100.20433479912947	0.0098809996823239	6
103.61960188438289	0.009558438208406862	6
103.61960188438289	0.009558438208406862	6
92.99327253155522	0.010639059297188341	9
92.24024538659705	0.010724982499281865	6
92.99327253155522	0.010639059297188341	9
90.90551521205276	0.010880739830386774	8
90.90551521205276	0.010880739830386774	8
87.92766105618794	0.011245095037056707	9
87.92766105618794	0.011245095037056707	9
87.92766105618794	0.011245095037056707	9
87.92766105618794	0.011245095037056707	9
87.92766105618794	0.011245095037056707	9
87.92766105618794	0.011245095037056707	9
87.92766105618794	0.011245095037056707	9
87.92766105618794	0.011245095037056707	9
87.92766105618794	0.011245095037056707	9
87.92766105618794	0.011245095037056707	9
87.92766105618794	0.011245095037056707	9
87.92766105618794	0.011245095037056707	9
87.92766105618794	0.011245095037056707	9
87.92766105618794	0.011245095037056707	9
87.92766105618794	0.011245095037056707	9
87.92766105618794	0.011245095037056707	9
87.92766105618794	0.011245095037056707	9
87.92766105618794	0.011245095037056707	9
87.92766105618794	0.011245095037056707	9
87.92766105618794	0.011245095037056707	9
87.92766105618794	0.011245095037056707	9
87.92766105618794	0.011245095037056707	9
87.92766105618794	0.011245095037056707	9
87.92766105618794	0.011245095037056707	9
87.92766105618794	0.011245095037056707	9
87.92766105618794	0.011245095037056707	9
87.92766105618794	0.011245095037056707	9
87.92766105618794	0.011245095037056707	9
87.92766105618794	0.011245095037056707	9
87.92766105618794	0.011245095037056707	9
87.92766105618794	0.011245095037056707	9
87.92766105618794	0.011245095037056707	9
87.92766105618794	0.011245095037056707	9
