293.9192334153213	0.0033907588474968863	2
165.0            	0.006024096385542169	3
107.18008596346814	0.009243845492392147	6
117.5668679390915	0.008434059340369065	4
106.82554072845403	0.009274240530064974	6
94.46445686868074	0.01047510280580743	5
93.9976135427416	0.01052658022351348	3
93.9976135427416	0.01052658022351348	3
93.72833420244424	0.010556503589125684	6
99.2018682909092	0.009979853839618726	5
101.83875667400366	0.009723960424472803	9
103.19150245883662	0.009597711678983363	4
88.96445962002659	0.011115500545699876	7
91.32326585911343	0.010831505912345147	5
97.35255288396313	0.01016750425563234	5
97.35255288396313	0.01016750425563234	5
89.59973896168789	0.011037559395429077	7
85.40289670625322	0.011573686046658054	6
88.51590794714151	0.011171198761570878	6
89.33413119722562	0.0110700129258642	6
89.33413119722562	0.0110700129258642	6
70.44007202929029	0.013997746245132591	8
77.99200173298111	0.012659509546046551	4
77.99200173298111	0.012659509546046551	4
71.97283813844243	0.013703729024528585	6
71.97283813844243	0.013703729024528585	6
70.83588478046798	0.013920619242820238	7
64.76055509529427	0.015206684288946318	10
64.76055509529427	0.015206684288946318	10
64.76055509529427	0.015206684288946318	10
66.86874390317712	0.014734323084373266	7
62.29025173168679	0.015800221560808576	10
62.435964370151666	0.01576392839501825	15
52.98187681178956	0.018524735690212266	10
52.98187681178956	0.018524735690212266	10
46.75606381185532	0.02093974922095134	12
46.75606381185532	0.02093974922095134	12
46.75606381185532	0.02093974922095134	12
46.75606381185532	0.02093974922095134	12
46.75606381185532	0.02093974922095134	12
42.79527564619953	0.02283351309576192	13
40.94011555945118	0.023843520378060822	18
40.94011555945118	0.023843520378060822	18
40.94011555945118	0.023843520378060822	18
40.94011555945118	0.023843520378060822	18
40.94011555945118	0.023843520378060822	18
40.94011555945118	0.023843520378060822	18
38.688699414358524	0.025196088931002395	17
38.688699414358524	0.025196088931002395	17
40.94011555945118	0.023843520378060822	18
40.94011555945118	0.023843520378060822	18
38.688699414358524	0.025196088931002395	17
