517.0021555818532	0.0019304938970316366	0
183.82482894846598	0.00541052847547245	2
165.0            	0.006024096385542169	3
103.59153742747412	0.009561002970182173	3
108.72055542873956	0.009114062502622602	5
108.72055542873956	0.009114062502622602	5
117.32574962300507	0.008451245846200653	6
108.18548582693039	0.009158726477483437	3
108.18548582693039	0.009158726477483437	3
105.60452348916706	0.00938046498656896	5
105.60452348916706	0.00938046498656896	5
105.60452348916706	0.00938046498656896	5
99.17367997489768	0.009982662114944644	9
107.83490562116641	0.009188228668850135	4
106.37798121269785	0.009312896263333235	4
104.51986772437934	0.00947688830137682	6
95.90414439401118	0.010319476078690824	10
86.33222532658442	0.011450526953371865	8
94.51004923332545	0.01047010244500093	6
89.82342387599276	0.011010375488215091	7
85.24854210831768	0.011594398879741313	9
82.67270111916415	0.011951329246271495	5
74.4564023314559	0.013252685910034765	8
70.1583553643638	0.014053163467305223	5
68.06014921773173	0.014480130890641664	8
68.06014921773173	0.014480130890641664	8
68.88797525727021	0.014308613124343924	8
68.88797525727021	0.014308613124343924	8
72.7606903723152	0.013557356838071744	9
53.86946588556957	0.018225072612981195	11
53.86946588556957	0.018225072612981195	11
63.8626117838326	0.015417202183172898	8
61.751392098778666	0.01593590144463844	9
61.751392098778666	0.01593590144463844	9
61.403552933500336	0.01602472860905274	6
60.6672606658643	0.016216060016324783	7
56.63121077372997	0.01735170902319182	12
56.63121077372997	0.01735170902319182	12
55.63736261414299	0.017656189374720084	16
51.87025461401444	0.01891422705074183	10
51.87025461401444	0.01891422705074183	10
51.87025461401444	0.01891422705074183	10
51.87025461401444	0.01891422705074183	10
51.4947968938472	0.019049506982990305	14
51.4947968938472	0.019049506982990305	14
51.4947968938472	0.019049506982990305	14
51.87025461401444	0.01891422705074183	10
51.87025461401444	0.01891422705074183	10
51.145693055862196	0.019177039203002413	14
51.145693055862196	0.019177039203002413	14
51.145693055862196	0.019177039203002413	14
51.145693055862196	0.019177039203002413	14
