216.0835142638506	0.004606522072351227	0
157.69449857553477	0.0063014156695799005	3
123.33536739622225	0.008042763864711784	3
106.84936191088278	0.009272192086090524	6
102.45504373507111	0.009666034287905882	4
91.4463917248014	0.010817079837759869	4
85.25069132554661	0.011594109967485092	8
85.25069132554661	0.011594109967485092	8
64.05489259871041	0.015371634016344884	12
64.05489259871041	0.015371634016344884	12
64.05489259871041	0.015371634016344884	12
64.05489259871041	0.015371634016344884	12
64.05489259871041	0.015371634016344884	12
58.773137951115395	0.01672992307711594	13
58.773137951115395	0.01672992307711594	13
58.773137951115395	0.01672992307711594	13
58.773137951115395	0.01672992307711594	13
52.02923065636353	0.018857524192272993	14
58.773137951115395	0.01672992307711594	13
57.709565449995864	0.01703299951779954	11
56.20567085123007	0.017480784424338196	9
57.856534483885504	0.016990466883057696	10
52.65777101624609	0.01863662953306852	11
49.391794343325  	0.019844500737300336	15
49.391794343325  	0.019844500737300336	15
48.85911059680596	0.02005651500859426	12
48.85911059680596	0.02005651500859426	12
48.271561737584406	0.020295683041789983	13
48.271561737584406	0.020295683041789983	13
44.391627331491094	0.022030494582119458	12
44.391627331491094	0.022030494582119458	12
43.24110013015665	0.0226034162138377	13
43.24110013015665	0.0226034162138377	13
41.319202769554266	0.023629934747245066	17
41.319202769554266	0.023629934747245066	17
41.319202769554266	0.023629934747245066	17
41.319202769554266	0.023629934747245066	17
41.319202769554266	0.023629934747245066	17
41.319202769554266	0.023629934747245066	17
41.319202769554266	0.023629934747245066	17
41.319202769554266	0.023629934747245066	17
41.319202769554266	0.023629934747245066	17
41.319202769554266	0.023629934747245066	17
41.319202769554266	0.023629934747245066	17
41.319202769554266	0.023629934747245066	17
41.319202769554266	0.023629934747245066	17
41.319202769554266	0.023629934747245066	17
41.319202769554266	0.023629934747245066	17
41.319202769554266	0.023629934747245066	17
41.319202769554266	0.023629934747245066	17
41.319202769554266	0.023629934747245066	17
41.319202769554266	0.023629934747245066	17
