144.82820454057543	0.006857384023553267	3
144.29450406931767	0.006882572788320445	1
125.8043712271624	0.007886163468359936	3
113.67495850146102	0.008720299645778895	2
112.59626393586097	0.008803106416991167	4
102.95071762970628	0.009619943207724689	5
100.70903153207895	0.009831968557134484	6
94.76490964579789	0.01044223822377803	5
89.95030997142341	0.010995014753816673	8
92.63428751705416	0.01067984844566542	6
74.95337317159498	0.01316597220429941	7
87.20965132711441	0.011336627964797475	7
92.2485260076798	0.010724030103356718	7
85.61720914663053	0.011545049879258326	9
77.57586763884473	0.012726553712346671	5
72.09212156942245	0.013681365084610469	11
63.15166490535818	0.0155880599743636	10
56.721619671799616	0.01732453118408523	8
56.63862756966298	0.01734947624822232	10
54.27456159505964	0.018091504864859546	12
52.087550519273336	0.018836808069284564	12
51.95082631340565	0.018885446547730802	12
56.07313012365208	0.01752137998798112	12
53.32893278982242	0.018406398739114063	13
53.32893278982242	0.018406398739114063	13
50.87405383832771	0.019277460040362973	12
50.3311609830766	0.01948134390199533	13
52.38604480810905	0.01873148691937009	11
52.38604480810905	0.01873148691937009	11
48.07928170167746	0.02037519632170618	13
49.47965483902004	0.01980996112570513	12
47.291805634632695	0.020707446881688876	11
47.291805634632695	0.020707446881688876	11
47.291805634632695	0.020707446881688876	11
47.291805634632695	0.020707446881688876	11
47.291805634632695	0.020707446881688876	11
47.291805634632695	0.020707446881688876	11
47.291805634632695	0.020707446881688876	11
47.291805634632695	0.020707446881688876	11
47.291805634632695	0.020707446881688876	11
46.079413879702024	0.021240706236386332	13
44.65078663081515	0.021905427568798586	14
46.50586180185162	0.021050033870999543	14
46.829433159761294	0.02090762808456814	16
47.291805634632695	0.020707446881688876	11
47.291805634632695	0.020707446881688876	11
47.291805634632695	0.020707446881688876	11
46.483940226233585	0.02105975189159907	14
47.291805634632695	0.020707446881688876	11
47.291805634632695	0.020707446881688876	11
47.291805634632695	0.020707446881688876	11
44.65078663081515	0.021905427568798586	14
