0.804475729730775
0.7974205451435561
0.8055071155433174
0.8140344188263239
0.8123315060935982
0.8173761964670628
0.816753921487516
0.7967727832802022
0.7710455853940122
0.7594162481212139
0.7571211034016503
0.7595414311031615
0.7634941165830939
0.784580618008654
0.7990038673598545
0.7874705515969155
0.7798747090347707
0.7786439175827046
0.7706387575085286
0.7697260897990967
0.7900604209004307
0.8198229675438841
0.8443165899576427
0.8663561322423377
0.8846994764933639
0.6996828910877864
0.5148024543389454
0.3415743723753923
0.17237201850472558
