0.05147291571427825
0.06535813504477053
0.07333027001967006
0.07405896000453686
0.07413584010262778
0.08030964849167488
0.0888633982244065
0.09426172007281754
0.10159541549295528
0.10212689121044455
0.08429404444154796
0.07711410921759206
0.08878317524802218
0.0966516890670827
0.10851128419888331
0.13306612808776389
0.14373575244929226
0.1465870024258228
0.14379591953393556
0.1378326957442801
0.12263717167108888
0.11020933211347031
0.11233189210513402
0.10301268387606677
0.09510740134867755
0.10531908760623396
0.10693691293815648
0.1041424875616957
0.1280020674926047
0.15126331965223394
0.16124770829695112
0.1792844544992323
0.1750894735562477
0.15808559524662344
0.14282321892278185
0.11780375176392228
0.10176588889944464
0.10345390916345103
0.11547394965744052
0.1189536109475724
0.14985942160113658
0.17614239675006588
0.20018916310091187
0.22122757679447194
0.24423144760208035
0.2596542694849708
0.26339799748999043
0.26577793883367495
0.2768252787165108
0.2778280628699861
0.27923196072422357
0.28261802890281695
0.2874882177151722
0.269083784035884
0.25988490977924344
0.24124983580568257
0.22345710042654812
0.21386379783201248
0.2184398365840182
0.23706488290699843
0.2685021692780519
0.30411103821577534
0.3301332895281103
0.3549789407959069
0.36174439179022666
0.3659928544549875
0.35818785040200385
0.34960401712695055
0.34102018385189725
0.33079512706546677
0.31838734320272927
0.30952941556220753
0.2977968397657006
0.2947884871084147
0.3122101923291086
0.32954833208884465
0.35060680147728585
0.36110261014461115
0.3639003782025054
0.3455026296892244
0.3220742468045392
0.30341911693923723
0.28898905155924154
0.3012363898629303
0.3268140736001673
0.3523148772393133
0.3789354565197879
0.41804404224566444
0.4224262094117261
0.42352927203960683
0.4225565712315933
0.4190568542465803
0.4090423822564014
0.42219891179888686
0.4352819037278549
0.46420888693535656
0.5117642589504121
0.5605931668029779
0.5997151230577283
0.6396760756191919
0.6474175701029588
0.6190421183078275
0.596225433920156
0.5618299341290193
0.49824672709692674
0.4418000014144542
0.4067694047499894
0.370819589393007
0.33258008312244514
0.32292995612469966
0.33298119682320726
0.34937671931725134
0.3414279827186664
0.3579003853108015
0.3890769476484006
0.4121978099438621
0.39941565343811064
0.403847959841375
0.38278280528692676
0.3467360541369724
0.30469933833647445
0.27643419286318915
0.24230610207465408
0.22448328335005793
0.2370147438666556
0.2515584580530709
0.26893002383970216
0.3009355546365737
0.3444864748100151
0.3502825676777547
0.35917726402660516
0.38224798708486396
0.38694436000615623
0.37951372859618654
0.40829363677351344
0.436264632186449
0.47140219249132653
0.509451169660518
0.5405508520968861
0.5332138139953148
0.5275347126154283
0.5137230308984534
0.49559269158463376
0.45644399427213506
0.41514265342565093
0.3692986998540565
0.3267305081392094
0.3230135211919377
0.3181667305590372
0.3188519664727083
0.34305583589802946
0.35728534452607413
0.337570606104087
0.3329243724199975
0.35231821992074686
0.3430959472877917
0.3292007001098589
0.3323661556447601
0.3539293596929424
0.35105805402153084
0.34487421778504324
0.3437577846282883
0.3191862279228201
0.2912720569130942
0.26047320989994255
0.24236961144701105
0.2479350642173378
0.28513835991380926
0.3128920855613463
0.35442072421752946
0.3827092680671293
0.3927638514470703
0.3797711101450673
0.36646750557240715
0.34860123277661526
0.3507839598529223
0.3513421764312998
0.35578785336343816
0.3670190369847775
0.38453433531701
0.3895282009800852
0.3814491025616331
0.37282515789681764
0.3601031684757094
0.342975613315365
0.3439449714419451
0.3682992581851548
0.39185466040513356
0.4146880578062526
0.43736435232975635
0.4417899733701538
0.43872479630965805
0.429903637574325
0.41811758005604177
0.41352817077516196
0.42697550769656345
0.4437353751830409
0.47080720740148024
0.495064558351718
0.5095113369420212
0.5151169009052503
0.5307636779164064
0.5534967968431199
0.5737630666774773
0.5962722304759253
0.6201485236171418
0.6223880750966586
0.6294042222769921
0.6471668741138049
0.672022553229042
0.6815256051966129
0.6964470349043356
0.7092793308441497
0.7237327944036
0.7348670422319674
0.7579377654870861
0.7876703185806856
0.8094875612994553
0.8180881075879562
0.8247198540809751
0.8214708330851161
0.8063488464285824
0.7848625224784908
0.7658263348041677
0.7560725866505833
0.7558686870203387
0.7645461136037905
0.7708603116601455
0.7909962194777758
0.8033271232424223
0.815587832074985
0.8302385099018129
0.8609303934714119
0.8840412279194328
0.8992802058669598
0.9122996882267109
0.9209202902100929
0.9169425792293671
0.8976991494402259
0.8809025132454198
0.8687420828872626
0.853937644667393
0.8412524239546135
0.8549504568651688
0.8771487575898194
0.8857292481834392
0.8920568167686681
0.8982506808525963
0.8980768647646735
