0.8260004940830794
0.8193397717370514
0.8265281249084383
0.8337638065957258
0.8321860836698227
0.8364533498539067
0.8358636828597533
0.8179109987912915
0.7939361263528623
0.7829734599733862
0.780602341115142
0.782955145483419
0.7872881066156695
0.8080600228109719
0.8211659209853628
0.8100196385504166
0.803103771648071
0.8018924446844211
0.7935145554290649
0.7922746438547882
0.8120641398235316
0.840002406643333
0.8626438549177176
0.8822718541606946
0.8987478591137822
0.7267017381961595
0.5444500301050624
0.3639734346491223
6.748592268464881E-4
