0.8864146238415068
0.8791346262062091
0.8872136145420328
0.89571139165417
0.8938697753890272
0.8988363792167234
0.8980873872225117
0.8777570323151407
0.8514044294519164
0.8393541502570466
0.8368812821023467
0.83926010216802
0.8432102320903541
0.8646637782872298
0.8792049387907894
0.8673803081837566
0.8595298735369669
0.8581634123482574
0.8498739125797657
0.8488314737004593
0.8694559937978215
0.8994122195143691
0.9237904865703597
0.9455149761087163
0.9634302369853412
0.77568716411092
0.5765212107405039
0.38182698137331667
0.18722222593805263
