0.053345518882840275
0.06738322558879205
0.07522289928446979
0.07674612177191607
0.07677431224385617
0.08282327923696402
0.09208304281410362
0.09774439186033627
0.10501784111775254
0.10582288666408174
0.08746564321075266
0.07984191005323084
0.09201847308010803
0.10029690707404658
0.11241256566685309
0.13786048307144774
0.14907540105239117
0.15186595810625816
0.14897258275872927
0.14296241732606874
0.12714540723041898
0.11424300839967104
0.1165456028510048
0.10685229638733705
0.09861741784720834
0.1092720012789776
0.11093757439315918
0.10798974122696234
0.1327619936921068
0.15684607139078913
0.16709233080125185
0.1843693672476687
0.1814900722504235
0.16384318135707543
0.14809100711148565
0.12222212817549312
0.1055643434992336
0.1073219408320162
0.11980974147517631
0.1233804407945609
0.15536542371936798
0.1825856075167544
0.20537838591717641
0.22903808751355456
0.2527811199323589
0.2686038120169936
0.27240883287234885
0.27491710535868724
0.28624274356220253
0.2872213057605994
0.2887155734402598
0.29219385041461304
0.29713144923981666
0.278297630339334
0.26887146023818226
0.24967070303412905
0.23137691562442406
0.221515685243758
0.22619679862168068
0.24538247164292865
0.2777258119355514
0.3141812655518816
0.34076646082525763
0.36613347606749536
0.37298168643122354
0.37728396093558286
0.3693959798330755
0.3606381156789281
0.3518680274560737
0.341481013952028
0.3288042477009788
0.3197218345832579
0.30774809492261607
0.3046705566363584
0.32246619101622387
0.34019972992614855
0.36167929096678875
0.37232502507281656
0.37518722356757206
0.35648338035671323
0.332555008311807
0.31349137336598143
0.29873715999059786
0.31125676845800393
0.33739889277029184
0.3634221086158555
0.39046051221091294
0.4300417908516111
0.415567603548316
0.4165336054731603
0.4156818148305364
0.43109418793692134
0.4209695837416369
0.43423679891265654
0.4267687843368827
0.4515032123498192
0.49067165169191074
0.5288161161663533
0.5577607726594878
0.5857625183330234
0.5909988820987097
0.5715052235589684
0.5552394404694599
0.5297536466821802
0.47973416555562964
0.4323996604600535
0.41866176390429305
0.3822412800720471
0.3432967311094895
0.3334412774183085
0.34371752179562376
0.3604210232636656
0.35231326190352624
0.36910428780900423
0.40076128773658204
0.4241479620333147
0.41123617345554164
0.4157226329389187
0.39436631110817627
0.3577343733666868
0.31482140468831354
0.28585238059921764
0.25079989310089296
0.23245917782639458
0.2453520106641324
0.26031275668913745
0.27816500434230906
0.3109611617334102
0.35543712374903413
0.3613531209262189
0.37039636832889183
0.3938290441768559
0.39860578243186345
0.3910615704341047
0.4202077011978174
0.4276198492686033
0.4575497612060865
0.48881137397107416
0.5134233488613179
0.5076955479336893
0.5032284030857097
0.4922432888511876
0.47756808804637985
0.4449290083910577
0.4271385066208324
0.3806957736661101
0.3373296023758173
0.3335369547382613
0.3285929974582243
0.3292850347234461
0.35398255584484356
0.36848123882188094
0.34839278082169306
0.34365131934917476
0.36342536330596437
0.35402699322574527
0.3398513024268962
0.3430898762130751
0.36506224400009973
0.3621325672445846
0.3558419540313476
0.3547044559818829
0.3296256435901122
0.30107328087319385
0.26948031324145744
0.25086505047169466
0.2565919331767282
0.29479051406139417
0.32319479399858825
0.3655601535422426
0.3943114630497533
0.40449718518990085
0.3913229951929548
0.37781908150403887
0.3596354419297914
0.36185624870119465
0.3624317910683766
0.36695321708232326
0.37837139171991024
0.3961616386231241
0.4012227161609551
0.39302435311321027
0.3842767802006979
0.3713460638205743
0.3539020068048573
0.35489476132715836
0.37967972961568036
0.4035756305301801
0.426682439255616
0.4285713492345483
0.43239102271254387
0.4297471401542252
0.4220979689822945
0.4301442922406173
0.4255085463007184
0.419545735528509
0.4340652438558735
0.45705123762372696
0.477136332693784
0.4888598224323228
0.49335960838817056
0.5057718704849664
0.5234088685270374
0.5387248864250699
0.5552733309346113
0.5722806994495342
0.5738466032699323
0.5787193605476912
0.5908302827297137
0.6813219142418279
0.6904915209290944
0.7048461150368598
0.7171373632542126
0.7309509901492861
0.7415646096554104
0.7634393849823679
0.7914538406085856
0.8118800747972537
0.8198869683360525
0.8260517614417178
0.8230421767368451
0.8089439268497359
0.7888158615783372
0.7709014119107174
0.7616801296562429
0.7614804184725681
0.7696916753368441
0.7756484929228592
0.7945721613998235
0.8061234595330329
0.8175656123009832
0.8311751792379496
0.8595283974106358
0.880711329215637
0.8945849066597943
0.9063980878062489
0.9141985659499942
0.9105959262686414
0.8931495612358652
0.8778443762169201
0.8667012866873405
0.8530881133387094
0.8413874147326293
0.8540248640126537
0.8744010445878914
0.8822519604182858
0.888018594214887
0.8936490402698508
0.8934995547844126
