-0.10594840013746394
-0.055538007259327574
0.04726731896919599
-0.08594182470066457
-0.003963056034017181
0.10161003812208043
-0.005539623104014316
-0.031325294755713544
0.12861405708463347
0.06320241320188903
0.05825562275390796
0.1473552427762895
0.1378228526203099
0.06422249910535263
0.17802256303143665
0.16689346050301412
-0.059407786553543056
0.18590152075969868
0.21392046849314394
0.056055115983112885
0.20179753957307475
0.2218192460901174
0.1524061955189295
0.19438396847502393
0.21109023053224638
0.18144598209027593
0.198848692733269
0.23227331111026703
0.21757247815632896
0.20950700222764768
0.31797540351596176
0.26355397672839487
0.19681389200224667
0.3218485593694497
0.28014026073136206
0.21303262640133316
0.23675170646867857
0.23697048046174565
0.21802836924280475
0.2677920309514734
0.32305411742264956
0.2525497527159759
0.009020573808903788
0.06304485317846116
0.11645721487214103
0.14953236632392491
0.15727814817171257
0.162109246610442
0.1841047687932898
0.1860855673235477
0.18878144274159647
0.1952864081647572
0.20454771998005208
0.16880709769170746
0.15001625374588734
0.10984961394483501
0.0684635655710025
0.0447580922340897
0.056197354153338146
0.10039728454128165
0.16763556559933332
0.234911046951166
0.2792506012143163
0.3183600441694007
0.32861558869863927
0.33494287481379365
0.32323877392669786
0.3101855002484904
0.29679172026667944
0.28031167755146946
0.2596835243425535
0.24447205297970054
0.2235822664350324
0.21809806984805039
0.2491329126463285
0.27830230246780885
0.3117308678217672
0.32770921681163734
0.3318605088136991
0.3038155225185459
0.2659366575353819
0.23370664802899146
0.20737175436156735
0.2298101643829009
0.27383030772446476
0.31437057496100934
0.35374364886839843
0.4068036830405621
0.41237262830647253
0.4138219357200403
0.41261110222367536
0.40806751920124174
0.39502519417681053
0.4121603110811535
0.4285976532555579
0.46333619584131247
0.5160681926318138
0.565227920560801
0.6016064893933775
0.636551341621637
0.643005198227532
0.6187300996397775
0.5985676656811619
0.5664668595412304
0.5015453493579102
0.43667818488645277
0.3920622785951301
0.34205272561739436
0.2832924716357297
0.26739198371130296
0.2839294456122101
0.3099048397395329
0.2974839288644567
0.32291445513150235
0.36803516532288183
0.3992379413933061
0.3821979892138444
0.38815776776431815
0.3592479759548501
0.30580974818020157
0.23599378312088648
0.18341193779812315
0.11222116634422445
0.0709439076079835
0.10029328234951183
0.13246716256281443
0.16853788944279582
0.22929040532700917
0.30230605714196757
0.31130194885121165
0.32486370719240926
0.3584981326735302
0.36507149202154965
0.35461284919000047
0.3941093133015001
0.4298757503769444
0.47172706104206297
0.5136809861352698
0.5456523439886525
0.5382711548644961
0.5325251077108056
0.5181702167272808
0.49874981298580223
0.45433503480221354
0.4030912069600725
0.3398686401274859
0.2737242162884851
0.26754131253276164
0.2593653984759513
0.26053737743923044
0.30006478698812183
0.3220065859489819
0.2913559848305417
0.2838712878241414
0.3144464202122298
0.3001259016561751
0.2777958849242862
0.28295665439079487
0.3169186649123512
0.31252589555766197
0.3029162000623485
0.30116473525814097
0.261107132037863
0.21166112484026128
0.15128245268328186
0.11236538427545996
0.12463069853987124
0.2001610800083844
0.2503473065705517
0.3176748033048269
0.3591477571419581
0.37317192222290907
0.3549987405100097
0.3357227659429492
0.3087315648624319
0.3121059067037811
0.31295504756944903
0.3197548336676086
0.3365496842987674
0.3617239364556813
0.36869947416787
0.3573846203123665
0.3450214430327565
0.32626566884180563
0.2999462067068312
0.30146598632662863
0.3384225752913202
0.3719254722992369
0.40251690304662974
0.431268318955991
0.43672431362545927
0.4329597542575078
0.4219738372297833
0.40697155266840285
0.4010088936462297
0.4182829266383437
0.43909631059671866
0.4710928827208145
0.49821413784889723
0.5137670654100238
0.5196868221065966
0.535831493789348
0.5584964586755602
0.5779382516616159
0.5987053202022644
0.61991572950815
0.6218859178868397
0.6279239802544404
0.6429488965404551
0.6633371495860063
0.6709094467479312
0.682588754446573
0.6924859436195534
0.7033763115466114
0.711594066626143
0.7283291190450953
0.7491153098292839
0.7638362786950252
0.7695818927423368
0.7739510634815479
0.7717793209948015
0.7617703145956142
0.7471948156847298
0.7338982593987312
0.7269883926161657
0.726862491171992
0.7330022391506141
0.7374477603515883
0.7514042193347953
0.7597390094390156
0.7679115159311953
0.7775625723354798
0.7971570041992202
0.8114439342545582
0.8207162921024971
0.8284723193389756
0.83351959538599
0.831222039270631
0.819763020144136
0.8095234679399634
0.8020481348218426
0.7927689308681307
0.7846497563067591
0.7933997364026085
0.8072605741771265
0.8124864209020175
0.8163473361565496
0.8201057689934999
0.8199728294749292
