0.8121486690880727
0.8078527420869526
0.8127811444162057
0.8179273245081123
0.8169339000593685
0.8199458842805968
0.8195545092036064
0.807453448049717
0.7912732672073459
0.7837260731373036
0.7822556393396566
0.783837031340085
0.7863803723153784
0.7998645351116513
0.8088277839854129
0.8016502390081315
0.7968960884128669
0.7961275708456296
0.7909970602346279
0.7904240931646886
0.8033008789413874
0.8214021341016351
0.8357349951942026
0.8482254987882569
0.8582879363706813
0.7428393058985251
0.5854091987136895
0.3683673041776991
0.0
