0.8570809565602717
0.8505278914423531
0.8569810216527726
0.8637573956262633
0.8618046631515777
0.8655878062327265
0.8645486122287954
0.8469363437848754
0.824105997455348
0.8134163506754606
0.8109042938446169
0.8125648621687788
0.8156058574284349
0.8336003333821889
0.8456078836748777
0.8352099812528483
0.8282316436989824
0.8267819557220939
0.8194100638837142
0.8182670074154428
0.8356595596184523
0.8608928811232875
0.8813178251979419
0.8994278253007122
0.9143305209394608
0.7546416908041675
0.5765541228671565
0.40273391448566187
0.18720772271668573
