8.717510468396672
6.166356404723864
4.6661401494707135
3.5681926113343208
3.071937403941001
3.153207425971199
2.990412551211057
2.8528625785552433
2.427477650926079
2.2537382326460467
2.11043690008278
1.7865519989376821
1.7512021008433678
1.6872419246844892
1.6544959496934062
1.5633904392628364
1.554390347429673
1.586704822060328
1.477309526710592
1.469109416216487
1.4793144735310029
1.4308894854601766
1.3750291428499326
1.3698066718569921
1.3314876082439537
1.3208323683185663
1.3252255651848266
1.364715023196659
1.293032230928778
1.299191874293712
1.2807360724916417
1.2675994135303132
1.2876837666442016
1.2371458744474089
1.2444954837446531
1.23705322915005
1.228050139131387
1.2026733195881554
1.2029533434219999
1.2009633901861714
1.2201360109459112
1.2561471830809636
1.1604475633229698
1.1821227195824242
1.1479453781466815
1.1428037163131421
1.1420347343654345
1.1233257695633936
1.1214917477686022
1.1086811115987945
1.0965125102276887
1.1232875856150328
1.1228042044547406
1.1234119631837358
1.1202775100354456
1.1206529097198143
1.1177499761749052
1.1087248642960206
1.1054595386617714
1.1050039731076742
1.1017026657197386
1.1023552607960583
1.0008762857543474
1.0026026993059702
1.0974686682552022
1.0830342689701256
1.0189009330024104
1.0004564058378949
1.0599832415262296
0.9969772677093329
0.998363188462722
0.997534664085895
0.9942698569478716
0.9855322822623425
0.9864534124892865
0.9915507523234213
0.9813604070853692
0.9889037088535858
0.987862307982272
0.9692056084454409
0.9697373816463489
0.9598218324217926
0.9628565091624189
0.9616703843553627
0.9582051540209052
0.9590838541109757
0.9596671047060136
0.959302452574527
0.9507005559314143
0.9462336870496797
0.9474072010431582
0.9424027352752347
0.9310170979419292
0.929740560651096
0.932140384451335
0.9277200452139113
0.933684938471526
0.9251087724317539
0.9209125801540633
0.920869626816731
0.8987966728128208
