165.0            	0.006024096385542169	3
133.13626757876813	0.007455105304855566	1
125.58507079164455	0.007899825735737604	3
118.85250725602265	0.008343588489674666	8
113.59246516644036	0.00872657725398913	5
103.96835854115193	0.009526680362520471	7
88.78161719250944	0.01113813753049027	6
103.96835854115193	0.009526680362520471	7
106.93922547639866	0.009264472628800305	4
103.65916768500014	0.009554824695432017	4
93.19779076704484	0.010615960224301255	7
83.29900319234886	0.01186253647291955	9
80.40634272967047	0.01228405510515001	8
82.65738402008535	0.011953517453521013	9
83.29900319234886	0.01186253647291955	9
86.61508645638142	0.011413559472977787	4
87.11343768294026	0.01134900676101542	8
83.75968516687436	0.011798061755788803	9
83.75968516687436	0.011798061755788803	9
78.30399740210422	0.012609704841605708	7
73.54726894045518	0.013414307649536463	10
78.30399740210422	0.012609704841605708	7
75.7457709363938	0.01303003393931362	5
74.31998195527883	0.013276689319890558	8
75.70013411490316	0.013037786850566871	6
69.8528944913411	0.014113749440712114	9
69.8528944913411	0.014113749440712114	9
69.8528944913411	0.014113749440712114	9
69.8528944913411	0.014113749440712114	9
69.8528944913411	0.014113749440712114	9
69.8528944913411	0.014113749440712114	9
60.9222114891669	0.016149294024728863	8
60.9222114891669	0.016149294024728863	8
61.76384037340751	0.01593274079550574	11
63.91217009366103	0.01540543165568354	8
63.91217009366103	0.01540543165568354	8
56.95654050871188	0.01725430799047922	11
60.29132833631506	0.01631552174090345	13
60.29132833631506	0.01631552174090345	13
63.532092848097335	0.015496165642014878	9
50.007228482863226	0.01960506441427155	11
57.302704238332055	0.0171518630750327	10
51.6331539212143	0.01899943145145517	12
51.6331539212143	0.01899943145145517	12
51.6331539212143	0.01899943145145517	12
51.6331539212143	0.01899943145145517	12
51.6331539212143	0.01899943145145517	12
51.6331539212143	0.01899943145145517	12
54.20604509687529	0.018113958321868646	11
54.20604509687529	0.018113958321868646	11
41.9079250403966	0.023305717977705243	16
41.9079250403966	0.023305717977705243	16
