575.0            	0.001736111111111111	0
149.75765316016492	0.006633162423519555	1
144.4877098951981	0.006873432819310641	4
109.60656034741307	0.009041055041030291	3
117.79228063011003	0.008418055404742622	2
108.62656379631656	0.00912187671829225	7
104.55782444131802	0.009473480580834845	3
104.8406609328698	0.009448164733535226	3
94.83573841721729	0.010434520738459149	8
98.79653757896504	0.010020387723459239	4
81.14444891277572	0.012173677141127824	7
84.12344780438181	0.011747644459820905	3
81.69617263813443	0.012092458067870253	9
78.53082334906895	0.012573741323045246	6
78.34137478439726	0.01260376446359048	7
59.323574382574755	0.01657726701766636	8
59.323574382574755	0.01657726701766636	8
59.323574382574755	0.01657726701766636	8
58.11669327362333	0.01691569579799518	7
58.11669327362333	0.01691569579799518	7
59.79642993314608	0.01644833423771158	7
57.8334895911192	0.01699712199547905	12
57.8334895911192	0.01699712199547905	12
49.689146660874506	0.019728089065896057	12
49.689146660874506	0.019728089065896057	12
45.64028498528884	0.021440692318141226	13
49.689146660874506	0.019728089065896057	12
49.689146660874506	0.019728089065896057	12
49.689146660874506	0.019728089065896057	12
49.689146660874506	0.019728089065896057	12
49.689146660874506	0.019728089065896057	12
49.689146660874506	0.019728089065896057	12
45.37641939693442	0.021562682350291625	12
53.33740313355397	0.018403529471994376	15
53.33740313355397	0.018403529471994376	15
52.11116596047658	0.01882843243818379	13
48.872842058944556	0.02005099285936228	14
53.34593159142429	0.018400641422766567	12
53.34593159142429	0.018400641422766567	12
51.24584353260465	0.019140278582657735	13
49.4534543402627	0.019820248446338454	11
49.4534543402627	0.019820248446338454	11
49.4534543402627	0.019820248446338454	11
49.4534543402627	0.019820248446338454	11
49.09225079789359	0.019963167637139807	13
44.593811993280134	0.02193280088419423	16
44.593811993280134	0.02193280088419423	16
46.60788239594515	0.021004925018155648	13
46.60788239594515	0.021004925018155648	13
47.03503482493208	0.02081813833683244	11
47.03503482493208	0.02081813833683244	11
44.593811993280134	0.02193280088419423	16
