170.92747818796482	0.005816405908697854	4
125.5933297421141	0.007899310351004439	5
125.5933297421141	0.007899310351004439	5
114.96706722665277	0.00862313779174515	3
109.18739547255451	0.00907544820087049	6
110.88643440075894	0.00893763399786397	6
114.35275347824077	0.008669060510884398	6
101.77764620298868	0.009729742185620524	5
111.70769559703075	0.008872508613567507	3
105.74226340748879	0.00936836046077174	5
106.46522416294371	0.009305335821788769	4
106.46522416294371	0.009305335821788769	4
104.61611389624173	0.009468252173928776	3
102.88744505623197	0.009625802227196195	5
102.88744505623197	0.009625802227196195	5
99.6283930978721	0.009937553102208348	5
99.14880307622195	0.009985141801833748	5
99.14880307622195	0.009985141801833748	5
85.85989638361235	0.011512792918650863	9
85.85989638361235	0.011512792918650863	9
85.85989638361235	0.011512792918650863	9
85.85989638361235	0.011512792918650863	9
85.85989638361235	0.011512792918650863	9
85.85989638361235	0.011512792918650863	9
85.85989638361235	0.011512792918650863	9
93.4707317900857	0.01058528902075199	8
91.80426644438634	0.010775366675617844	5
91.28033011232557	0.010836545543159402	6
91.28033011232557	0.010836545543159402	6
91.28033011232557	0.010836545543159402	6
91.28033011232557	0.010836545543159402	6
91.28033011232557	0.010836545543159402	6
91.28033011232557	0.010836545543159402	6
91.28033011232557	0.010836545543159402	6
91.28033011232557	0.010836545543159402	6
91.28033011232557	0.010836545543159402	6
91.28033011232557	0.010836545543159402	6
91.28033011232557	0.010836545543159402	6
91.28033011232557	0.010836545543159402	6
90.11055707200586	0.010975676498275463	5
91.28033011232557	0.010836545543159402	6
91.28033011232557	0.010836545543159402	6
91.28033011232557	0.010836545543159402	6
91.28033011232557	0.010836545543159402	6
91.28033011232557	0.010836545543159402	6
91.28033011232557	0.010836545543159402	6
91.28033011232557	0.010836545543159402	6
91.28033011232557	0.010836545543159402	6
91.28033011232557	0.010836545543159402	6
91.28033011232557	0.010836545543159402	6
91.28033011232557	0.010836545543159402	6
85.85989638361235	0.011512792918650863	9
