153.53109080481568	0.006471189679642363	3
123.64798957292373	0.00802259228910357	4
112.40849676589463	0.008817681465827615	8
118.283119511562	0.00838341589400729	5
115.47698677096705	0.008585386931122596	6
111.85861963699008	0.008860643548685085	7
104.01155047325216	0.009522761977071402	7
107.60958659838779	0.00920729036284578	4
102.93012038856648	0.00962184972230641	6
106.58417763196265	0.009295047115765709	6
93.778237711228  	0.010550945281835875	7
93.778237711228  	0.010550945281835875	7
93.778237711228  	0.010550945281835875	7
99.19533844843272	0.009980504237875972	7
90.68327259231714	0.010907115024641888	7
99.19533844843272	0.009980504237875972	7
99.19533844843272	0.009980504237875972	7
96.82804956316582	0.010222017146057052	8
85.80871207086705	0.011519581112822424	10
85.80871207086705	0.011519581112822424	10
85.80871207086705	0.011519581112822424	10
92.20739010325309	0.010728763018599942	4
92.20739010325309	0.010728763018599942	4
96.18115399242112	0.010290060972912374	7
97.5878052962934	0.010143242330982257	6
98.37929811893213	0.010062457865251277	6
97.60656154085082	0.010141312954977333	6
96.73694583991204	0.010231545414135892	5
97.60656154085082	0.010141312954977333	6
91.92569933746364	0.01076128570599676	7
91.92569933746364	0.01076128570599676	7
91.92569933746364	0.01076128570599676	7
96.90859461478286	0.010213607946620589	6
95.74887067343897	0.010336037961366465	7
92.40525819219887	0.010706035391950976	9
87.7898963901274	0.011262542706505407	8
85.85902516910787	0.011512908394413553	6
85.85902516910787	0.011512908394413553	6
85.85902516910787	0.011512908394413553	6
85.85902516910787	0.011512908394413553	6
85.85902516910787	0.011512908394413553	6
85.85902516910787	0.011512908394413553	6
89.67928237915693	0.011027877302984202	8
95.50185237430097	0.010362495386319715	5
95.50185237430097	0.010362495386319715	5
95.50185237430097	0.010362495386319715	5
93.29814669027868	0.01060466228763212	7
84.05497509028575	0.011757101791382589	11
84.05497509028575	0.011757101791382589	11
91.59076200883847	0.010800213523510505	7
91.59076200883847	0.010800213523510505	7
84.05497509028575	0.011757101791382589	11
