16.523745830562916	0.05706542480523281	139
15.661819131584792	0.06001745620346827	167
10.568888090480232	0.0864387305140307	186
7.872372165794093	0.11270942892311576	185
8.80453057407297	0.1019936643009093	168
8.80453057407297	0.1019936643009093	168
7.604801245127714	0.11621418920817361	177
6.84167469349416	0.1275237801983356	191
6.939628966962184	0.12595046999817353	173
5.271857545130806	0.15944239689824524	211
4.994965429268627	0.16680663329896764	225
4.5560291054907  	0.17998465828981317	231
3.209173145875899	0.2375763517782082	250
3.209173145875899	0.2375763517782082	250
3.209173145875899	0.2375763517782082	250
3.209173145875899	0.2375763517782082	250
3.209173145875899	0.2375763517782082	250
3.209173145875899	0.2375763517782082	250
3.1090736356244792	0.24336385489183968	250
2.9554011012945844	0.2528188606896794	255
2.9372186747841775	0.2539864007057764	251
2.9554011012945844	0.2528188606896794	255
2.245053200967715	0.30816135763253055	262
2.245053200967715	0.30816135763253055	262
2.245053200967715	0.30816135763253055	262
2.245053200967715	0.30816135763253055	262
2.0299596037848078	0.33003740338678833	261
1.8859975614587707	0.3465006392779261	263
1.8859975614587707	0.3465006392779261	263
1.8859975614587707	0.3465006392779261	263
1.8859975614587707	0.3465006392779261	263
1.873127391948608	0.3480527883317355	261
1.8319108293269293	0.3531184632101123	264
1.8319108293269293	0.3531184632101123	264
1.8319108293269293	0.3531184632101123	264
1.8319108293269293	0.3531184632101123	264
1.8319108293269293	0.3531184632101123	264
1.8319108293269293	0.3531184632101123	264
1.8319108293269293	0.3531184632101123	264
1.8319108293269293	0.3531184632101123	264
1.8319108293269293	0.3531184632101123	264
1.8319108293269293	0.3531184632101123	264
1.8319108293269293	0.3531184632101123	264
1.8319108293269293	0.3531184632101123	264
1.8319108293269293	0.3531184632101123	264
1.8319108293269293	0.3531184632101123	264
1.8319108293269293	0.3531184632101123	264
1.8319108293269293	0.3531184632101123	264
1.8319108293269293	0.3531184632101123	264
1.8319108293269293	0.3531184632101123	264
1.8319108293269293	0.3531184632101123	264
1.8319108293269293	0.3531184632101123	264
1.8319108293269293	0.3531184632101123	264
1.8319108293269293	0.3531184632101123	264
1.8319108293269293	0.3531184632101123	264
1.8319108293269293	0.3531184632101123	264
1.8319108293269293	0.3531184632101123	264
1.8319108293269293	0.3531184632101123	264
1.8319108293269293	0.3531184632101123	264
1.8319108293269293	0.3531184632101123	264
1.8319108293269293	0.3531184632101123	264
1.8319108293269293	0.3531184632101123	264
1.8319108293269293	0.3531184632101123	264
1.8319108293269293	0.3531184632101123	264
1.8319108293269293	0.3531184632101123	264
1.8319108293269293	0.3531184632101123	264
1.8319108293269293	0.3531184632101123	264
1.8319108293269293	0.3531184632101123	264
1.8319108293269293	0.3531184632101123	264
1.8319108293269293	0.3531184632101123	264
1.8319108293269293	0.3531184632101123	264
1.8319108293269293	0.3531184632101123	264
1.8319108293269293	0.3531184632101123	264
1.8319108293269293	0.3531184632101123	264
1.8319108293269293	0.3531184632101123	264
1.8319108293269293	0.3531184632101123	264
1.8319108293269293	0.3531184632101123	264
1.8319108293269293	0.3531184632101123	264
1.8319108293269293	0.3531184632101123	264
1.8319108293269293	0.3531184632101123	264
1.8319108293269293	0.3531184632101123	264
1.8319108293269293	0.3531184632101123	264
1.8319108293269293	0.3531184632101123	264
1.7290204070095545	0.36643185130879785	267
1.7290204070095545	0.36643185130879785	267
1.7290204070095545	0.36643185130879785	267
1.7290204070095545	0.36643185130879785	267
1.7290204070095545	0.36643185130879785	267
1.7290204070095545	0.36643185130879785	267
1.7290204070095545	0.36643185130879785	267
1.7290204070095545	0.36643185130879785	267
1.7290204070095545	0.36643185130879785	267
1.7290204070095545	0.36643185130879785	267
1.7290204070095545	0.36643185130879785	267
1.7290204070095545	0.36643185130879785	267
1.7290204070095545	0.36643185130879785	267
1.7290204070095545	0.36643185130879785	267
1.7290204070095545	0.36643185130879785	267
1.7290204070095545	0.36643185130879785	267
1.7290204070095545	0.36643185130879785	267
1.7290204070095545	0.36643185130879785	267
