20.54122355082186	0.04642261836430582	117
20.409847798969388	0.04670747823102868	125
20.409847798969388	0.04670747823102868	125
20.40953052677529	0.046708170398663124	123
18.520709273489715	0.05122764680267328	137
16.904242090946628	0.05585268535358194	163
16.159682485808393	0.05827613656762193	174
16.07261957075933	0.058573319451967594	178
15.644618440936743	0.060079478754559004	184
14.015920599500262	0.0665959834679254	116
12.726733625230604	0.07285054313008134	91
12.592510401911602	0.07356992714600856	136
9.933073042923994	0.09146559216003877	150
4.874265891813287	0.17023403748094842	216
5.439362523758632	0.15529487527847768	199
5.439299369890374	0.15529639834357079	199
5.124995808018323	0.16326541786214535	216
4.634477461229319	0.17747874703217323	231
4.436990999032999	0.1839252631056141	226
4.206192244375197	0.19207896156358925	228
3.765361435996492	0.20984767124823311	232
3.2777540096370688	0.23376753262276564	250
2.8081205099668347	0.2625967317427959	256
2.714905833854921	0.2691858272386705	257
2.45365898899918	0.28954798466937975	259
2.45365898899918	0.28954798466937975	259
2.45365898899918	0.28954798466937975	259
2.447547396486173	0.29006127690056566	263
2.3719098896071817	0.2965678303213783	260
2.2748838700812875	0.30535433916781257	260
2.2548703321781676	0.30723190110335286	262
2.213973502752459	0.31114133303949026	259
2.1905749192337844	0.31342313699380225	265
2.1905749192337844	0.31342313699380225	265
2.0843179427348013	0.3242207899984917	268
2.043762067327366	0.3285407919148126	269
2.080783492648866	0.3245927545334246	264
2.080950839290491	0.32457512377259773	264
2.080839961970463	0.3245868050089865	264
2.0201599800298604	0.33110828784312046	264
2.0086770002460117	0.33237200268364886	264
2.0086770002460117	0.33237200268364886	264
1.9783365993951265	0.335757885862562	265
1.9667345631505977	0.3370709373264675	265
1.9667345631505977	0.3370709373264675	265
1.9547018227404533	0.33844362646126874	265
1.9547018227404533	0.33844362646126874	265
1.8681846665781456	0.34865258560671347	266
1.8681846665781456	0.34865258560671347	266
1.9309228232551132	0.3411894684041491	266
1.930907471159399	0.34119125555486174	266
1.9209351179206493	0.3423561152949807	268
1.9255148541416156	0.34182017520243047	264
1.9255148541416156	0.34182017520243047	264
1.923276653975045	0.34208188904741843	266
1.923276653975045	0.34208188904741843	266
1.9160128071595606	0.3429340219441914	266
1.9148726062071393	0.34306816629671155	266
1.9062283030016942	0.34408859034479544	266
1.9062283030016942	0.34408859034479544	266
1.90613203892884	0.3440999880957185	266
1.90613203892884	0.3440999880957185	266
1.9061198305618134	0.3441014336310692	266
1.9047190894406085	0.3442673694799796	266
1.9013049791794885	0.34467248606273987	266
1.9013049791794885	0.34467248606273987	266
1.9024685714336698	0.344534307741376	266
1.9024685714336698	0.344534307741376	266
1.8971261627941638	0.3451696418479544	266
1.8971261627941638	0.3451696418479544	266
1.8971261627941638	0.3451696418479544	266
1.8971261627941638	0.3451696418479544	266
1.8964776641622176	0.3452469226236004	266
1.8964776641622176	0.3452469226236004	266
1.8964776641622176	0.3452469226236004	266
1.8953899624364934	0.345376620411605	267
1.8953899624364934	0.345376620411605	267
1.8645291669104058	0.3490975101777615	267
1.8953351557536946	0.34538315815105924	267
1.8935203713905204	0.3455997786942956	267
1.888362642003123	0.34621691385209336	267
1.8741009800639168	0.3479348870956375	267
1.858431330112314	0.34984223320862773	267
1.8574220177159504	0.34996580617074524	267
1.8574220177159504	0.34996580617074524	267
1.853695402904699	0.35042282332659863	268
1.8492655210107267	0.3509676415293397	267
1.845115159943681	0.3514796216613583	267
1.8399142945469409	0.3521233024250588	268
1.8362431505876846	0.35257907975654157	268
1.8362431505876846	0.35257907975654157	268
1.8148258504748815	0.3552617650684474	268
1.8148258504748815	0.3552617650684474	268
1.8148258504748815	0.3552617650684474	268
1.814428830637616	0.35531188037661177	268
1.814428830637616	0.35531188037661177	268
1.806579942562596	0.3563055464177987	269
1.806579942562596	0.3563055464177987	269
1.806579942562596	0.3563055464177987	269
1.7980064570051444	0.35739731675614267	268
1.7980064570051444	0.35739731675614267	268
