0.6493060395615002
0.6797079874208569
0.6835321543342989
0.6883371915752837
0.6829131839042586
0.6825436795406415
0.679659437680274
0.6800186690177982
0.6817764712273674
0.6765412543626343
0.6742010672124857
0.6769721679784573
0.676434272619143
0.680042844253151
0.6790604027900025
0.6756254477497706
0.6808014733598531
0.6787765335268374
0.6756953786488455
0.682535479039073
0.6820321612422922
0.6811384784448178
0.6793706340591934
0.678347791428471
0.6812242815384841
0.6784450841085996
0.6794811966884591
0.6792396328082451
0.6812371756537848
0.6817690551050465
0.6755528158645057
0.6763434453690184
0.6805332969618078
0.6764024303751027
0.6752424632190455
0.6760364597551727
0.6798529758528404
0.6760879522860364
0.6801812136245667
0.6781520701566468
0.6782884366352454
0.6817999571639225
0.6827044383441468
0.6798650526121217
0.6766775607505837
0.6776543962753829
0.682789978760183
0.679924799647953
0.6827794385529766
0.6824919316175191
0.6837322023700664
0.6838166783352635
0.6835747688200485
0.6831120000385144
0.6835788625872643
0.6835012538912905
0.6821285600738543
0.6872068120604541
0.684918879465685
0.6849500926474021
0.6845636705248485
0.687901540549665
0.6841008285384086
0.6842928127805673
0.6833652082798067
0.6833374691140442
0.6831320812619625
0.6840436317312537
0.6858516682524991
0.686372076675629
0.6860406114876716
0.6843184363492588
0.6845008440741027
0.6842462753000945
0.6854722592930157
0.684618217029039
0.6832640217984165
0.6847828167755903
0.683943191716251
0.6802966427034347
0.6808493863659493
0.6832771072949503
0.6851458819607064
0.684151463813701
0.6824195087312919
0.6830795348650136
0.6829143594053442
0.6830011698285599
0.6852015442588832
0.6843130470796537
0.6852915908839632
0.6847717715067533
0.6838455830013953
0.6843083741404529
0.6857350106452308
0.6842721755287245
0.6860041711138612
0.6850319470484438
0.6855631154787718
0.6841461786724915
0.7013005851701273
