1.0826417814930722e-07
4.6533107649398203e-07
5.943076783560851e-07
9.503623968528064e-07
1.2860320547783825e-06
1.7837732835211717e-06
1.8461430586957733e-06
2.3304343962328028e-06
3.296329635709797e-06
4.569563751465146e-06
5.787321175461783e-06
6.174368458729364e-06
7.236700774052775e-06
1.1795195512859882e-05
1.3098336257056905e-05
1.472166902612231e-05
1.6929843622073756e-05
2.042692797763663e-05
2.8201867794968595e-05
3.729005964474974e-05
4.138970567161725e-05
4.3079373456831613e-05
4.772132260572664e-05
4.911724514148447e-05
5.239294438606957e-05
6.038418595982921e-05
6.265856827529262e-05
7.682541757396205e-05
6.78254844306007e-05
6.84668855428839e-05
7.722509356794252e-05
7.979849603683789e-05
8.09800750172823e-05
8.455649102036661e-05
8.811508422305082e-05
9.046703665362545e-05
9.128193374108782e-05
9.231773438804936e-05
9.616963141826072e-05
9.80888753495899e-05
9.959332664884286e-05
0.0001011129779361627
0.00010191141520098039
0.0001025931037440094
0.00010405835568120186
0.00010603067237185321
0.00010806484327444065
0.00010849460898263451
0.00011169510808770022
0.00011245240101368745
0.0001139333363486926
0.00011410044101959822
