222.61331821
152.564114361
133.689124526
123.720346134
113.753654695
105.134551152
99.3395290744
98.7173627343
96.1812170659
91.5962865537
89.9274364212
86.4622640255
83.6309453611
81.5211246439
77.9691974393
76.9330465245
74.181130174
72.514570381
71.4251991132
69.1022763052
67.2421897424
66.7285056279
64.9794617347
63.5383452774
63.404679749
61.2997044864
59.5696658384
59.4759570148
58.0973992796
58.603456195
57.0996251734
55.4685959431
55.9424385741
54.1931105453
53.7377014359
53.2136202299
51.9291665474
51.6060065849
51.5450569018
50.839933744
50.3294995049
50.0687858979
49.3149242162
48.9630835802
48.970062044
48.6257468455
48.4051131748
47.9875379939
47.8882925888
47.4080092687
47.0690252779
45.1138557677
