11.218583589132548	0.08184254686356772	79
8.018417690253711	0.1108841965792635	129
7.974597064216225	0.11142561530558615	122
7.173544235756509	0.1223459457924429	172
7.635732723280833	0.11579793308147757	157
7.141606463997664	0.12282588263409913	167
7.06978682556072	0.12391901070205981	169
7.065004181112702	0.1239924961653316	160
6.909429005035134	0.1264313769506498	164
5.825462084569105	0.1465102270893547	166
6.227581169362757	0.13835887506029465	164
6.227581169362757	0.13835887506029465	164
5.808678585188617	0.1468713770944289	167
5.708338084461844	0.14906821740488083	180
5.668517264996235	0.14995837309278745	170
5.100670213567094	0.1639164165563532	164
3.715843984153275	0.21205112030005993	199
4.013917573467373	0.19944484235077886	200
4.0617554502858  	0.19755991964083078	199
4.0617554502858  	0.19755991964083078	199
4.016469414789999	0.1993433862173487	192
3.6571912422047586	0.21472169554424192	199
3.4971797537608182	0.2223615809805553	200
3.4334916075481  	0.22555585721589771	200
3.3206358244401573	0.23144741668422705	199
3.3285068206251744	0.23102655059593233	205
3.325321314909162	0.23119669665998013	205
3.1931220049252  	0.2384857866824313	198
2.2280944624728796	0.3097802780015151	218
2.192707925390371	0.31321374311987227	216
2.1926280074122935	0.31322158349745405	216
2.1229032929750073	0.3202148469501143	221
2.1076633192473944	0.3217851798186997	223
2.098182307044835	0.32276990212168577	219
2.060413982981084	0.32675317965510053	221
1.9895426848245892	0.33449932161068135	221
1.9895426848245892	0.33449932161068135	221
1.9052570267287252	0.3442036249460464	225
1.8496497295391339	0.35092032176239685	223
1.8595241024937856	0.3497085403574329	223
1.854799137831362	0.3502873413222502	223
1.8495784432385816	0.3509291005386353	223
1.7518661913216838	0.3633897618836306	227
1.7518661913216838	0.3633897618836306	227
1.7518661913216838	0.3633897618836306	227
1.7518661913216838	0.3633897618836306	227
1.7518661913216838	0.3633897618836306	227
1.7320260180844045	0.3660287249757464	227
1.638348313480624	0.37902501155382184	226
1.626432562461084	0.38074459412845363	228
1.5343714876539754	0.39457514609497246	224
1.4963470923902484	0.4005853204661943	228
1.4963470923902484	0.4005853204661943	228
1.4963470923902484	0.4005853204661943	228
1.4706826246413818	0.4047464413383121	229
1.361248710900044	0.42350473094332663	231
1.361248710900044	0.42350473094332663	231
1.3612515799521747	0.42350421636150026	231
1.3612515799521747	0.42350421636150026	231
1.3329321310940392	0.4286451314514004	226
1.3327117549058316	0.4286856264589658	226
1.3188882835756033	0.4312411283815936	228
1.3187353143129177	0.43126957778547387	228
1.3041142386838565	0.4340062585487144	227
1.2970114688768355	0.43534828343237125	228
1.2970114688768355	0.43534828343237125	228
1.2706452504657035	0.44040344910544815	227
1.2706452504657035	0.44040344910544815	227
1.2706452504657035	0.44040344910544815	227
1.2649024183095734	0.4415201255100241	227
1.263869489677246	0.44172157651303806	227
1.2407607670647922	0.4462770031938375	227
1.2407766391353237	0.4462738420844491	227
1.2407766391353237	0.4462738420844491	227
1.235149779694357	0.44739731050003456	228
1.235149779694357	0.44739731050003456	228
1.2348508021183686	0.4474571631592233	228
1.2271420633525856	0.44900593296445096	227
1.2271420633525856	0.44900593296445096	227
1.2202627964802115	0.4503971338822155	231
1.2033465514005752	0.4538550684931255	230
1.2033421130802129	0.4538559827198269	230
1.2021429686572078	0.4541031232907489	231
1.2021429686572078	0.4541031232907489	231
1.201376990584816	0.4542611303184108	230
1.1675130533400362	0.4613582365555063	229
1.1675130533400362	0.4613582365555063	229
1.1675130533400362	0.4613582365555063	229
1.1518897269322148	0.464707827489666	231
1.1493495313417805	0.46525703959175374	230
1.1304566469184836	0.4693829379003845	231
1.1304566469184836	0.4693829379003845	231
1.1304566469184836	0.4693829379003845	231
1.1304566469184836	0.4693829379003845	231
1.1258506025940151	0.4703999419243174	231
1.1155659687672124	0.4726867489661513	230
1.115328986939442	0.4727397044025985	230
1.115328986939442	0.4727397044025985	230
1.115328986939442	0.4727397044025985	230
1.1108148127730197	0.4737507023111515	230
1.1108148127730197	0.4737507023111515	230
