11.930501246392232	0.07733652245530792	141
6.3242796054844925	0.13653219891430554	160
11.514845565177424	0.07990510108910184	104
11.174666869382163	0.08213777105596876	121
9.794607604428966	0.09263884678769663	126
5.133592671396076	0.1630365845230457	175
4.6022714797498665	0.17849902554965946	177
4.6022714797498665	0.17849902554965946	177
4.6022714797498665	0.17849902554965946	177
4.6022714797498665	0.17849902554965946	177
4.540183879400172	0.18049942416500958	178
4.392212679298605	0.18545262575401153	179
4.097628302811649	0.19616965784822715	185
4.078463281660117	0.1969099596744759	184
4.073351764007156	0.19710835095143414	183
3.9520746638900994	0.20193556597437295	187
3.7721657544488987	0.20954846320409973	191
3.7720757066926  	0.20955241732597607	191
3.7720741473386017	0.20955248580068744	191
3.7628503565381886	0.20995830755573772	189
3.223318418167923	0.23678063100764268	206
3.10673808230332	0.24350225896050728	204
2.61558990839909	0.2765800395882783	211
2.5747684746722976	0.2797383962304498	207
2.3733451445639098	0.2964416498001942	219
2.280830014653993	0.3048009179181638	219
2.1457695202017026	0.31788724303485566	222
1.937932199639645	0.3403754518646332	223
1.9369341682912018	0.34049111852644304	223
1.9371551209267188	0.34046550448601576	223
1.8950966420279383	0.34541161268437887	227
1.6981969537688013	0.3706178670920279	224
1.697240120855152	0.37074934199145493	224
1.5688384702898346	0.3892809966705197	229
1.5533881720148945	0.3916364973253924	229
1.4661459517978022	0.4054910048089438	230
1.41672123729719	0.41378375981765236	231
1.415920478900023	0.4139209087110779	231
1.3925578818660054	0.41796271997402185	231
1.3675362187823636	0.42238002192604485	231
1.3669726128790727	0.4224805959134642	231
1.3669726128790727	0.4224805959134642	231
1.3613872481378313	0.4234798848806315	230
1.361169857720047	0.4235188742268644	230
1.350544689541042	0.4254333067776116	231
1.350544689541042	0.4254333067776116	231
1.350544689541042	0.4254333067776116	231
1.3497091647654074	0.42558458510325425	231
1.3487313550408673	0.42576176192044757	231
1.3158517773708582	0.43180656455279737	231
1.3158517773708582	0.43180656455279737	231
1.3104090112394937	0.43282379662444165	231
1.306973573608898	0.4334683376696235	231
1.3053901524379945	0.4337660586180958	231
1.2852206777948045	0.4375945000484511	231
1.2849697989452893	0.43764254584965906	231
1.2815958165406791	0.43828972368830205	231
1.2733550666575932	0.43987849265898127	231
1.2532926768029058	0.44379498957004304	231
1.2544418789435225	0.4435687649967807	231
1.2544418789435225	0.4435687649967807	231
1.248749703495842	0.44469155390901377	230
1.2444060024637207	0.4455521857018222	231
1.2444060024637207	0.4455521857018222	231
1.242741319052424	0.44588289853352675	231
1.2260842614976626	0.44921929384973996	230
1.2028316070494236	0.453961163803822	231
1.2028316070494236	0.453961163803822	231
1.2028316070494236	0.453961163803822	231
1.191546866012779	0.456298706410675	231
1.191381660364254	0.45633310622567635	231
1.1903906598887892	0.4565395654356799	231
1.1532026566362648	0.46442446878743915	231
1.1532026566362648	0.46442446878743915	231
1.1532026566362648	0.46442446878743915	231
1.152364258181488	0.4646053734626175	231
1.1520938230508095	0.46466375642600904	231
1.142730600614375	0.46669422638257685	231
1.1380474256313262	0.4677164725215197	231
1.1377656655857007	0.46777811810632763	231
1.1377656655857007	0.46777811810632763	231
1.1325593061015164	0.4689201360725942	231
1.1325593061015164	0.4689201360725942	231
1.129295857483992	0.46963882284616615	231
1.1288780805175644	0.4697309860773633	231
1.1169086322614168	0.4723869442261833	231
1.1067857095545306	0.47465672254414765	232
1.1067857095545306	0.47465672254414765	232
1.1067857095545306	0.47465672254414765	232
1.1067857095545306	0.47465672254414765	232
1.1067857095545306	0.47465672254414765	232
1.1067857095545306	0.47465672254414765	232
1.1056784937403092	0.47490630833375874	232
1.1039808404054816	0.47528949921772046	232
1.0927294092721225	0.477844864017949	232
1.0865421993065072	0.47926181427452785	232
1.0865421993065072	0.47926181427452785	232
1.0862482140225587	0.4793293498245204	232
1.0825855992106745	0.48017233979674695	231
1.0754699892332915	0.4818185785328625	232
1.0754699892332915	0.4818185785328625	232
