11.916095224259424	0.07742278007688949	135
6.356578280697432	0.1359327613795467	154
7.340219140270191	0.11990092624443964	151
6.758530015903439	0.12889039521020082	151
6.185632936184648	0.13916658544639904	154
6.022095853730805	0.14240762598942663	176
5.821411665889835	0.1465972219504733	167
6.773501916587415	0.1286421500541679	149
6.300785673303556	0.13697155960305116	175
6.285807157210842	0.1372531523854964	170
5.272984358317296	0.1594137563365846	159
5.272983811993421	0.15941377022017553	159
4.377564687725388	0.18595778164836577	189
4.361741273262335	0.18650657482985059	189
4.361741273262335	0.18650657482985059	189
4.361741273262335	0.18650657482985059	189
3.0542574954680903	0.24665428900799097	205
3.0480869238799015	0.24703026856981292	206
3.0480869238799015	0.24703026856981292	206
2.725502027421543	0.2684202001876536	209
2.725502027421543	0.2684202001876536	209
2.7254480981258955	0.2684240858175033	209
2.660600405982186	0.2731792299333713	209
2.5743730056773955	0.27976934651521784	208
2.574199795299258	0.2797829045022014	208
2.5741280402591165	0.2797885214899862	208
2.564324288723067	0.28055808590812986	208
2.5189380087906086	0.2841766457669656	208
2.5189380087906086	0.2841766457669656	208
2.517804856906249	0.28426818447213553	208
2.5116351075581096	0.28476762800545397	209
2.5062144584656925	0.28520788213211484	209
2.50732495144102	0.28511757930759735	210
2.361285191535159	0.2975052526094289	211
2.3607807677078814	0.2975499055482931	211
2.3607807677078814	0.2975499055482931	211
2.3607807677078814	0.2975499055482931	211
2.360456631839767	0.29757860599216385	211
2.3586531268276048	0.29773839757740744	212
2.2572674440182317	0.30700580077832956	212
2.273573863656687	0.3054765347139496	211
2.199679456176691	0.31253130624368974	213
2.271683439458564	0.30565304330466997	211
2.2562157334004183	0.3071049592146386	213
2.2372418576377893	0.3089049394442523	213
2.199679456176691	0.31253130624368974	213
2.178947694660121	0.3145695041411858	213
2.178947694660121	0.3145695041411858	213
2.178947694660121	0.3145695041411858	213
2.166387226556682	0.31581734274726075	215
2.166387226556682	0.31581734274726075	215
2.0186224470718708	0.3312769375878794	217
1.9816955692166576	0.33537964449627466	214
1.9816955692166576	0.33537964449627466	214
1.9816955692166576	0.33537964449627466	214
1.9605972638790878	0.33776968323268725	217
1.9605972638790878	0.33776968323268725	217
1.9379312597580525	0.34037556075507125	215
1.8512237174640693	0.3507265999068703	218
1.8480738795973215	0.3511144872904021	218
1.8480738795973215	0.3511144872904021	218
1.847247579089844	0.3512163843228771	218
1.8317300323970052	0.353141008697612	218
1.831605037445628	0.35315659732760374	218
1.8257278258514724	0.3538911252709456	218
1.8236119571910179	0.3541563129640586	218
1.8236119571910179	0.3541563129640586	218
1.8212479507045236	0.3544530709363136	218
1.816752155600037	0.3550188105871798	218
1.8130656738214064	0.3554840575910021	218
1.8130656738214064	0.3554840575910021	218
1.8130656738214064	0.3554840575910021	218
1.8130656738214064	0.3554840575910021	218
1.8126754706658648	0.3555333739812019	218
1.8098797874120853	0.35588711107139764	218
1.8098797874120853	0.35588711107139764	218
1.8098797874120853	0.35588711107139764	218
1.806979745798992	0.35625479717002917	219
1.803795404728401	0.35665940471746665	218
1.8019904899186423	0.35688914848138387	219
1.8019904899186423	0.35688914848138387	219
1.8019904899186423	0.35688914848138387	219
1.800911620380415	0.3570266168784654	219
1.7997222600993534	0.3571782866649469	219
1.787582517486093	0.35873377513567684	221
1.787582517486093	0.35873377513567684	221
1.787582517486093	0.35873377513567684	221
1.787582517486093	0.35873377513567684	221
1.7866130481821525	0.35885857946884664	221
1.7866130481821525	0.35885857946884664	221
1.7850147130760046	0.35906453036131925	221
1.7850147130760046	0.35906453036131925	221
1.7850147130760046	0.35906453036131925	221
1.7850147130760046	0.35906453036131925	221
1.7850147130760046	0.35906453036131925	221
1.774604159155285	0.36041177142343983	221
1.774604159155285	0.36041177142343983	221
1.774604159155285	0.36041177142343983	221
1.7725956954141913	0.360672853115215	221
1.7725956954141913	0.360672853115215	221
1.7725956954141913	0.360672853115215	221
