11.958876588257493	0.07716718291044891	143
11.90587766538089	0.07748407554508514	138
11.90587766538089	0.07748407554508514	138
10.048770919919473	0.09050780464613781	159
11.90587766538089	0.07748407554508514	138
11.905864756861707	0.0774841530450973	138
11.905864756861707	0.0774841530450973	138
11.905864756861707	0.0774841530450973	138
11.905864756861707	0.0774841530450973	138
7.173544235756509	0.1223459457924429	172
7.173544235756509	0.1223459457924429	172
7.173544235756509	0.1223459457924429	172
7.169072279352862	0.12241292105193838	161
7.048792092954553	0.12424224510350343	175
7.162925571639422	0.12250509835276649	162
6.932666557124653	0.12606101527132246	181
6.737737963335083	0.12923673620616957	185
6.24436845251203	0.13803825779364434	168
6.628599872241516	0.13108565355993293	177
6.38269035281348	0.1354519764761512	173
5.918158006329075	0.14454714666608515	183
6.189560063694978	0.1390905689834467	170
6.188508642804469	0.1391109129431147	170
6.128650296486196	0.14027900912644192	181
6.091339886953395	0.14101707377470288	174
6.040940599750846	0.14202647868317286	179
6.0225940987949365	0.14239752233033062	180
5.676560012945184	0.14977772955850016	159
5.413799103401492	0.15591383264088524	159
5.2255174114095215	0.1606292190537123	168
3.8415842725542086	0.20654396241097414	189
3.8415842725542086	0.20654396241097414	189
3.8414692291167465	0.20654887032762057	189
3.8334735310337797	0.20689055056977226	189
3.1164764040302417	0.2429262072341648	208
2.948809337200818	0.2532408922809292	203
2.7640459503719637	0.2656715707472115	205
2.742825888668006	0.2671778035488258	206
2.365739814859016	0.29711149851370433	213
2.365739814859016	0.29711149851370433	213
2.0316390024673803	0.3298545767441715	221
2.0314340276435474	0.3298768803414598	221
2.031292098606112	0.3298923256059134	221
1.9399820882175336	0.3401381266939231	219
1.7402641593206474	0.3649283214534744	227
1.7145121110521737	0.3683903254395094	227
1.7122711961392683	0.36869469447724523	227
1.7122711961392683	0.36869469447724523	227
1.688145593868473	0.37200366017411796	223
1.6547835726208024	0.37667853994320144	224
1.6531804615719596	0.37690613755218094	224
1.6466001632743357	0.3778432473014036	224
1.522895713173504	0.39636993109878427	226
1.522895713173504	0.39636993109878427	226
1.5220807742698468	0.39649800680531505	226
1.4921577318226382	0.40125871136922403	225
1.4921577318226382	0.40125871136922403	225
1.4892342754767833	0.40172996565719465	227
1.4806959017216976	0.403112690800175	225
1.4689797297987004	0.40502560143802047	224
1.4628922301822327	0.40602669810120307	227
1.459165219337   	0.4066420556604992	226
1.4363902347401771	0.4104432802845488	228
1.4331424610208765	0.410991142532784	224
1.412824669873002	0.41445199582306763	227
1.412824669873002	0.41445199582306763	227
1.412824669873002	0.41445199582306763	227
1.3934829248265366	0.4178011840516778	227
1.3934829248265366	0.4178011840516778	227
1.385965629248159	0.41911752111664313	228
1.3798428496540553	0.42019581257029825	226
1.3741079529252564	0.4212108378508443	227
1.3741079529252564	0.4212108378508443	227
1.368271930500057	0.42224880813786086	227
1.3547991111114561	0.4246646753353002	227
1.3547991111114561	0.4246646753353002	227
1.3521758610815704	0.4251382800689839	227
1.3521758610815704	0.4251382800689839	227
1.348885333373221	0.4257338516239555	227
1.348885333373221	0.4257338516239555	227
1.326261384013572	0.4298743068479556	229
1.3241474947350238	0.4302652917963841	229
1.32400968622131	0.4302908055542296	229
1.32400968622131	0.4302908055542296	229
1.3009956000003893	0.43459448596939115	230
1.3009956000003893	0.43459448596939115	230
1.297474373880947	0.43526056759047843	231
1.297474373880947	0.43526056759047843	231
1.297474373880947	0.43526056759047843	231
1.297474373880947	0.43526056759047843	231
1.297474373880947	0.43526056759047843	231
1.297474373880947	0.43526056759047843	231
1.255343892604309	0.4433913618580233	232
1.255343892604309	0.4433913618580233	232
1.255343892604309	0.4433913618580233	232
1.255343892604309	0.4433913618580233	232
1.215294909928405	0.45140716728876457	236
1.215294909928405	0.45140716728876457	236
1.1979965941424184	0.45495975865702604	234
1.0519065327686052	0.48735163323970504	235
1.0519065327686052	0.48735163323970504	235
