11.932049124317375	0.07732726580195275	141
7.169072279352862	0.12241292105193838	161
10.634774312250604	0.08594923916547911	137
7.927807744802966	0.11200958046863382	171
9.500822502734833	0.09523063548017882	171
7.927807744802966	0.11200958046863382	171
7.98225813232352	0.11133057915597014	171
8.017006338809612	0.11090155229191243	155
7.339937722802474	0.1199049721037928	181
6.091589125617362	0.14101211763490945	158
6.091589125617362	0.14101211763490945	158
6.091273439086661	0.14101839515707598	159
5.808289747584579	0.14687976526774238	160
5.808289747584579	0.14687976526774238	160
5.808289747584579	0.14687976526774238	160
5.6734143305876845	0.14984833107341866	155
5.659210041938603	0.15016796192073317	157
5.532266338886181	0.15308622583973058	161
5.5250037628674145	0.1532566166001029	160
5.468068053949677	0.15460567075965712	160
5.058915209041164	0.16504604628032946	168
5.058915209041164	0.16504604628032946	168
5.058915209041164	0.16504604628032946	168
5.058915209041164	0.16504604628032946	168
5.058864122793437	0.1650474378915351	168
4.946399064005157	0.16816900265796436	164
4.944444398050714	0.168224300378336	164
4.945954482795757	0.16818157671630968	165
4.851703257794025	0.17089041531080304	172
4.851703257794025	0.17089041531080304	172
4.646485300830101	0.17710131997562945	177
4.646485300830101	0.17710131997562945	177
4.455232393093011	0.18331024747288893	177
4.4776339867053885	0.18256057312830173	176
4.266423589383464	0.18988218152749636	180
4.257252671751366	0.19021341800314626	180
4.231953446376318	0.19113319914813193	179
4.150732421536147	0.19414714610660389	180
4.0548300425932045	0.19783058808580334	178
4.045661148891212	0.19819008262569332	180
4.045661148891212	0.19819008262569332	180
4.045661148891212	0.19819008262569332	180
3.6942558804926815	0.21302630820692414	188
3.6942558804926815	0.21302630820692414	188
3.692300543450696	0.21311507878491617	188
3.34322758146596	0.2302435184993166	198
3.0977102567089556	0.24403872830265513	194
3.1777195635798905	0.23936503749981233	193
3.1065670591040297	0.24351239992125678	194
3.1065670591040297	0.24351239992125678	194
3.0637036388796774	0.24608093721019725	194
2.7287972329129073	0.26818299240659105	205
2.70157589543556	0.2701552063900965	206
2.65389485638404	0.2736805626064506	206
2.5277002914216897	0.2834707932620298	209
2.5277002914216897	0.2834707932620298	209
2.5277002914216897	0.2834707932620298	209
2.5277002914216897	0.2834707932620298	209
2.5277002914216897	0.2834707932620298	209
2.523097876235276	0.28384110664236883	209
2.49408183190178	0.28619821976399273	210
2.49408183190178	0.28619821976399273	210
2.493447669811314	0.28625017304295597	210
2.49408183190178	0.28619821976399273	210
2.4916685551185394	0.2863960264882733	211
2.4904111605960524	0.28649919851540684	210
2.371374394243618	0.2966149359464285	211
2.371374394243618	0.2966149359464285	211
2.371374394243618	0.2966149359464285	211
2.371374394243618	0.2966149359464285	211
2.3687208073875037	0.29684858353563465	211
2.359792414681289	0.29763743606012644	211
2.333836372151893	0.29995473333759615	213
2.2941988602089123	0.3035639445083718	213
2.2158084944381  	0.3109637908257129	213
2.197478872287701	0.312746398003415	213
2.191703051980058	0.3133123551013379	213
2.191703051980058	0.3133123551013379	213
2.1862369315557766	0.3138498553250149	213
2.1862369315557766	0.3138498553250149	213
2.181315453733673	0.3143353793558493	217
2.1677452169326648	0.3156819540456295	217
2.1677452169326648	0.3156819540456295	217
2.130974217716151	0.3193894074060556	218
2.130974217716151	0.3193894074060556	218
1.9783981776558335	0.3357509440819817	222
1.9783981776558335	0.3357509440819817	222
1.979323192985361	0.3356467006850551	222
1.9245091421793978	0.34193772403624006	224
1.885645113422249	0.3465429603067315	225
1.8757679954171382	0.34773319739061465	225
1.856422824293496	0.3500882262580782	226
1.8538200189448433	0.3504075216242035	226
1.8357071976040409	0.3526457177401548	223
1.8357071976040409	0.3526457177401548	223
1.8343645945343363	0.3528127616074361	223
1.8124606385591469	0.3555605316888312	224
1.7623066521816408	0.3620162878043285	224
1.7435722088500518	0.36448831081400357	224
1.7435722088500518	0.36448831081400357	224
1.7435722088500518	0.36448831081400357	224
