1.30489306157697	0.43385960792290135	3296
1.2320772928583559	0.44801315940068503	3321
1.3056129309904778	0.4337241462166878	3296
1.3052266905535423	0.43379681664187003	3296
1.304580082333248	0.433918529308628	3296
1.3051260432747847	0.4338157572413467	3296
1.3056129309904778	0.4337241462166878	3296
1.3050380659840184	0.4338323148572824	3296
1.3056129309904778	0.4337241462166878	3296
1.3036298717728767	0.43409751377741884	3297
1.3056129309904778	0.4337241462166878	3296
1.3056129309904778	0.4337241462166878	3296
1.3042395099391944	0.4339826635584374	3297
1.3056129309904778	0.4337241462166878	3296
1.3056129309904778	0.4337241462166878	3296
1.3056129309904778	0.4337241462166878	3296
1.3056129309904778	0.4337241462166878	3296
1.3056129309904778	0.4337241462166878	3296
1.3056129309904778	0.4337241462166878	3296
1.3043462247468183	0.4339625657207269	3297
1.3056129309904778	0.4337241462166878	3296
1.3056129309904778	0.4337241462166878	3296
1.3056129309904778	0.4337241462166878	3296
1.3056129309904778	0.4337241462166878	3296
1.3056129309904778	0.4337241462166878	3296
1.3056129309904778	0.4337241462166878	3296
1.3056129309904778	0.4337241462166878	3296
1.3056129309904778	0.4337241462166878	3296
1.3056129309904778	0.4337241462166878	3296
1.305413614242872	0.4337616442541973	3296
1.3056129309904778	0.4337241462166878	3296
1.3056129309904778	0.4337241462166878	3296
1.3056129309904778	0.4337241462166878	3296
1.315983632680131	0.4317819806190805	3295
1.3056129309904778	0.4337241462166878	3296
1.3056129309904778	0.4337241462166878	3296
1.3056129309904778	0.4337241462166878	3296
1.3056129309904778	0.4337241462166878	3296
1.3040674342629652	0.4340150748755686	3297
1.3045597234392206	0.4339223626227595	3297
1.305033455389577	0.43383318262119913	3296
1.3056129309904778	0.4337241462166878	3296
1.3056129309904778	0.4337241462166878	3296
1.3056129309904778	0.4337241462166878	3296
1.3056129309904778	0.4337241462166878	3296
1.3056129309904778	0.4337241462166878	3296
1.3056129309904778	0.4337241462166878	3296
1.3056129309904778	0.4337241462166878	3296
1.3042523056739668	0.43398025361094805	3297
1.3056129309904778	0.4337241462166878	3296
1.3056129309904778	0.4337241462166878	3296
1.3056129309904778	0.4337241462166878	3296
1.3056129309904778	0.4337241462166878	3296
1.3056129309904778	0.4337241462166878	3296
1.3056129309904778	0.4337241462166878	3296
1.3056129309904778	0.4337241462166878	3296
1.3056129309904778	0.4337241462166878	3296
1.3054440850195461	0.4337559112788119	3296
1.3056129309904778	0.4337241462166878	3296
1.3045381818172692	0.43392641870287385	3296
1.3056129309904778	0.4337241462166878	3296
1.3056129309904778	0.4337241462166878	3296
1.3056129309904778	0.4337241462166878	3296
1.3056129309904778	0.4337241462166878	3296
1.3056129309904778	0.4337241462166878	3296
1.3056129309904778	0.4337241462166878	3296
1.3056129309904778	0.4337241462166878	3296
1.3056129309904778	0.4337241462166878	3296
1.3056129309904778	0.4337241462166878	3296
1.3056129309904778	0.4337241462166878	3296
1.3056129309904778	0.4337241462166878	3296
1.3056129309904778	0.4337241462166878	3296
1.304648822397892	0.4339055869516559	3297
1.3056129309904778	0.4337241462166878	3296
1.3050675794313322	0.43382676018839467	3296
1.3056129309904778	0.4337241462166878	3296
1.3056129309904778	0.4337241462166878	3296
1.3055996445605478	0.4337266456295807	3296
1.3056129309904778	0.4337241462166878	3296
1.3056129309904778	0.4337241462166878	3296
1.3056129309904778	0.4337241462166878	3296
1.3056129309904778	0.4337241462166878	3296
1.3056129309904778	0.4337241462166878	3296
1.3056129309904778	0.4337241462166878	3296
1.3056129309904778	0.4337241462166878	3296
1.3056129309904778	0.4337241462166878	3296
1.3056129309904778	0.4337241462166878	3296
1.3056129309904778	0.4337241462166878	3296
1.3036325355334417	0.43409701181722304	3297
1.3056129309904778	0.4337241462166878	3296
1.3056129309904778	0.4337241462166878	3296
1.3056129309904778	0.4337241462166878	3296
1.3056129309904778	0.4337241462166878	3296
1.3056129309904778	0.4337241462166878	3296
1.303626992090548	0.43409805642731125	3295
1.3054923736449617	0.4337468262447598	3296
1.3056129309904778	0.4337241462166878	3296
1.3040381507802852	0.43402059104852064	3297
1.3056129309904778	0.4337241462166878	3296
1.3056129309904778	0.4337241462166878	3296
1.2320772928583559	0.44801315940068503	3321
