1.6026160254198791	0.3842287875863941	94
1.5473983156287816	0.3925573766241449	93
1.5473983156287816	0.3925573766241449	93
1.5473983156287816	0.3925573766241449	93
1.5473983156287816	0.3925573766241449	93
1.5473983156287816	0.3925573766241449	93
1.5473983156287816	0.3925573766241449	93
1.5473983156287816	0.3925573766241449	93
1.5473983156287816	0.3925573766241449	93
1.5473983156287816	0.3925573766241449	93
1.5963574740450006	0.38515497576766566	75
1.5963574740450006	0.38515497576766566	75
1.5743262299480187	0.3884511560215863	90
1.5845880787364761	0.3869088495095391	89
1.5892380501450747	0.38621400606405043	88
1.5920496872590175	0.385795073649787	89
1.5607079762959974	0.3905170012577834	89
1.5963574740450006	0.38515497576766566	75
1.5909585851143102	0.38595753932357085	89
1.5925951389886799	0.3857139068732807	88
1.5828443487113177	0.38717005943425864	87
1.5884336263301522	0.3863340322223317	86
1.5764370836630561	0.38813290118392774	86
1.5787299600276536	0.3877877930224521	87
1.5909591421415883	0.3859574563470106	86
1.5626265348363289	0.39022463336190677	86
1.5924921033766983	0.3857292366281497	86
1.5833928926262058	0.387087849801827	87
1.5770285448370265	0.3880438196943763	87
1.5804313150814486	0.38753211300585844	83
1.564554507869198	0.3899312714670535	88
1.536627671572241	0.3942241942745128	85
1.561266366777977	0.39043186330439367	84
1.5754217238993924	0.38828592254239463	86
1.5720372915775778	0.3887968511477696	84
1.5762781731101099	0.3881568420823089	83
1.5554647188503374	0.3913182571543715	83
1.552356798327719	0.39179475246375856	84
1.5555090675295686	0.3913114661599335	87
1.5592855129721734	0.39073405250462684	87
1.5597512183259938	0.3906629647602911	85
1.5584138404125178	0.39086717879807914	83
1.553962797386436	0.3915483816065515	84
1.54787932484994	0.39248326647452036	84
1.559429695689235	0.390712040922346	84
1.572167165852728	0.3887772199550952	84
1.5675683760455128	0.38947356157274704	85
1.5491885389902313	0.3922816946274652	86
1.549452451592981	0.39224108665967367	83
1.5548098844348626	0.3914185576361214	83
1.5459985261456441	0.39277320459171183	85
1.5797166588729035	0.38763947062190435	84
1.5807557751978567	0.38748339134234183	87
1.5549128193980757	0.3914027877614998	84
1.5544445941416736	0.3914745312125327	83
1.5579688756591696	0.39093517107095654	85
1.5520523461499895	0.39184149240065314	83
1.5412326074175107	0.39350982553943964	84
1.5599961366165827	0.39062558950641596	83
1.547715475554268	0.39250850795355985	84
1.5189094402731704	0.3969972020477052	85
1.578779469806028	0.3877803479159925	83
1.5564211639434558	0.39117185153381817	83
1.4645391837191108	0.4057553666040524	68
1.2573647069598446	0.44299443369377917	79
1.2563510331185426	0.4431934505411963	79
1.245436904009634	0.44534762843450154	80
1.2411047539364717	0.44620850419576014	80
1.2144403583219083	0.45158136512549607	79
1.2270946400486178	0.4490154940062044	79
1.213390747324064	0.45179550931482654	80
1.2244610352587726	0.4495470966447697	80
1.2148672300615344	0.45149433177184967	79
1.230436444702699	0.44834274582223876	79
1.2148362700426203	0.4515006429711199	79
1.213705665790782	0.4517312375594336	80
1.2203043258421051	0.45038870949401294	81
1.2244859750271158	0.4495420565588463	79
1.2145075308628384	0.4515676673316031	79
1.2257642433932827	0.44928388213993986	80
1.2129178704322814	0.45189205318526143	81
1.2285789235332158	0.4487164396289757	80
1.2258677797829327	0.4492629836699107	80
1.2149803935432555	0.45147126489924455	79
1.2243353295588888	0.4495725022711893	79
1.2382721076034344	0.4467732035810075	79
1.213390747324064	0.45179550931482654	80
1.2257705444472504	0.44928261023794824	80
1.2287729855381178	0.44867736933672436	79
1.2359204474682244	0.44724310345313006	79
1.2270946400486178	0.4490154940062044	79
1.228103418627028	0.4488122012829218	79
1.2254529467729358	0.44934672802229797	79
1.2203533540173175	0.4503787643487851	78
1.2120881484817996	0.4520615512932068	80
1.2155073500139353	0.4513638828567687	80
1.2265597904248713	0.44912335357011923	79
1.2257642433932827	0.44928388213993986	80
1.213638306250327	0.4517449834403598	80
1.2166875017469958	0.4511235793100692	79
1.2120881484817996	0.4520615512932068	80
