1.5622515547107305	0.39028174191620174	92
1.5473983156287816	0.3925573766241449	93
1.4520552583266073	0.40782115191092594	94
1.5622515547107305	0.39028174191620174	92
1.6026160254198791	0.3842287875863941	94
1.5867307996330857	0.38658835319927565	93
2.1667771735733434	0.3157784539894277	74
2.0910706677358273	0.32351250019543815	75
2.1589040324925373	0.3165654890791186	74
2.132286260624191	0.31925562250518047	72
2.059554488953343	0.32684497158345904	75
2.0904599208669223	0.32357643380131085	72
2.126353858099381	0.31986142496612163	75
2.114377074087292	0.3210914979821648	73
2.1324267012669456	0.3192413088534645	72
2.1639146634844146	0.31606415038346874	75
1.6026160254198791	0.3842287875863941	94
1.6026160254198791	0.3842287875863941	94
1.6026160254198791	0.3842287875863941	94
2.1420185954478073	0.31826673510106257	73
2.1577816969212686	0.3166780024645043	73
2.144912056008307	0.3179739153880361	71
2.1757259364372725	0.31488863334405437	73
2.124353268770263	0.3200662389863478	75
2.1085550897371945	0.3216928673072166	72
2.1301090207030104	0.3194776901973222	75
2.063024813746593	0.32647466501481986	73
1.6026160254198791	0.3842287875863941	94
1.6026160254198791	0.3842287875863941	94
1.6026160254198791	0.3842287875863941	94
2.098796425348584	0.3227059357045405	73
2.125415617743592	0.31995744640258583	73
1.6026160254198791	0.3842287875863941	94
1.6026160254198791	0.3842287875863941	94
1.6026160254198791	0.3842287875863941	94
1.6026160254198791	0.3842287875863941	94
1.6026160254198791	0.3842287875863941	94
1.6026160254198791	0.3842287875863941	94
1.6026160254198791	0.3842287875863941	94
2.115029496203802	0.32102424751312036	73
2.113357521270266	0.321196648045739	73
2.0897031601304303	0.3236556873501678	74
2.1273170820301286	0.3197629065968713	72
2.1269588344448027	0.3197995410059665	74
2.091628808950966	0.3234540954932149	75
2.1190161463456207	0.32061392217274826	75
2.1033608777111303	0.32223129677962087	74
2.103643295509789	0.32220197515827764	73
2.128568938857516	0.3196349575615162	72
1.5622515547107305	0.39028174191620174	92
1.5622515547107305	0.39028174191620174	92
1.5622515547107305	0.39028174191620174	92
1.5622515547107305	0.39028174191620174	92
1.6020838809092466	0.38430736508408403	95
1.8952530501165448	0.34539295277134624	81
2.1252770900458002	0.3199716284949778	73
1.6026160254198791	0.3842287875863941	94
2.093082957972248	0.32330203023574133	74
2.116876495962512	0.3208340148528065	74
2.10236210805654	0.3223350354244899	76
2.1002341310882096	0.3225562837246073	74
1.6026160254198791	0.3842287875863941	94
2.114618522694447	0.3210666066208657	74
2.125782145651945	0.31991992832610855	73
1.6026160254198791	0.3842287875863941	94
2.109705228733195	0.3215738876984721	70
2.111375688826352	0.3214012385554159	75
1.6505513709560842	0.37727999198871914	92
1.6551798501503565	0.3766223218149883	92
2.1159320352580515	0.32093126187753424	73
2.106233699627225	0.32193327891588086	73
2.1271737207278703	0.31977756572066723	75
2.1261675146293912	0.3198804911510158	74
2.103176396276129	0.3222504531808179	73
2.1213638033014988	0.3203727803027285	73
1.5622515547107305	0.39028174191620174	92
1.5622515547107305	0.39028174191620174	92
2.107069965444875	0.32184663078767156	75
2.1122079158116436	0.32131529353147553	73
2.0918943680137856	0.32342631441267317	73
2.122124234382704	0.3202947496410939	74
2.0751229156819244	0.3251902533392701	74
2.1256516594004196	0.3199332839897539	74
2.128162522359506	0.31967648510977026	74
2.09418672051222	0.32318670149112955	74
2.102895261243224	0.32227965039314094	74
2.113537631956202	0.32117806758985945	73
2.1269244645374976	0.31980305611504745	73
2.12531527083654	0.31996771952300807	75
1.5622515547107305	0.39028174191620174	92
1.6026160254198791	0.3842287875863941	94
1.6026160254198791	0.3842287875863941	94
2.1159431491600205	0.3209301171844469	77
2.1224963271399457	0.3202565816677681	73
2.1221626777660436	0.32029080583191	73
2.109243226483924	0.321621670341579	72
2.1254510406615825	0.3199538201015378	73
2.094702954954682	0.32313278998198514	74
2.1034965972816857	0.3222172052245482	74
2.094878199803531	0.3231144928622658	73
1.4520552583266073	0.40782115191092594	94
