1.6026160254198791	0.3842287875863941	94
1.5622515547107305	0.39028174191620174	92
1.431755488469254	0.41122555484781975	78
1.431755488469254	0.41122555484781975	78
1.6026160254198791	0.3842287875863941	94
1.6026160254198791	0.3842287875863941	94
1.6026160254198791	0.3842287875863941	94
2.0825411709841046	0.3244076703380247	74
1.6026160254198791	0.3842287875863941	94
2.1757259364372725	0.31488863334405437	73
2.1375174516320277	0.31872332677538884	73
2.1078197062433808	0.32176898743227406	74
2.1519254853531335	0.31726638356362113	73
2.1671833465708215	0.3157379572239548	74
2.1456087714442225	0.31790348789651823	71
2.1757259364372725	0.31488863334405437	73
2.1696663482155105	0.3154906195609483	73
2.1582434663897003	0.31663170070391544	76
2.1622852854772026	0.3162270034877943	72
2.1757259364372725	0.31488863334405437	73
2.205121216911947	0.3120006802624066	74
1.6026160254198791	0.3842287875863941	94
2.1738052161044297	0.3150791973388377	74
2.121681152967223	0.3203402112510687	74
1.6026160254198791	0.3842287875863941	94
2.1247752075484274	0.32002302040298114	73
2.084965284781801	0.32415275625078216	75
2.1362525855647214	0.31885186945806454	73
2.1367599328181575	0.3188002975737995	74
2.1280957695530893	0.3196833069285695	74
2.121059197049751	0.3204040477493255	73
2.0954373078548296	0.3230561308615261	74
2.1031482591579023	0.3222533751163307	83
2.1303309573445337	0.31945503961929383	73
2.128657955640491	0.3196258632865741	74
2.124463947035247	0.3200549012411821	73
2.145909059742179	0.3178731428689024	71
2.1241421964893874	0.32008786319768173	73
2.1086508654911484	0.3216829561340932	73
2.0830127983218563	0.32435804371111254	75
2.108047085892364	0.3217454473386416	74
2.12380162669004	0.3201227605030712	74
2.0820877672850675	0.32445539371543414	71
2.1008795239379867	0.32248914937850987	73
1.6026160254198791	0.3842287875863941	94
2.0954329445867907	0.3230565862357874	74
2.1224377304874844	0.3202625917039111	73
2.083664586281085	0.3242894848061296	74
2.1259539038757103	0.3199023500507001	73
2.1169465655200317	0.3208268024425244	73
2.129767368881264	0.3195125650368865	75
2.13101662835334	0.31938508117279424	74
1.8891635293294595	0.3461209411819234	83
2.127548808195017	0.319739214742143	75
2.094140841079057	0.3231914936526477	73
2.1279645537148095	0.31969671741081196	74
2.139415494089359	0.3185306315403999	73
2.108929004948701	0.32165417685905007	74
2.1270743305923996	0.3197877294495132	73
2.143038748978957	0.3181634335004169	74
2.139135325055335	0.3185590605216653	72
2.1115341631219366	0.32138486919155557	76
2.093657359956271	0.32324200247377594	75
2.1337894915583586	0.31910248046135475	73
2.126031798778176	0.31989437867869885	71
2.147892070629832	0.3176728990584228	74
2.0987910486726395	0.3227064956278184	73
2.117476450816505	0.32077227070571385	71
2.1243139799304256	0.3200702638799026	73
2.1302105629602126	0.31946732652205634	76
2.099180130105297	0.32266598197569896	75
2.1436481766933935	0.31810175432921295	72
2.0902172641153585	0.3236018423728118	73
2.11504632534972	0.3210225131684782	75
1.9264963518004845	0.34170553446436536	85
1.6026160254198791	0.3842287875863941	94
1.6026160254198791	0.3842287875863941	94
1.6026160254198791	0.3842287875863941	94
1.6026160254198791	0.3842287875863941	94
2.1270823641581487	0.31978690790551434	72
2.1030712619243044	0.32226137126476145	73
2.1247137141684833	0.3200293183550448	74
2.104643203705472	0.3220982040082655	70
2.0954669040185436	0.32305304207962854	78
1.6026160254198791	0.3842287875863941	94
1.8261661659189967	0.3538362365451452	87
2.122129555080531	0.3202942037984091	72
2.1193900485692554	0.32057549214105546	73
2.1248040200018106	0.3200200696104521	74
2.0959904918797228	0.32299840798052726	75
2.103249492033773	0.3222428627047422	75
2.1038625329747975	0.3221792168229764	74
2.1277259391457606	0.31972110710988905	71
2.1049653803159605	0.322064782538168	74
2.131815421945532	0.3193036195532828	73
2.1204576482655457	0.32046581390259643	75
2.090645676966659	0.32355698598923793	74
2.1428203346918044	0.31818554467195254	73
2.118402938637838	0.3206769682037351	74
2.0606710256786585	0.32672573811759625	74
1.431755488469254	0.41122555484781975	78
