0.261028098014368	0.7930037416094167	628
0.2784758447035318	0.7821813796035324	628
0.2576619610680316	0.7951262190921161	628
0.2791389606866815	0.7817758904499078	627
0.27947886007779543	0.7815682081212327	627
0.27781434385763637	0.7825863004331808	627
0.2793245646769316	0.7816624706589063	627
0.27974143467014756	0.7814078476389642	627
0.27195638091382074	0.7861904818477838	629
0.279315816883844	0.7816678155639464	627
0.27974143467014756	0.7814078476389642	627
0.27840304108673425	0.7822259239542549	627
0.2762082814614487	0.7835711572525221	627
0.2741619358407692	0.7848295980841238	627
0.27974143467014756	0.7814078476389642	627
0.261028098014368	0.7930037416094167	628
0.2760158137189218	0.7836893471449391	628
0.27747319221958505	0.7827952915884828	628
0.2797098841268658	0.78142711281963	627
0.27799812767250426	0.7824737598177897	628
0.27700860054204757	0.7830800822919542	628
0.2794647541549879	0.7815768248031513	627
0.27802440278177465	0.7824576728138987	628
0.27974143467014756	0.7814078476389642	627
0.261028098014368	0.7930037416094167	628
0.2747538969442493	0.7844651445248607	626
0.27891845565559964	0.7819106805268359	627
0.2771458940009531	0.7829959010143079	627
0.2794800965470565	0.7815674528261192	627
0.27974143467014756	0.7814078476389642	627
0.27974143467014756	0.7814078476389642	627
0.27788339986035726	0.7825440099693576	628
0.2787454917598439	0.7820164422427586	628
0.2796485319756855	0.781464577977573	627
0.27940990875255994	0.7816103292298339	626
0.2768806031175664	0.7831585800257684	626
0.2765679701217458	0.7833503764822098	625
0.27974143467014756	0.7814078476389642	627
0.27974143467014756	0.7814078476389642	627
0.27974143467014756	0.7814078476389642	627
0.27974143467014756	0.7814078476389642	627
0.27974143467014756	0.7814078476389642	627
0.27974143467014756	0.7814078476389642	627
0.38128322923034563	0.7239644837773079	614
0.27974143467014756	0.7814078476389642	627
0.27974143467014756	0.7814078476389642	627
0.27974143467014756	0.7814078476389642	627
0.27974143467014756	0.7814078476389642	627
0.27974143467014756	0.7814078476389642	627
0.261028098014368	0.7930037416094167	628
0.27974143467014756	0.7814078476389642	627
0.27974143467014756	0.7814078476389642	627
0.27974143467014756	0.7814078476389642	627
0.261028098014368	0.7930037416094167	628
0.27974143467014756	0.7814078476389642	627
0.27974143467014756	0.7814078476389642	627
0.27974143467014756	0.7814078476389642	627
0.27974143467014756	0.7814078476389642	627
0.27974143467014756	0.7814078476389642	627
0.27974143467014756	0.7814078476389642	627
0.261028098014368	0.7930037416094167	628
0.27974143467014756	0.7814078476389642	627
0.27974143467014756	0.7814078476389642	627
0.27974143467014756	0.7814078476389642	627
0.27974143467014756	0.7814078476389642	627
0.27974143467014756	0.7814078476389642	627
0.27974143467014756	0.7814078476389642	627
0.27974143467014756	0.7814078476389642	627
0.261028098014368	0.7930037416094167	628
0.27974143467014756	0.7814078476389642	627
0.27974143467014756	0.7814078476389642	627
0.27974143467014756	0.7814078476389642	627
0.27974143467014756	0.7814078476389642	627
0.27974143467014756	0.7814078476389642	627
0.27974143467014756	0.7814078476389642	627
0.27974143467014756	0.7814078476389642	627
0.27974143467014756	0.7814078476389642	627
0.27974143467014756	0.7814078476389642	627
0.27974143467014756	0.7814078476389642	627
0.27974143467014756	0.7814078476389642	627
0.27974143467014756	0.7814078476389642	627
0.27974143467014756	0.7814078476389642	627
0.27974143467014756	0.7814078476389642	627
0.27974143467014756	0.7814078476389642	627
0.2796422852120317	0.781468392812843	627
0.49243667490802673	0.6700451796801538	600
0.27974143467014756	0.7814078476389642	627
0.31444117934393306	0.7607795736429396	614
0.27974143467014756	0.7814078476389642	627
0.27974143467014756	0.7814078476389642	627
0.27974143467014756	0.7814078476389642	627
0.27974143467014756	0.7814078476389642	627
0.27974143467014756	0.7814078476389642	627
0.27974143467014756	0.7814078476389642	627
0.27974143467014756	0.7814078476389642	627
0.27974143467014756	0.7814078476389642	627
0.27974143467014756	0.7814078476389642	627
0.27974143467014756	0.7814078476389642	627
0.27974143467014756	0.7814078476389642	627
0.27974143467014756	0.7814078476389642	627
0.2576619610680316	0.7951262190921161	628
