0.261028098014368	0.7930037416094167	628
0.261028098014368	0.7930037416094167	628
0.261028098014368	0.7930037416094167	628
0.261028098014368	0.7930037416094167	628
0.261028098014368	0.7930037416094167	628
0.261028098014368	0.7930037416094167	628
0.2794357783271057	0.7815945254458375	627
0.27974143467014756	0.7814078476389642	627
0.27974143467014756	0.7814078476389642	627
0.2789136088559889	0.781913643795313	627
0.2771764345816382	0.7829771775640127	628
0.261028098014368	0.7930037416094167	628
0.2617116869709309	0.7925740962269769	628
0.261028098014368	0.7930037416094167	628
0.27974143467014756	0.7814078476389642	627
0.27974143467014756	0.7814078476389642	627
0.27974143467014756	0.7814078476389642	627
0.27974143467014756	0.7814078476389642	627
0.27974143467014756	0.7814078476389642	627
0.2791273403425298	0.7817829925613317	627
0.278974710638084	0.78187628862583	627
0.27974143467014756	0.7814078476389642	627
0.27974143467014756	0.7814078476389642	627
0.2795971047771087	0.7814959851555687	627
0.27974143467014756	0.7814078476389642	627
0.2794109092481572	0.7816097180128374	627
0.27974143467014756	0.7814078476389642	627
0.2779337164251112	0.7825131985697956	627
0.2795251569655997	0.7815399287431792	627
0.2764354203741668	0.7834317224657287	627
0.2780686972554959	0.7824305549047433	628
0.27974143467014756	0.7814078476389642	627
0.261028098014368	0.7930037416094167	628
0.3110029342349277	0.7627747992673852	625
0.27948904608933905	0.7815619860571874	627
0.2780681518972362	0.7824308887718888	628
0.27974143467014756	0.7814078476389642	627
0.27974143467014756	0.7814078476389642	627
0.27974143467014756	0.7814078476389642	627
0.27974143467014756	0.7814078476389642	627
0.261028098014368	0.7930037416094167	628
0.2789162791402613	0.7819120112164339	627
0.27974143467014756	0.7814078476389642	627
0.27974143467014756	0.7814078476389642	627
0.27974143467014756	0.7814078476389642	627
0.27974143467014756	0.7814078476389642	627
0.27974143467014756	0.7814078476389642	627
0.27835591687948186	0.7822547592544025	628
0.27867507279011533	0.7820595093153445	628
0.27974143467014756	0.7814078476389642	627
0.27974143467014756	0.7814078476389642	627
0.27974143467014756	0.7814078476389642	627
0.261028098014368	0.7930037416094167	628
0.261028098014368	0.7930037416094167	628
0.27974143467014756	0.7814078476389642	627
0.27974143467014756	0.7814078476389642	627
0.27974143467014756	0.7814078476389642	627
0.27974143467014756	0.7814078476389642	627
0.27974143467014756	0.7814078476389642	627
0.2794391326241979	0.7815924763446517	627
0.27974143467014756	0.7814078476389642	627
0.261028098014368	0.7930037416094167	628
0.27974143467014756	0.7814078476389642	627
0.27974143467014756	0.7814078476389642	627
0.27974143467014756	0.7814078476389642	627
0.27974143467014756	0.7814078476389642	627
0.261028098014368	0.7930037416094167	628
0.27810124440806633	0.7824106301243257	625
0.2760463988619879	0.783670563148665	627
0.27974143467014756	0.7814078476389642	627
0.27974143467014756	0.7814078476389642	627
0.27974143467014756	0.7814078476389642	627
0.27974143467014756	0.7814078476389642	627
0.27974143467014756	0.7814078476389642	627
0.27974143467014756	0.7814078476389642	627
0.2791125414579431	0.7817920375170363	628
0.27974143467014756	0.7814078476389642	627
0.27957357582754	0.7815103553957568	628
0.27974143467014756	0.7814078476389642	627
0.2783608086324898	0.7822517658920859	628
0.27974143467014756	0.7814078476389642	627
0.27728252054704705	0.7829121466186746	627
0.27939638160157226	0.7816185932526879	627
0.2797341121114068	0.7814123188059126	627
0.27974143467014756	0.7814078476389642	627
0.27974143467014756	0.7814078476389642	627
0.2768333203708377	0.7831875813748066	627
0.2787192692135017	0.7820324789623818	628
0.27974143467014756	0.7814078476389642	627
0.27974143467014756	0.7814078476389642	627
0.27974143467014756	0.7814078476389642	627
0.27974143467014756	0.7814078476389642	627
0.27973760915430557	0.781410183499127	627
0.27974143467014756	0.7814078476389642	627
0.27974143467014756	0.7814078476389642	627
0.27970892879760045	0.7814276961711819	626
0.27974143467014756	0.7814078476389642	627
0.27974143467014756	0.7814078476389642	627
0.2781071703455438	0.782407002481368	627
0.2873937404845194	0.7767631366792597	624
0.261028098014368	0.7930037416094167	628
