0.261028098014368	0.7930037416094167	628
0.261028098014368	0.7930037416094167	628
0.26079857665585465	0.7931481035237227	628
0.261028098014368	0.7930037416094167	628
0.27974143467014756	0.7814078476389642	627
0.27974143467014756	0.7814078476389642	627
0.261028098014368	0.7930037416094167	628
0.27695319872432633	0.7831140569591728	627
0.27974143467014756	0.7814078476389642	627
0.27974143467014756	0.7814078476389642	627
0.27974143467014756	0.7814078476389642	627
0.261028098014368	0.7930037416094167	628
0.261028098014368	0.7930037416094167	628
0.27974143467014756	0.7814078476389642	627
0.27974143467014756	0.7814078476389642	627
0.27895143118234944	0.7818905203268994	627
0.27647479359147153	0.7834075572980286	628
0.29961021833680357	0.769461478442179	624
0.27974143467014756	0.7814078476389642	627
0.535658208292743	0.6511865691205746	616
0.27974143467014756	0.7814078476389642	627
0.27974143467014756	0.7814078476389642	627
0.261028098014368	0.7930037416094167	628
0.261028098014368	0.7930037416094167	628
0.27974143467014756	0.7814078476389642	627
0.27974143467014756	0.7814078476389642	627
0.27974143467014756	0.7814078476389642	627
0.27974143467014756	0.7814078476389642	627
0.27974143467014756	0.7814078476389642	627
0.27974143467014756	0.7814078476389642	627
0.27974143467014756	0.7814078476389642	627
0.27974143467014756	0.7814078476389642	627
0.27974143467014756	0.7814078476389642	627
0.27974143467014756	0.7814078476389642	627
0.27974143467014756	0.7814078476389642	627
0.261028098014368	0.7930037416094167	628
0.27974143467014756	0.7814078476389642	627
0.261028098014368	0.7930037416094167	628
0.261028098014368	0.7930037416094167	628
0.27974143467014756	0.7814078476389642	627
0.261028098014368	0.7930037416094167	628
0.27974143467014756	0.7814078476389642	627
0.27974143467014756	0.7814078476389642	627
0.27974143467014756	0.7814078476389642	627
0.27974143467014756	0.7814078476389642	627
0.27974143467014756	0.7814078476389642	627
0.27974143467014756	0.7814078476389642	627
0.27974143467014756	0.7814078476389642	627
0.27974143467014756	0.7814078476389642	627
0.27974143467014756	0.7814078476389642	627
0.27974143467014756	0.7814078476389642	627
0.27974143467014756	0.7814078476389642	627
0.27974143467014756	0.7814078476389642	627
0.27974143467014756	0.7814078476389642	627
0.48091353474294257	0.6752588699741882	594
0.27974143467014756	0.7814078476389642	627
0.27974143467014756	0.7814078476389642	627
0.27974143467014756	0.7814078476389642	627
0.2919783627662644	0.7740067704066595	625
0.27974143467014756	0.7814078476389642	627
0.27974143467014756	0.7814078476389642	627
0.27974143467014756	0.7814078476389642	627
0.27974143467014756	0.7814078476389642	627
0.27974143467014756	0.7814078476389642	627
0.3616506969945594	0.7344027379468199	619
0.27974143467014756	0.7814078476389642	627
0.27974143467014756	0.7814078476389642	627
0.27974143467014756	0.7814078476389642	627
0.27974143467014756	0.7814078476389642	627
0.27974143467014756	0.7814078476389642	627
0.27974143467014756	0.7814078476389642	627
0.27974143467014756	0.7814078476389642	627
0.27974143467014756	0.7814078476389642	627
0.27974143467014756	0.7814078476389642	627
0.27974143467014756	0.7814078476389642	627
0.27974143467014756	0.7814078476389642	627
0.27974143467014756	0.7814078476389642	627
0.261028098014368	0.7930037416094167	628
0.27974143467014756	0.7814078476389642	627
0.27974143467014756	0.7814078476389642	627
0.27974143467014756	0.7814078476389642	627
0.27974143467014756	0.7814078476389642	627
0.27974143467014756	0.7814078476389642	627
0.27974143467014756	0.7814078476389642	627
0.27974143467014756	0.7814078476389642	627
0.261028098014368	0.7930037416094167	628
0.27974143467014756	0.7814078476389642	627
0.27974143467014756	0.7814078476389642	627
0.27974143467014756	0.7814078476389642	627
0.27974143467014756	0.7814078476389642	627
0.27974143467014756	0.7814078476389642	627
0.27974143467014756	0.7814078476389642	627
0.2884533058659627	0.7761243620139616	623
0.27974143467014756	0.7814078476389642	627
0.27974143467014756	0.7814078476389642	627
0.27974143467014756	0.7814078476389642	627
0.27974143467014756	0.7814078476389642	627
0.27974143467014756	0.7814078476389642	627
0.27974143467014756	0.7814078476389642	627
0.27974143467014756	0.7814078476389642	627
0.26079857665585465	0.7931481035237227	628
