1.5622515547107305	0.39028174191620174	92
1.5576961881828317	0.39097685042509706	94
1.5473983156287816	0.3925573766241449	93
1.5473983156287816	0.3925573766241449	93
1.5473983156287816	0.3925573766241449	93
1.5993407497000562	0.3847129315828993	94
1.6026160254198791	0.3842287875863941	94
1.6026160254198791	0.3842287875863941	94
1.6026160254198791	0.3842287875863941	94
1.6026160254198791	0.3842287875863941	94
1.6026160254198791	0.3842287875863941	94
1.6026160254198791	0.3842287875863941	94
1.6026160254198791	0.3842287875863941	94
1.6026160254198791	0.3842287875863941	94
1.6026160254198791	0.3842287875863941	94
1.5594693958147035	0.39070598055800954	92
1.6026160254198791	0.3842287875863941	94
1.6026160254198791	0.3842287875863941	94
1.6026160254198791	0.3842287875863941	94
1.6026160254198791	0.3842287875863941	94
2.0811131372923795	0.32455802673925177	73
2.0744259836803596	0.32526396969977195	91
2.104388005809804	0.3221246822653994	71
2.1194958588692097	0.32056461852861423	73
1.6026160254198791	0.3842287875863941	94
1.6026160254198791	0.3842287875863941	94
1.5647290939886254	0.3899047280837042	94
1.6026160254198791	0.3842287875863941	94
1.6026160254198791	0.3842287875863941	94
1.6231677333980474	0.3812184738581705	94
1.576381182948044	0.38814132264999013	94
1.710731751411133	0.3689040789371457	93
1.6026160254198791	0.3842287875863941	94
1.9152340006462776	0.34302563697401656	94
1.6026160254198791	0.3842287875863941	94
2.1108639514442893	0.32145410908623223	76
1.6026160254198791	0.3842287875863941	94
1.5661996641417757	0.3896812917456421	93
1.6026160254198791	0.3842287875863941	94
1.6019120181252196	0.38433274954490565	94
1.6026160254198791	0.3842287875863941	94
1.6026160254198791	0.3842287875863941	94
1.6026160254198791	0.3842287875863941	94
1.5778947880333647	0.38791342635161785	92
1.5927959186199825	0.3856840381530108	96
1.538587649944932	0.3939198238917188	93
1.6012935214885895	0.3844241304332893	95
1.6026160254198791	0.3842287875863941	94
2.124638848260441	0.32003698621257404	78
2.1137489599501276	0.32115626945597336	75
2.075280567384177	0.3251735827312161	73
1.6026160254198791	0.3842287875863941	94
1.631499703878367	0.3800114431045446	94
2.0924261229409704	0.3233706999761651	73
2.074203490075938	0.3252875104813892	76
2.10726841569992	0.32182607558051834	73
2.0910986189530556	0.32350957483805437	72
2.0938560386656735	0.3232212447839954	73
2.0632238831347616	0.3264534484422491	77
1.9788032403370586	0.3357052881031671	74
2.114601891632664	0.3210683210224994	73
1.8748691266841824	0.34784192112194695	87
1.6026160254198791	0.3842287875863941	94
1.6026160254198791	0.3842287875863941	94
1.6968512737034211	0.3708027987122779	92
1.6026160254198791	0.3842287875863941	94
1.4781279463023465	0.4035304155671686	93
1.6026160254198791	0.3842287875863941	94
1.8089344886158125	0.35600687878369863	85
2.0121921240147094	0.3319841360806628	74
2.0614188905589477	0.3266459232625373	89
1.6026160254198791	0.3842287875863941	94
1.7214201531139253	0.3674552049068101	93
2.1238923909683565	0.32011345937880276	74
2.0713637413276813	0.32558826769496296	87
2.078585154941854	0.32482453778962866	74
2.097180401666391	0.322874314799992	79
2.0862188199226956	0.3240210945330987	74
2.06466383971572	0.3263000617035898	75
2.1311666264803915	0.31936978107232084	73
2.105245126945005	0.3220357682305801	74
1.6026160254198791	0.3842287875863941	94
2.1012138294065315	0.3224543856078981	74
2.0882587264083003	0.32380706689138633	73
2.117063998459397	0.3208147155445792	70
2.116834964734822	0.3208382899044766	76
2.129137596148667	0.31957687039099747	73
2.0726424704895607	0.32545276894537983	73
2.1245133787996084	0.3200498377715973	74
2.06358096363162	0.3264153981472007	79
2.114055884625983	0.32112461595084896	75
1.6500436023026561	0.3773522817251337	92
2.1115820709351  	0.32137992095431944	76
2.043605146582168	0.32855773066455585	78
2.0858441729441206	0.32406043337111445	76
2.0649363704805226	0.326271047461654	75
1.830545918817196	0.3532887395862743	91
1.6026160254198791	0.3842287875863941	94
1.6026160254198791	0.3842287875863941	94
2.0991971884486245	0.32266420598444506	79
1.4781279463023465	0.4035304155671686	93
