18.104051347000013	0.052344917935798686	27
17.01918816061829	0.055496395902316115	22
17.049290738956525	0.0554038391016473	24
17.98784256500001	0.052665277615229655	25
15.861196531099804	0.05930777202884386	24
15.861196531099804	0.05930777202884386	24
16.956244058649403	0.055690933846396826	25
16.585797217889883	0.0568640697723222	25
16.01942361543131	0.058756396373688694	25
16.04143359194641	0.05868050916048452	24
15.815019539467691	0.05947064156855905	24
15.893641835559709	0.059193867712708535	23
15.861196531099804	0.05930777202884386	24
15.802416759227594	0.05951524797471872	24
15.635073463923234	0.06011395153551422	23
15.861196531099804	0.05930777202884386	24
15.866611406515467	0.05928873179669665	24
15.853976609400938	0.05933317834570937	24
15.703469366632978	0.05986780219429205	27
15.774592317806306	0.0596139674249189	24
15.500261669450339	0.06060509948466243	24
15.618968063710344	0.06017220781497431	24
15.371308696274305	0.06108247169192862	24
15.628937413891197	0.060136133482866866	24
15.765836195827994	0.05964510140262731	25
15.703469366632975	0.05986780219429208	27
15.861196531099804	0.05930777202884386	24
15.772692176405666	0.0596207209601516	24
15.860538753380585	0.05931008579423343	24
15.745058168217014	0.059719111749522116	25
15.861196531099804	0.05930777202884386	24
15.815861443750228	0.05946766410659617	29
15.725137963367187	0.059790239230927994	23
15.577376353687413	0.06032317651867532	27
15.782324179825054	0.05958650239888433	25
15.503249939446764	0.060594125621872684	24
15.66211152435059	0.06001640299541658	25
15.663134526091639	0.06001271840146101	25
15.65718859576534	0.06003414047039271	24
15.850309734766245	0.05934609011588429	25
15.667423737745912	0.05999727466791092	27
15.510886693094509	0.06056609911920955	22
15.76942461346559	0.05963233820181376	24
15.559823610523274	0.060387116645646506	25
15.758852934839535	0.059669954971746694	25
15.663989668515836	0.06000963874151659	24
15.82578179103848	0.059432602444220835	25
15.711430319567896	0.05983928250767806	26
15.861196531099804	0.05930777202884386	24
15.740483747996247	0.05973543029302812	24
15.739307317769466	0.059739628469480256	24
15.809513211047356	0.05949012249461165	24
15.541036986775403	0.060455701828095926	27
15.820588234886305	0.05945095296524624	24
15.82722852867266	0.05942749266737869	25
15.838266969570675	0.05938853456873876	24
15.797315326017525	0.059533323069257994	25
15.861196531099804	0.05930777202884386	24
15.861196531099804	0.05930777202884386	24
15.448914596197373	0.06079428488437638	24
15.861196531099804	0.05930777202884386	24
15.770297942849837	0.05962923279048592	25
15.791662462866071	0.05955336478513967	25
15.65792613186041	0.06003148243570203	25
15.761291579809383	0.05966127343101638	25
15.63662274073332	0.06010835345515092	27
15.730910355067117	0.059769610784934986	24
15.76324678657823	0.059654314747705474	29
15.779662706136282	0.05959595359651076	24
15.861196531099804	0.05930777202884386	24
15.785461645302114	0.05957536474904628	24
15.813644027031671	0.05947550682007289	25
15.624822766867526	0.06015101718816228	23
15.575915343163048	0.06032849343746577	24
15.784504559239831	0.05957876185564871	23
15.861196531099804	0.05930777202884386	24
15.808627509099804	0.059493257225113894	24
15.550030210429563	0.0604228504289869	26
15.786451098764768	0.059571853163983245	23
15.861196531099804	0.05930777202884386	24
15.66711800386772	0.059998375230075354	26
16.01334438525566	0.05877739128508054	22
15.784411268248057	0.05957909300588648	24
15.731333674024565	0.059768098555855256	25
15.829809064261928	0.05941838057589722	23
15.717243179200239	0.05981847540772811	22
15.861196531099804	0.05930777202884386	24
15.846114926554073	0.05936086773477529	24
15.91708967771169	0.059111822367265844	25
15.744381922285765	0.0597215235916866	25
15.861196531099804	0.05930777202884386	24
15.858003656332645	0.059319004811364706	19
15.813890877020814	0.059474633641561137	26
15.613750548073305	0.06019110477832291	24
15.745939631545689	0.059715968288588515	24
15.803874589784176	0.0595100846924878	25
15.861196531099804	0.05930777202884386	24
16.06697885711929	0.058592678198746445	24
15.700934213214172	0.05987688995318456	25
15.705183032206484	0.05986166078348656	25
15.371308696274305	0.06108247169192862	24
