14.569837347000016	0.06422674673558354	33
14.582283437000017	0.06417544668873802	32
14.189557220861877	0.06583470376783364	27
14.582283437000017	0.06417544668873802	32
14.582283437000017	0.06417544668873802	32
18.24956701900001	0.05194922041690414	26
18.209579922000014	0.0520573590916862	26
17.937429964000017	0.052805475816992915	26
17.977366117000013	0.05269435146240844	27
18.21840934600001	0.0520334426224579	28
18.072197505000013	0.05243234292943105	24
18.24956701900001	0.05194922041690414	26
14.582283437000017	0.06417544668873802	32
18.24956701900001	0.05194922041690414	26
18.086630219000018	0.052392695228335166	27
17.71177030000001	0.053442297760570495	28
17.902706558000016	0.052902477057010615	28
15.097276476000014	0.06212231003741128	32
18.055183891000016	0.05247915767804852	26
18.066492347000008	0.05244803196102002	25
17.936971510000014	0.052806754209453806	27
18.093489999000013	0.052373871935008906	26
17.906238326000018	0.052892594642943415	25
18.01575712500001	0.0525879665703818	26
17.94282948900001	0.0527904239744487	25
17.862532686000016	0.05301515001440985	30
18.127449317000018	0.05228088614571437	27
18.20119197300001	0.05208010010035638	27
18.01684382100002	0.05258496149059787	26
17.957992326000014	0.05274820153970344	28
17.96266173100002	0.05273521271358268	26
14.582283437000017	0.06417544668873802	32
14.582283437000017	0.06417544668873802	32
15.630420769000017	0.06013076962334307	33
17.866438009000014	0.05300417596172429	27
18.147655109000013	0.0522257161154928	27
17.925510242000012	0.052838733921200844	26
18.012055558000018	0.05259820522558979	25
18.086001970000012	0.0523944198251594	27
17.827537612000015	0.05311369020251671	30
18.091367540000014	0.052379694534967776	25
17.59104493700001	0.053789338005944674	28
17.976500151000014	0.05269675609531732	25
16.25722485700001	0.05794674452505451	32
18.013193192000013	0.05259505806845532	28
18.16298774000001	0.05218392943562983	26
18.05903827200001	0.052468544620591834	29
18.04941080800001	0.05249506192496194	27
14.582283437000017	0.06417544668873802	32
14.582283437000017	0.06417544668873802	32
18.01101980000001	0.052601070879953506	26
17.97986212500001	0.05268742172172125	26
17.946174482000014	0.05278110369721651	29
18.157690087000013	0.052198359794878295	26
17.897663600000012	0.052916594409056966	29
18.011783882000014	0.05259895684732565	27
18.052161512000012	0.052487482817639854	25
18.068852514000014	0.052441540426505354	27
18.18455190800001	0.05212527270876716	25
17.741620538000017	0.05335717890416287	27
18.00237715200001	0.052624994862537466	26
17.984803206000013	0.05267370902659434	26
18.096393519000014	0.05236590872538561	26
17.909821035000018	0.052882573460061255	28
17.897205151000012	0.05291787817348649	27
18.023143272000013	0.052567548154457244	24
17.97719631900001	0.05269482294382958	28
18.21596427300001	0.05204006344896681	25
18.042194452000015	0.05251495580095651	27
17.837165078000012	0.05308654438495649	28
18.108754714000014	0.05233203392722137	25
18.06550752300002	0.052450741150930916	25
18.052772780000012	0.05248579886753887	27
18.18538390900001	0.05212301222342976	26
18.20964784300001	0.05205717502855731	26
17.99128943200001	0.05265571901163364	25
17.222620311000007	0.054876849922420555	29
15.956905639000018	0.058973023810432186	32
17.991391315000012	0.052655436529822214	26
18.138435153000017	0.05225087589479574	25
14.582283437000017	0.06417544668873802	32
18.21526810800001	0.05204194884918956	26
14.582283437000017	0.06417544668873802	32
14.582283437000017	0.06417544668873802	32
14.582283437000017	0.06417544668873802	32
15.837182069000013	0.0593923612574792	31
17.193703957000007	0.054964069018791036	39
18.115495636000016	0.052313579466739556	26
18.006689983000005	0.05261305366133828	26
16.91168880700001	0.05582946481345707	31
17.90021054900001	0.05290946349023127	27
18.034672463000014	0.05253570829463026	27
17.926393182000012	0.05283626892793563	26
18.19939212900001	0.05208498234116147	27
18.086392502000013	0.05239334776832304	26
18.23496451300001	0.051988658431064275	27
18.03409515500001	0.05253730171341047	25
18.001816827000013	0.05262654666679465	26
18.074523719000013	0.05242594859676136	29
18.083268246000014	0.052401925451611625	27
14.189557220861877	0.06583470376783364	27
