14.319676041000017	0.06527553176214054	32
14.527846652000017	0.06440042991223113	32
14.47634734800002	0.06461472965901273	32
14.932302115000018	0.06276556851495524	32
14.582283437000017	0.06417544668873802	32
14.582283437000017	0.06417544668873802	32
14.582283437000017	0.06417544668873802	32
14.582283437000017	0.06417544668873802	32
16.852175103000018	0.05601558321215168	30
18.134597753000012	0.052261354688954216	28
18.162478350000008	0.052185316624245505	26
18.023584745000015	0.052566328239625336	25
18.24956701900001	0.05194922041690414	26
18.009304854000014	0.05260581634522927	28
18.170102218000007	0.05216456274609937	27
17.984854156000008	0.052673567665198956	29
18.231619519000013	0.05199770092227766	26
18.148283357000015	0.052224002609321696	26
18.24956701900001	0.05194922041690414	26
18.24956701900001	0.05194922041690414	26
18.24956701900001	0.05194922041690414	26
18.16011817900001	0.052191744886836144	27
18.45047033600001	0.051412638497956756	27
18.139182261000013	0.052248836254498915	27
18.22467484100001	0.05201648445399574	26
18.078327162000008	0.052415496993456975	26
18.24956701900001	0.05194922041690414	26
17.925951710000014	0.052837501401402406	27
18.24956701900001	0.05194922041690414	26
18.07904031100001	0.052413537772308734	28
18.093982409000013	0.05237252127815131	26
17.803986825000013	0.0531802116916235	28
18.24956701900001	0.05194922041690414	26
17.816059359000015	0.053146090842963054	28
18.186114036000014	0.05212102868374712	26
15.784358351000018	0.059579280845157824	33
18.21010629100001	0.052055932687290904	26
15.131660283000015	0.06198989951789571	32
17.182446440000014	0.05499809958466729	30
18.22956498200001	0.052003256492596586	26
18.01881345800001	0.05257951565739572	26
18.07031276300001	0.052437524881090984	29
18.24956701900001	0.05194922041690414	26
18.18246341000001	0.052130947867659684	26
18.163259419000013	0.0521831896200559	26
14.582283437000017	0.06417544668873802	32
18.24956701900001	0.05194922041690414	26
15.769636986000018	0.05963158301129841	31
14.822020427442194	0.06320305327539393	23
15.881510197983236	0.05923640647502413	24
14.700097477928512	0.06369387205434988	24
14.822020427442194	0.06320305327539393	23
14.822020427442194	0.06320305327539393	23
14.822020427442194	0.06320305327539393	23
14.719693027955874	0.06361447378276419	24
14.822020427442194	0.06320305327539393	23
14.822020427442194	0.06320305327539393	23
14.678611258469555	0.06378115915462869	23
14.801933491442192	0.06328339506944307	23
14.822020427442194	0.06320305327539393	23
14.812368004955871	0.06324163462971406	24
14.760469167442189	0.06344988777782005	24
14.822020427442194	0.06320305327539393	23
14.749949754928512	0.0634922660427585	23
14.650388846000018	0.06389617598898084	31
14.777481758414837	0.06338147084002524	23
14.822020427442194	0.06320305327539393	23
14.700794669955876	0.06369104373510098	24
14.822020427442194	0.06320305327539393	23
14.822020427442194	0.06320305327539393	23
14.822020427442194	0.06320305327539393	23
14.73707119744219	0.06354422544409241	23
14.766615802442193	0.06342515175926997	23
14.739558206928514	0.0635341848133833	24
14.822020427442194	0.06320305327539393	23
14.690741686928511	0.06373185028169001	23
14.792577699442194	0.06332088523049158	23
14.69249856841483	0.06372471506945082	23
14.701821425442194	0.06368687892346464	23
14.582283437000017	0.06417544668873802	32
14.582283437000017	0.06417544668873802	32
14.783510562442196	0.06335726111398561	23
14.701448898469554	0.06368838993562381	24
14.691879323928514	0.06372722982103884	24
14.742861259442194	0.06352085453336659	24
14.545778365442192	0.06432614543270285	23
14.822020427442194	0.06320305327539393	23
14.822020427442194	0.06320305327539393	23
14.822020427442194	0.06320305327539393	23
14.582283437000017	0.06417544668873802	32
14.792203122414833	0.06332238714563133	24
14.753719238928515	0.06347707387909592	23
14.745281373955873	0.0635110911167387	25
14.582283437000017	0.06417544668873802	32
14.60589433292851	0.06407835261898417	24
14.822020427442194	0.06320305327539393	23
14.822020427442194	0.06320305327539393	23
14.575467810955875	0.06420352904563124	24
14.49335418295587	0.06454380298748305	23
14.675833546928512	0.06379246098820293	24
14.319676041000017	0.06527553176214054	32
