18.149166299000015	0.05222159463162743	26
17.960835021906252	0.05274029328585254	27
18.000475431000016	0.05263026199694251	28
17.997266278000016	0.0526391526741961	27
17.345172113432312	0.05451025445914466	23
16.326995459158027	0.05771341040384812	24
15.970889647883716	0.058924430053359095	25
16.153989720158023	0.058295476231099666	23
15.770053962980942	0.059630100309006166	24
15.42885628770664	0.060868509802978706	23
14.7219875357225	0.0636051897209474	29
14.473382449406273	0.06462711067019292	31
14.388431899447095	0.06498387922397278	21
14.388431899447095	0.06498387922397278	21
14.23289928262908	0.06564738474574931	27
14.146446957745157	0.06602208443932447	24
14.383083307447098	0.06500647367071662	21
14.388431899447095	0.06498387922397278	21
14.238101231722501	0.06562497418761148	30
14.338470893110525	0.06519554699870135	21
14.400269413554739	0.06493392895580369	21
14.35114173059034	0.06514173457256878	31
14.338470893110525	0.06519554699870135	21
14.395825279722503	0.06495267267790299	30
14.493509253722502	0.06454315698425378	30
14.153698807656424	0.06599048936453382	31
14.338470893110525	0.06519554699870135	21
14.371116418788587	0.0650570832173042	30
14.338470893110525	0.06519554699870135	21
14.271714313666315	0.06548053345295507	21
14.338470893110525	0.06519554699870135	21
14.301140061666313	0.06535460730179728	21
14.258904771656423	0.06553550303672584	31
14.181331591666314	0.0658703746744418	22
14.323451333666316	0.06525944959951384	21
14.206012580110524	0.06576345999529165	21
14.195102095666318	0.06581067989567524	24
14.284177383666314	0.06542713911896013	22
14.144749970110524	0.06602948229410104	22
14.053372888666315	0.0664302948844707	23
14.154862406554734	0.06598542257747475	22
14.228476666110527	0.06566644989681741	22
14.192521187666316	0.06582185982480815	22
14.273649993666318	0.06547223488915094	21
14.250457887554731	0.06557180167134907	21
13.865760432889477	0.06726867451647939	23
14.179005378666318	0.06588046944139522	22
14.258877691666317	0.0655356193428402	22
14.035340488666314	0.06650996701762778	21
14.231219933554733	0.0656546228314238	22
14.219086915110523	0.06570696425993423	21
14.214323067666314	0.06572753815943436	22
13.972777883222104	0.06678787382003175	22
14.091069833554737	0.06626435441816836	21
14.201207333110528	0.06578424845386122	22
14.233202344777894	0.0656460787014236	23
14.151251076222106	0.06600115033202561	22
14.112294405554735	0.06617128896274255	21
14.087960450666316	0.06627801042226605	22
14.082596980554737	0.06630157931616495	22
14.014959564998943	0.06660024595278159	23
14.165327212222106	0.06593988946008865	20
14.134596135110524	0.0660737816240841	22
14.162008740666316	0.06595432156148814	22
14.245005311666322	0.0655952542853327	20
14.205367353110525	0.06576625061251365	21
14.142874770554734	0.06603765897506439	22
14.202361953110525	0.06577925213755301	21
14.079485496777894	0.06631525990814971	21
14.163051938222104	0.06594978399297442	22
14.187063282110525	0.06584551479270792	21
14.210842238666313	0.06574257916224895	21
14.220537623666313	0.06570070156031195	21
14.240760396666316	0.06561352412696776	19
14.035627039777896	0.06650869946124786	22
14.177843326110526	0.06588551341017565	21
14.098306397333683	0.06623259415218896	20
14.087381038777895	0.0662805557458766	23
14.338470893110525	0.06519554699870135	21
14.167042161222103	0.06593243358660406	21
14.244658281110524	0.06559674750066967	22
13.778782059443156	0.06766457452162189	21
14.214851542554733	0.06572525516946907	22
14.153785253998944	0.06599011291493057	22
14.04918424233369	0.06644878445882653	25
14.192026672777896	0.06582400238882333	20
14.338470893110525	0.06519554699870135	21
14.338470893110525	0.06519554699870135	21
14.297431059110526	0.06537045312614374	22
14.109766540443157	0.06618235942450708	24
14.167070782554731	0.06593230916745024	24
14.326284828777894	0.0652473845535167	20
14.274966972110526	0.06546658999825196	21
14.213042156110522	0.06573307230324979	21
14.173268361554735	0.06590537886575247	21
14.303281604554734	0.06534546157095932	21
14.025014752777896	0.0665556750827892	22
14.207625643110529	0.0657564845076935	21
14.199539119333686	0.06579146855367532	21
14.141402873222106	0.06604407850269418	22
13.778782059443156	0.06766457452162189	21
