40.56032517442644	0.024061409428416503	10
24.72565335592443	0.038871704681883515	17
14.820854809368297	0.06320770982664295	29
19.28139950624662	0.04930626210937774	20
24.868895605713767	0.03865646277451156	25
24.868895605713767	0.03865646277451156	25
23.869829692380808	0.04020936260397323	21
23.869829692380808	0.04020936260397323	21
23.4232085517218	0.04094466121772119	16
23.132511636094883	0.04143787497461743	20
23.132511636094883	0.04143787497461743	20
23.22426160703061	0.041280928030837064	18
23.22426160703061	0.041280928030837064	18
23.046626038950855	0.04158587563927657	19
23.122712361839145	0.04145470811905659	15
18.773826110216135	0.05057190219162242	23
23.122712361839145	0.04145470811905659	15
22.88787391266099	0.04186224373320987	15
22.88787391266099	0.04186224373320987	15
22.88787391266099	0.04186224373320987	15
19.752266370960747	0.048187507914765844	18
22.721650394653242	0.042155582911102836	15
22.67883642385529	0.04223180489530085	14
22.67883642385529	0.04223180489530085	14
22.65774415699285	0.04226945702700974	20
22.65774415699285	0.04226945702700974	20
22.65774415699285	0.04226945702700974	20
22.391051794020992	0.04275139095094522	17
22.63571516414383	0.042308853066440465	17
22.63571516414383	0.042308853066440465	17
22.269115958127234	0.042975418653613644	15
22.269115958127234	0.042975418653613644	15
22.269115958127234	0.042975418653613644	15
22.269115958127234	0.042975418653613644	15
22.269115958127234	0.042975418653613644	15
22.269115958127234	0.042975418653613644	15
22.269115958127234	0.042975418653613644	15
22.269115958127234	0.042975418653613644	15
22.269115958127234	0.042975418653613644	15
22.269115958127234	0.042975418653613644	15
22.227828349898534	0.043051807725467725	17
22.269115958127234	0.042975418653613644	15
22.269115958127234	0.042975418653613644	15
22.269115958127234	0.042975418653613644	15
22.269115958127234	0.042975418653613644	15
22.269115958127234	0.042975418653613644	15
22.269115958127234	0.042975418653613644	15
22.269115958127234	0.042975418653613644	15
22.269115958127234	0.042975418653613644	15
22.269115958127234	0.042975418653613644	15
22.269115958127234	0.042975418653613644	15
22.269115958127234	0.042975418653613644	15
22.269115958127234	0.042975418653613644	15
22.269115958127234	0.042975418653613644	15
22.269115958127234	0.042975418653613644	15
22.269115958127234	0.042975418653613644	15
22.269115958127234	0.042975418653613644	15
22.24640890734595	0.043017396965945844	19
22.24640890734595	0.043017396965945844	19
22.24640890734595	0.043017396965945844	19
22.24640890734595	0.043017396965945844	19
22.24640890734595	0.043017396965945844	19
22.24640890734595	0.043017396965945844	19
22.24640890734595	0.043017396965945844	19
22.24640890734595	0.043017396965945844	19
22.24640890734595	0.043017396965945844	19
22.24640890734595	0.043017396965945844	19
22.24640890734595	0.043017396965945844	19
22.24640890734595	0.043017396965945844	19
22.24640890734595	0.043017396965945844	19
22.24640890734595	0.043017396965945844	19
22.24640890734595	0.043017396965945844	19
22.24640890734595	0.043017396965945844	19
22.24640890734595	0.043017396965945844	19
22.24640890734595	0.043017396965945844	19
22.24640890734595	0.043017396965945844	19
22.24640890734595	0.043017396965945844	19
22.24640890734595	0.043017396965945844	19
22.24640890734595	0.043017396965945844	19
22.24640890734595	0.043017396965945844	19
22.24640890734595	0.043017396965945844	19
22.24640890734595	0.043017396965945844	19
22.24640890734595	0.043017396965945844	19
22.24640890734595	0.043017396965945844	19
22.24640890734595	0.043017396965945844	19
22.24640890734595	0.043017396965945844	19
22.24640890734595	0.043017396965945844	19
22.24640890734595	0.043017396965945844	19
22.24640890734595	0.043017396965945844	19
22.24640890734595	0.043017396965945844	19
22.24640890734595	0.043017396965945844	19
22.24640890734595	0.043017396965945844	19
22.24640890734595	0.043017396965945844	19
22.24640890734595	0.043017396965945844	19
22.24640890734595	0.043017396965945844	19
22.24640890734595	0.043017396965945844	19
22.24640890734595	0.043017396965945844	19
22.24640890734595	0.043017396965945844	19
22.24640890734595	0.043017396965945844	19
22.24640890734595	0.043017396965945844	19
14.820854809368297	0.06320770982664295	29
