14.53535166100002	0.06436931855945058	32
13.51371592165031	0.06890034264128639	26
13.51371592165031	0.06890034264128639	26
14.582283437000017	0.06417544668873802	32
15.677743424716724	0.05996015015544498	25
15.196467451292051	0.0617418584026004	27
15.196467451292051	0.0617418584026004	27
15.283686552170495	0.06141115507205016	25
15.560048916000326	0.060386295057003096	24
15.514445206000126	0.06055304840859408	23
15.44157219399794	0.060821434118390076	25
15.562276228729171	0.060378174243066005	26
15.48500065798216	0.06066120473679159	25
15.471987510052166	0.06070912811157377	23
15.57721450677274	0.06032376546683659	25
15.516317582748549	0.06054618379610898	25
15.349871059031114	0.06116256185687983	25
15.11432260210822	0.06205659553254637	26
15.645102281625519	0.060077732361182135	24
15.342712015579547	0.06118935456041186	24
15.37075326147421	0.06108454412744283	24
14.582283437000017	0.06417544668873802	32
14.582283437000017	0.06417544668873802	32
14.582283437000017	0.06417544668873802	32
14.582283437000017	0.06417544668873802	32
14.582283437000017	0.06417544668873802	32
14.582283437000017	0.06417544668873802	32
14.582283437000017	0.06417544668873802	32
14.582283437000017	0.06417544668873802	32
14.582283437000017	0.06417544668873802	32
14.582283437000017	0.06417544668873802	32
14.582283437000017	0.06417544668873802	32
14.582283437000017	0.06417544668873802	32
14.564845327000016	0.06424734579696212	32
14.582283437000017	0.06417544668873802	32
15.408752561269534	0.06094308487290826	24
14.818113911000017	0.06321866220122449	32
15.585647163318267	0.06029309499671832	24
15.559435574674712	0.06038853169182632	24
15.548345179314882	0.06042900297064029	24
15.384398941417533	0.061033670113594216	25
15.566574109721213	0.060362510279853406	25
15.523588338675616	0.06051954209361229	25
15.590419553749395	0.0602757511201097	24
15.442184449378392	0.06081916931894081	24
15.55879413645351	0.0603908709631543	25
15.547816379066916	0.06043093403338738	25
15.530276303780163	0.060495056563048426	25
15.469638227288023	0.06071778785906369	24
15.55478056469757	0.0604055122381061	24
15.505737589023884	0.06058499322471889	24
14.582283437000017	0.06417544668873802	32
14.582283437000017	0.06417544668873802	32
14.808978856000012	0.06325519245162808	31
15.54171223194152	0.06045323398076239	24
15.553036842565444	0.06041187544683896	24
15.565649528584494	0.060365879301893466	24
15.41542855853376	0.06091829990513027	25
15.353828285225045	0.06114776201383106	25
15.554982160399728	0.06040477665944247	24
15.541586430621926	0.0604536937369436	25
15.55586712238886	0.06040154783845046	25
15.529310494022898	0.06049859129705418	25
15.429684132947678	0.06086544281119958	25
15.482498773103394	0.06067041252457596	24
14.582283437000017	0.06417544668873802	32
15.390543629545082	0.06101078906238541	24
15.40929053455821	0.06094108687356014	25
15.355312153642238	0.0611422142607841	24
15.37824888259297	0.06105658835498671	24
15.422335964590737	0.060892677031828164	25
15.412321862537528	0.06092983115829468	25
15.41491649400606	0.06092020025597766	24
15.438335162534315	0.06083341105485946	25
15.411291715077905	0.06093365576344293	24
15.407703514787269	0.060946981343169726	24
15.419674017044184	0.0609025489155245	25
15.216272198208141	0.06166645378032675	23
15.43266280987121	0.06085440999856051	25
15.438953311365797	0.06083112355508704	26
15.43266280987121	0.06085440999856051	25
14.582283437000017	0.06417544668873802	32
15.4475272111269	0.060799413015926854	24
14.582283437000017	0.06417544668873802	32
14.582283437000017	0.06417544668873802	32
15.41834018531043	0.060907496660028086	24
15.401172539180301	0.0609712505377971	24
15.460849245427827	0.060750207057376486	25
15.455015615485241	0.06077174421268461	24
15.411826741431366	0.060931669323288536	24
15.381538317206456	0.061044328111093414	25
15.451226221130575	0.06078574244608966	24
15.421722133305956	0.06089495315304571	24
15.422244998492289	0.0608930143285409	25
15.40519259941809	0.0609563096525591	24
15.373245654843092	0.06107524562206803	25
15.42901544517952	0.06086792013415585	25
15.434290010777545	0.06084838464845173	24
14.582283437000017	0.06417544668873802	32
15.350828800509259	0.061158979290936874	24
13.51371592165031	0.06890034264128639	26
