17.104709984175695	0.0552342457224691	30
16.834856164091704	0.05606997840629505	33
15.858983617386333	0.05931555677939683	31
15.858983617386333	0.05931555677939683	31
15.858983617386333	0.05931555677939683	31
15.64246209709269	0.06008726318052978	33
15.763304063544954	0.05965411092045353	32
15.748178902856132	0.05970798412175225	31
15.792216563658162	0.05955139967431145	31
15.654098012368898	0.06004528130297456	31
15.571770137733061	0.06034358379875496	33
15.631873019256325	0.06012551916685532	33
15.634303909380655	0.06011673259354518	33
15.858983617386333	0.05931555677939683	31
15.693488983860746	0.05990359480674168	32
15.858983617386333	0.05931555677939683	31
15.85366720591777	0.059334267597788655	33
15.743358486313202	0.05972517406334257	34
15.563957654220989	0.06037204518843782	33
15.858983617386333	0.05931555677939683	31
15.61030138288368	0.06020360359207354	31
15.558969645778518	0.06039023087737444	32
15.561996827094191	0.06037919282559423	33
15.77965760647805	0.05959597170885861	32
15.69466775543038	0.05989936515356669	31
15.595149743559631	0.06025857045297753	32
15.720751825790547	0.059805923227541274	31
15.726663319630948	0.0597847867737236	29
15.698027597326476	0.05988731268836268	33
15.773924982789953	0.05961633911120981	31
15.652390027182058	0.06005143996553517	32
15.659358335341985	0.060026321534758675	29
15.59700876880386	0.06025182091122493	33
15.796432717325683	0.059536451389972246	32
15.627643726229973	0.0601408122801253	32
15.4583577457295	0.06075940354738449	31
15.858983617386333	0.05931555677939683	31
15.858983617386333	0.05931555677939683	31
15.76651084508773	0.05964270140874188	30
15.829822037185984	0.05941833477445399	32
15.712214133820435	0.059836476004475336	33
15.708411707325801	0.05985009332524109	30
15.538144950870231	0.06046627375504895	31
15.799000796398978	0.05952734999657595	29
15.802329657551653	0.05951555649609334	30
15.79656112470332	0.05953599624206786	30
15.850861734203914	0.05934414606050668	30
15.79003540305932	0.059559135879951125	31
15.644085194732423	0.06008140359173861	32
15.652335061404607	0.06005163818242624	30
15.706606196168938	0.059856561425941444	29
15.772696949586003	0.05962070399326465	31
15.70426784861574	0.05986494044890861	32
15.744039342430614	0.05972274548268214	32
15.633520180834378	0.06011956513884709	32
15.5928403583552	0.06026695721787364	36
15.626815639280853	0.06014380755130886	31
15.737044750502516	0.059747704263620124	31
15.656951863019145	0.06003499369054103	31
15.612145452927933	0.0601969205503042	30
15.832663978665678	0.05940830288464356	30
15.524926667618804	0.060514640706971275	34
15.776518349625412	0.05960712343048986	31
15.780652009951446	0.059592440115376275	32
15.645515863822745	0.06007623964201635	31
15.710829812707626	0.05984143284372135	32
15.80413820227939	0.0595091511366144	31
15.726929134007001	0.059783836709568584	32
15.681535444814426	0.05994652010950569	31
15.665097777457365	0.06000564853286882	31
15.417036806170671	0.0609123322196689	32
15.636048958694527	0.06011042660928022	32
15.605662805352175	0.06022042069152999	32
15.786830327261086	0.059570507386140864	32
15.738312942034643	0.05974317743150308	30
15.755216296136275	0.05968290604703195	31
15.696461605278312	0.05989292963030361	31
15.858983617386333	0.05931555677939683	31
15.807353074654483	0.05949776836115865	31
15.728312567696658	0.05977889257826626	30
15.747814481431362	0.05970928332820501	34
15.63743210369364	0.060105429357574486	33
15.836446989674428	0.05939495432814815	31
15.858983617386333	0.05931555677939683	31
15.858983617386333	0.05931555677939683	31
15.858983617386333	0.05931555677939683	31
15.858983617386333	0.05931555677939683	31
15.858983617386333	0.05931555677939683	31
15.858983617386333	0.05931555677939683	31
15.858983617386333	0.05931555677939683	31
15.858983617386333	0.05931555677939683	31
15.858983617386333	0.05931555677939683	31
16.798922281904392	0.05618317694530689	31
15.858983617386333	0.05931555677939683	31
15.858983617386333	0.05931555677939683	31
15.858983617386333	0.05931555677939683	31
17.80341888570427	0.053181817949089716	28
15.858983617386333	0.05931555677939683	31
15.858983617386333	0.05931555677939683	31
15.858983617386333	0.05931555677939683	31
15.417036806170671	0.0609123322196689	32
