15.32095536942524	0.061270923016758176	25
13.913335181146879	0.06705408199127574	26
14.257928367371532	0.06553969686595593	29
17.83470302600001	0.053093483800597696	26
18.096002989000016	0.05236697965412112	27
18.067409244000014	0.05244550988565331	26
17.964410636000018	0.05273034945265879	26
17.98811424000001	0.05266452409968224	27
17.934000067000014	0.05281504153699121	26
17.785037527000018	0.05323385692270696	28
17.938567594000013	0.05280230381926103	28
18.056610181000014	0.052475229880969525	26
18.091129826000014	0.05238034674292091	26
18.080466601000015	0.05240961979135193	26
18.12041973700001	0.05230010709780055	26
18.038849459000012	0.052524182312250055	27
18.09534078300001	0.05236879568498033	26
17.904421504000013	0.05289767792092494	27
17.92963629700001	0.0528272167679461	27
18.040971918000015	0.052518327546855384	25
18.10184399200001	0.05235096676628744	25
17.91051720100001	0.05288062665716614	25
17.903487622000014	0.05290029120532196	27
17.96850273500001	0.052718973867918184	28
18.00752198900001	0.05261075065854022	26
17.863143953000012	0.05301343203930536	27
17.960912827000012	0.05274007686887402	27
18.099466839000016	0.05235748245904212	26
18.044741399000014	0.05250793271745382	26
18.114799470000015	0.05231548474099682	26
17.810218357000007	0.053162593916825075	28
18.077970593000007	0.0524164766438478	28
18.063996331000016	0.0524548988909475	26
18.054640541000012	0.05248065414030207	25
17.613824920773578	0.053723509502013767	29
16.209457555547726	0.05810758397074724	29
15.341090258096035	0.06119542724541037	29
14.568342809321882	0.06423291240742902	30
15.32640704599941	0.061250463570001336	31
14.61387485864435	0.064045601047351	29
14.446748282547723	0.06473854443072882	29
14.568342809321882	0.06423291240742902	30
14.568342809321882	0.06423291240742902	30
14.565829820321882	0.06424328233978606	31
14.568342809321882	0.06423291240742902	30
14.500944154773569	0.06451219938703195	30
14.46647544677357	0.06465597177853523	29
14.235952215096038	0.06563423052805215	32
14.526946402321881	0.06440416383806549	30
14.439891695321881	0.06476729369176787	30
14.501796333547725	0.06450865296403627	30
14.43860544122526	0.06477268972298035	30
14.433218687321878	0.06479529774443504	29
14.48294571577357	0.06458719279634427	30
14.363636044321881	0.06508875874924033	29
14.568342809321882	0.06423291240742902	30
14.391473100999411	0.06497103905766285	32
14.02602630954772	0.06655119453401914	34
14.568342809321882	0.06423291240742902	30
14.568342809321882	0.06423291240742902	30
14.510835902096035	0.06447105793085377	30
14.441433647547724	0.06476082615287547	31
14.421445394773565	0.06484476483241362	32
14.481183027547727	0.06459454669714627	30
14.414062437547726	0.06487582388170819	31
14.568342809321882	0.06423291240742902	30
14.568342809321882	0.06423291240742902	30
14.568342809321882	0.06423291240742902	30
14.568342809321882	0.06423291240742902	30
14.49867527032188	0.06452164346683752	31
14.374882971870194	0.06504114547275545	32
14.539613226321881	0.06435166599295683	29
14.472098909547723	0.06463247202891827	30
14.295748177547727	0.0653776453686572	32
14.568342809321882	0.06423291240742902	30
14.56022333654773	0.0642664297530491	30
14.568342809321882	0.06423291240742902	30
14.568342809321882	0.06423291240742902	30
14.527302975321879	0.06440268484419588	30
14.544078878321882	0.06433317842941612	31
14.538811989547723	0.06435498419523038	30
14.529017921321879	0.06439557253823279	30
14.394912581321877	0.06495652344354758	32
14.369439896547727	0.06506417974441732	31
14.426949999547725	0.06482162708956192	31
14.516198279321882	0.06444877682007193	29
14.477083535870191	0.06461165617426355	29
14.496430761547723	0.06453098880558764	31
14.287843051225261	0.06541145121972285	33
14.43709005132188	0.06477904816746015	31
14.45238872332188	0.06471491352600563	30
14.491051403321883	0.06455339756897076	31
14.47074373432188	0.06463813357476135	30
14.53335832377357	0.06437757883107062	32
14.486327864547727	0.0645730872254915	31
14.542076279451107	0.06434146776915166	29
14.545671769547722	0.06432658651386755	30
14.259680185773567	0.06553217287818974	30
14.568342809321882	0.06423291240742902	30
14.396542623321883	0.06494964645408456	30
13.913335181146879	0.06705408199127574	26
