38.12249912434466	0.02556073927745921	14
38.57889009140659	0.025265994010709284	14
25.908679430075978	0.03716273043419197	15
30.13185618381263	0.03212143837796481	17
17.214701598745563	0.05490070724347576	17
17.214701598745563	0.05490070724347576	17
17.03979076464007	0.05543301544051761	17
17.214701598745563	0.05490070724347576	17
17.214701598745563	0.05490070724347576	17
17.336017643176977	0.054537469338229526	17
17.214701598745563	0.05490070724347576	17
17.214701598745563	0.05490070724347576	17
17.214701598745563	0.05490070724347576	17
17.02701061565141	0.05547231436873844	17
17.214701598745563	0.05490070724347576	17
17.492728612623342	0.054075308243986715	17
17.214701598745563	0.05490070724347576	17
17.03979076464007	0.05543301544051761	17
18.77723360801979	0.05056318895856566	15
17.91105540370724	0.05287912169111219	17
18.46378666929561	0.05137746405623699	18
17.214701598745563	0.05490070724347576	17
17.214701598745563	0.05490070724347576	17
17.16442388490441	0.055052668135049006	18
17.214701598745563	0.05490070724347576	17
17.214701598745563	0.05490070724347576	17
17.214701598745563	0.05490070724347576	17
17.214701598745563	0.05490070724347576	17
17.214701598745563	0.05490070724347576	17
17.319210848678193	0.0545875042467866	17
17.214701598745563	0.05490070724347576	17
18.389977397797995	0.051573035877471626	16
17.214701598745563	0.05490070724347576	17
17.214701598745563	0.05490070724347576	17
17.214701598745563	0.05490070724347576	17
17.214701598745563	0.05490070724347576	17
17.18039931133746	0.05500429241817538	18
17.08258509698845	0.055301827401135484	20
17.860816494556214	0.053019973991509296	17
17.214701598745563	0.05490070724347576	17
17.955817919602662	0.05275425224283655	17
17.214701598745563	0.05490070724347576	17
17.214701598745563	0.05490070724347576	17
17.214701598745563	0.05490070724347576	17
17.214701598745563	0.05490070724347576	17
17.213420093904286	0.054904570083170845	17
17.719202740178766	0.05342107855125726	17
17.69145417528406	0.05350038528956791	19
17.214701598745563	0.05490070724347576	17
20.022137659931563	0.04756890170622427	15
17.214701598745563	0.05490070724347576	17
17.214701598745563	0.05490070724347576	17
17.130554609681827	0.05515551076777287	19
17.00933633182594	0.05552675465518454	19
17.825412493862288	0.05311968597373541	16
17.103487172063193	0.0552379765564268	19
17.059451133634916	0.055372668449349766	19
17.059451133634916	0.055372668449349766	19
16.978761210490408	0.055621184813140025	19
17.062057778671907	0.055364677283937326	18
17.05897373448775	0.05537413225704353	19
16.816854357183537	0.056126630433885334	20
16.816854357183537	0.056126630433885334	20
17.05917729662574	0.05537350808261041	19
17.059451133634916	0.055372668449349766	19
17.050402632919617	0.055400426258428115	19
17.01481229520724	0.05550987618483516	17
17.059451133634916	0.055372668449349766	19
17.06067367926246	0.05536892021631591	19
17.04741068791633	0.05540961068002689	18
16.9886750211179	0.05559053119954887	21
16.9886750211179	0.05559053119954887	21
16.9886750211179	0.05559053119954887	21
16.98867491160685	0.05559053153797165	21
16.98867491160685	0.05559053153797165	21
16.97103793724875	0.055645088697258274	17
16.97103793724875	0.055645088697258274	17
16.97103793724875	0.055645088697258274	17
16.97103793724875	0.055645088697258274	17
16.964559636251877	0.05566515518599374	20
16.964559636251877	0.05566515518599374	20
16.964559636251877	0.05566515518599374	20
16.964559636251877	0.05566515518599374	20
16.96748403350187	0.0556560950957528	19
16.96748403350187	0.0556560950957528	19
16.96748403350187	0.0556560950957528	19
16.900920778427608	0.055863048184934684	19
16.96278107507127	0.05567066679823866	20
16.96278107507127	0.05567066679823866	20
16.902015040798414	0.05585963355080507	16
16.902015040798414	0.05585963355080507	16
16.902015040798414	0.05585963355080507	16
16.902015040798414	0.05585963355080507	16
16.902015040798414	0.05585963355080507	16
16.902015040798414	0.05585963355080507	16
16.899258792371754	0.055868235193413524	17
16.6930426509202	0.05651939125054846	15
16.824705476197785	0.05610190874319633	21
16.824705476197785	0.05610190874319633	21
16.824705476197785	0.05610190874319633	21
16.6930426509202	0.05651939125054846	15
