14.551991727000017	0.06430044572772546	32
14.389301980309519	0.06498020516326806	32
14.582283437000017	0.06417544668873802	32
14.582283437000017	0.06417544668873802	32
14.389301980309519	0.06498020516326806	32
14.582283437000017	0.06417544668873802	32
14.582283437000017	0.06417544668873802	32
15.59444087400001	0.060261144535866173	32
16.405559153000013	0.05745290864888075	33
14.725065382000016	0.06359274036117321	32
14.582283437000017	0.06417544668873802	32
16.159099410000017	0.05827811682338164	35
16.241396907023642	0.05799994080483288	20
14.582283437000017	0.06417544668873802	32
15.797055566197338	0.059534243728550616	22
15.685214349093124	0.05993330256823175	19
14.582283437000017	0.06417544668873802	32
15.30600741300002	0.06132709097156099	31
15.72008364512786	0.0598083132372005	22
15.541298556988911	0.06045474583236315	22
15.439297731000014	0.06082984908255989	34
15.774870738988907	0.059612977981151	21
15.546769138058382	0.060434758692556545	22
15.566971799988908	0.06036106127739468	20
15.566333498954176	0.06036338698983269	19
15.795069610023647	0.059541283437323726	21
15.632971730988908	0.060121547500552715	20
15.692295522919432	0.059907877776723135	21
15.604632681988912	0.06022415666470615	20
15.617333466988908	0.06017812677265853	21
15.691432695988906	0.05991097458280549	23
14.737222814000019	0.06354361324225442	28
15.379081165127861	0.06105348584077266	23
15.609773728093122	0.060205516123837316	20
15.787258964023648	0.05956898634512488	22
15.64926214795417	0.06006272176589388	21
15.720389277127863	0.05980722000102706	21
15.711091351093122	0.05984049629018316	21
14.930858842000019	0.06277125482799496	33
14.582283437000017	0.06417544668873802	32
15.69991560102365	0.05988054214709345	21
15.736978404127859	0.059747941107062004	22
15.64176719398891	0.060089772218494014	22
15.713360359954171	0.05983237233345586	21
15.753609071919437	0.0596886316081047	20
14.990083890000017	0.06253875882573615	31
15.678758949023647	0.05995649934484717	20
15.615519775058386	0.060184695606158724	23
15.648426355058383	0.06006573706566354	22
15.607328655093122	0.06021438009497818	20
15.355664279370524	0.061140897912737475	24
14.799112571247901	0.063294694274149	24
14.909153969809216	0.06285689370394547	25
14.874417355247902	0.06299443800810814	24
14.78261964256397	0.06336083759524377	24
14.667150432686595	0.06382781631519194	25
14.759319787125282	0.06345451539202593	24
14.584742471002661	0.06416532078477546	25
14.53704475680921	0.064362304135202	25
14.600978845493144	0.06409854214300681	26
14.568823140931832	0.06423093068421533	25
14.717646079493145	0.0636227584552055	24
14.555352594247902	0.06428655306532766	25
14.639550951809214	0.0639404547535502	22
14.657900287125285	0.06386552357995602	25
14.792303727247903	0.06332198375051569	24
14.561625677177068	0.064260638364192	23
14.6745497952479	0.06379768561538993	24
14.673649873247902	0.06380134863844444	25
14.601312762809213	0.06409717023197074	25
14.565081940247902	0.06424636913823231	25
14.716693307247903	0.06362661537327578	24
14.574950889686594	0.06420565991396987	24
14.565261181370525	0.0642456293118205	25
14.614313502125283	0.06404380185295298	27
14.581659764931834	0.0641780153774507	24
14.621080854247905	0.06401605684846487	25
14.741219471125282	0.06352747967426145	24
14.61734346705445	0.06403137653401482	26
14.526011745247905	0.0644080409320876	25
14.651232958809208	0.06389272989749703	26
14.58481797993183	0.06416500990179509	26
14.582283437000017	0.06417544668873802	32
14.516508815931832	0.06444748698710069	24
14.580665498809212	0.06418211083964465	23
14.642403536809216	0.06392879442387682	23
14.605993471125279	0.06407794555663712	24
14.440794609686597	0.06476350636596526	26
14.682030289370523	0.06376725344535347	24
14.403995918247906	0.06491822026616992	24
14.635928609125283	0.06395526770417652	23
14.640879134247902	0.06393502509781304	24
14.582283437000017	0.06417544668873802	32
14.582283437000017	0.06417544668873802	32
14.730892070686592	0.06356918574652416	24
14.673680068809213	0.06380122572426436	23
14.730494003809211	0.06357079439195269	25
14.505902152563968	0.06449157167128426	25
14.692484083686589	0.06372477388965897	24
14.763217571247901	0.0634388249404106	24
14.389301980309519	0.06498020516326806	32
