14.347146454052371	0.06515869272466301	30
14.440095777000016	0.06476643762078386	32
14.160887221411372	0.0659592005003324	30
14.582283437000017	0.06417544668873802	32
14.582283437000017	0.06417544668873802	32
14.582283437000017	0.06417544668873802	32
14.582283437000017	0.06417544668873802	32
16.151866078000012	0.058302694030631375	29
14.582283437000017	0.06417544668873802	32
14.582283437000017	0.06417544668873802	32
18.111233747     	0.05232524562455188	29
14.582283437000017	0.06417544668873802	32
17.88379122100001	0.05295546790879231	26
14.582283437000017	0.06417544668873802	32
14.582283437000017	0.06417544668873802	32
18.24956701900001	0.05194922041690414	26
14.582283437000017	0.06417544668873802	32
18.231432746000007	0.05199820591671687	28
14.582283437000017	0.06417544668873802	32
18.24956701900001	0.05194922041690414	26
18.24956701900001	0.05194922041690414	26
17.706014199000013	0.05345874269963176	31
17.943457742000014	0.05278867319892054	27
17.117295482000007	0.055195876282612126	30
14.832665481000015	0.06316055885852256	31
14.582283437000017	0.06417544668873802	32
18.24956701900001	0.05194922041690414	26
17.850120569000005	0.0530500585574265	28
18.24956701900001	0.05194922041690414	26
14.582283437000017	0.06417544668873802	32
14.582283437000017	0.06417544668873802	32
14.973732480000015	0.06260277622979192	32
14.582283437000017	0.06417544668873802	32
18.201667403000013	0.05207881060598742	26
18.24956701900001	0.05194922041690414	26
18.068597820000008	0.05244224087369207	28
18.09793867100001	0.05236167197030997	24
14.582283437000017	0.06417544668873802	32
18.24956701900001	0.05194922041690414	26
14.582283437000017	0.06417544668873802	32
18.24956701900001	0.05194922041690414	26
17.832173071000014	0.05310061649443511	27
18.217254730000008	0.05203656890902854	27
14.582283437000017	0.06417544668873802	32
14.582283437000017	0.06417544668873802	32
18.24956701900001	0.05194922041690414	26
17.869375505000004	0.0529959245198666	28
17.754525078000015	0.05332046510594125	29
16.335110549000017	0.057686393009918555	30
18.24956701900001	0.05194922041690414	26
18.24956701900001	0.05194922041690414	26
18.24956701900001	0.05194922041690414	26
18.24956701900001	0.05194922041690414	26
17.78558087600001	0.05323231720119845	30
18.09298060800002	0.05237526924324203	24
18.24956701900001	0.05194922041690414	26
18.24956701900001	0.05194922041690414	26
17.69080042000001	0.053502256593032496	33
17.816280094000007	0.05314546738273058	27
14.904608291000018	0.06287485876441688	32
17.643393217000007	0.05363830437734631	32
17.63040377600001	0.05367570193450216	27
16.39282441000001	0.05749497473366371	31
17.77763439300001	0.053254844517197725	26
18.099483820000014	0.05235743590896685	26
18.011155640000016	0.05260069503065723	27
17.62469861300001	0.053692144006131814	29
17.761249025000005	0.053301355291828695	25
17.891516962000008	0.052933811615630676	26
17.484786225000015	0.054098542868055224	27
17.817349817000014	0.05314244618530595	25
17.937616734000013	0.05280495502924773	27
17.94632730000001	0.052780677973403294	26
17.808231737000014	0.05316820921728519	28
16.195554736000016	0.05815456467399884	31
15.159914435000017	0.06188151577301337	32
17.683482191000007	0.053523213166425075	28
18.01178388300001	0.05259895684455901	24
18.100044146000016	0.05235589993175083	30
18.24956701900001	0.05194922041690414	26
17.74610316600001	0.05334441996530296	31
17.76296397000001	0.05329648351928267	30
17.60537575900001	0.053747906677792744	30
18.165263014000004	0.0521777342303892	28
17.636142901000014	0.05365917214266156	31
14.582283437000017	0.06417544668873802	32
17.905406322000015	0.052894922381875015	26
17.468519731000008	0.05414619117099394	25
17.93355860000001	0.05281627300638558	29
17.557289373000007	0.053887180390415935	31
17.92444051700001	0.052841720689269	27
17.80026827800001	0.053190730324321776	27
17.565167928000008	0.05386431212894115	30
17.652035862000016	0.05361345042432125	26
17.476669945000015	0.054122306832168676	27
18.033144297000018	0.052539926372418604	27
18.006639046000014	0.05261319466212792	29
17.831731586000007	0.05310186136804465	27
18.22003939700001	0.0520290296676544	26
17.037881629     	0.05543888249007424	28
14.160887221411372	0.0659592005003324	30
