14.582283437000017	0.06417544668873802	32
14.573691730000016	0.0642108510516921	32
16.16144260100001	0.05827015963924438	30
14.582283437000017	0.06417544668873802	32
14.516385383000019	0.06444799966721726	32
18.24956701900001	0.05194922041690414	26
17.99730023600002	0.05263905858080786	25
16.12924917100001	0.05837967502352701	38
18.24956701900001	0.05194922041690414	26
14.582283437000017	0.06417544668873802	32
14.582283437000017	0.06417544668873802	32
14.582283437000017	0.06417544668873802	32
17.328199830000017	0.054560732056357066	31
18.24956701900001	0.05194922041690414	26
18.24956701900001	0.05194922041690414	26
18.13415627900001	0.052262560492281195	23
18.14235745300001	0.05224016960582245	26
18.19083438200001	0.052108208538235695	27
18.025044998000013	0.05256229355069194	27
18.24956701900001	0.05194922041690414	26
14.582283437000017	0.06417544668873802	32
18.197422490000005	0.05209032621545434	26
18.21759432300001	0.052035649373823004	26
18.18100315800001	0.0521349166027805	26
18.07392943400001	0.052427582028140546	24
18.189985399000015	0.05211051385438312	26
17.889751079000014	0.052938760061889495	24
17.981203521000012	0.052683698317319116	25
17.878833157000013	0.05296937536784225	27
18.093540940000015	0.052373732203074494	26
18.080602438000014	0.05240924668124985	26
17.882263048000016	0.052959753683016225	25
18.008591707000015	0.05260778996224874	26
17.927530819000015	0.05283309321024433	27
18.036964717000014	0.052529382433902386	26
18.001443271000014	0.052627581270429026	26
18.059717459000012	0.052466674920608504	26
18.07477841600001	0.05242524857647601	27
17.949638333000014	0.052771455709449674	28
18.029561585000014	0.05254981810974808	27
17.962508917000015	0.052735637693147944	27
17.904761096000012	0.05289672770377332	28
18.015842021000015	0.05258773179203197	27
18.077393283000013	0.05241806284358075	26
18.08556049800001	0.052395631771191144	26
18.036234592000017	0.05253139717138442	26
18.01312528000001	0.05259524593002626	27
17.997928482000013	0.05263731785007355	26
18.066135771000013	0.05244901284721892	27
18.116938907000012	0.05230962994989914	26
17.996264475000014	0.05264192869687866	26
17.96081094900002	0.05274036024565391	26
17.98242605200001	0.052680305312957545	27
17.32113627600001	0.05458176746984639	30
17.972543892000015	0.05270774471217121	27
18.08617176700001	0.05239395370678786	27
18.061856897000013	0.052460786239423594	27
17.885081672000016	0.05295184936809942	28
17.879393488000012	0.052967803263151064	26
17.739311306000012	0.053363754071357836	27
17.803732130000014	0.053180932013202384	30
18.095816212000013	0.05236749185780231	28
17.898291848000014	0.05291483526887267	29
18.081349543000016	0.05240719466652449	27
17.94118246300001	0.05279501435316485	27
17.85631813200001	0.05303262243454387	28
17.977434033000016	0.052694162881087706	26
18.042143511000013	0.05251509628747064	27
17.773746053000007	0.05326587443853285	26
17.954019085000017	0.05275925889466831	27
17.933388800000014	0.05281674667769984	27
18.033195232000015	0.05253978576958671	26
17.760026489000015	0.05330482878509539	26
18.04185485800001	0.05251589235698182	26
17.879461405000015	0.052967612716703937	26
17.830543010000014	0.053105213135327387	27
17.783509355000014	0.05323818787535612	25
17.304869776000007	0.054630271192157076	32
17.99522871800001	0.05264479911486367	26
17.992579889000016	0.05265214130172872	26
18.063368088000015	0.05245662756884387	25
17.943814312000015	0.05278767958396568	26
17.986637007000017	0.05266862160114605	27
17.69064760400001	0.053502694031104026	28
17.796855367000017	0.05320038806893263	28
17.10004414800001	0.05524848402706777	29
17.708051753000014	0.053452920336273954	28
17.870479168000017	0.052992824988555114	27
18.048544843000016	0.0524974484004998	26
17.984259857000012	0.052675216602203895	28
17.994328795000012	0.05264729334701397	26
17.993140218000015	0.052650587976615294	28
14.582283437000017	0.06417544668873802	32
14.582283437000017	0.06417544668873802	32
17.80565083200001	0.05317550607173793	26
18.05226338900001	0.052487202154540794	26
17.950996708000012	0.05276767314184894	25
18.062705876000013	0.0524584498394324	27
17.95612456200001	0.052753398867436685	27
17.97520969800001	0.05270033986003328	28
14.516385383000019	0.06444799966721726	32
