14.377483260670786	0.06503014719954757	33
14.582283437000017	0.06417544668873802	32
14.582283437000017	0.06417544668873802	32
14.582283437000017	0.06417544668873802	32
14.389301980309519	0.06498020516326806	32
14.582283437000017	0.06417544668873802	32
16.294349731809895	0.05782235328343552	26
16.03992931120744	0.058685689461298624	27
14.582283437000017	0.06417544668873802	32
15.940542602064584	0.05902998643491666	27
15.978991201671922	0.05889631416391392	26
14.582283437000017	0.06417544668873802	32
14.888138023000016	0.06294003731289205	32
15.518541142146425	0.06053803367953228	27
15.66456651947403	0.0600075614827071	27
15.613588270528094	0.060191692710596656	27
15.610561922092067	0.060202659289328365	26
15.500479918273665	0.060604297872120516	26
14.989795237000015	0.06253988779581263	32
15.512676277501093	0.060559535183435	27
15.551546655851308	0.060417314514017315	26
15.540998855339083	0.06045584119469431	26
15.470723946004828	0.06071378545826227	27
15.4937802369063	0.06062891499926809	26
15.662330552180073	0.06001561407441659	26
15.570820359940656	0.06034704246854688	26
15.594409863771794	0.060261257146791175	26
15.574511993188349	0.06033360140020843	26
15.536900608108265	0.06047082362638659	26
15.451295286974545	0.060785487255326245	24
14.657758018000015	0.06386610387326265	32
15.472854747667299	0.06070593199042253	26
15.548093043005707	0.060429923701853044	26
15.427508404224568	0.060873504087986696	27
15.492260582211951	0.060634501559996536	27
15.51552921698973	0.06054907395709049	27
15.505861864826844	0.060584537068673124	26
15.302763066766698	0.061339295425234225	26
15.314723633619117	0.061294326674301666	28
15.547708828937658	0.06043132679801925	26
15.475989326989598	0.06069438260450211	26
15.563620988517965	0.060373272287092786	26
15.497909881137147	0.06061373878295626	27
15.426311906533702	0.0608779381330414	26
15.655810810035305	0.0600391065559828	27
15.527122948740892	0.06050659894656283	26
15.487511901409325	0.06065196531652065	27
15.533369301068966	0.060483739387309575	26
15.570562689609641	0.060347980858069306	26
15.434592368942557	0.06084726518010635	26
15.614741973203568	0.060187513090050423	26
15.422682672767959	0.060891391493437114	26
15.467585256989302	0.06072535738508304	26
15.524875463329838	0.06051482821877167	25
15.559928612911516	0.06038673374596046	26
15.517652296409704	0.06054129134425242	26
15.479895637086198	0.06067999591876114	25
15.409645069021204	0.060939770226221456	27
15.504110274045377	0.06059096694067875	28
15.538355877917049	0.06046550257968852	26
15.544699278050413	0.06044231951236998	26
15.475734154678907	0.06069532262488055	27
15.547266897491411	0.06043294075057201	26
15.412811536227487	0.06092801332621965	28
15.423022887750975	0.06089013008353321	28
15.358594039515456	0.06112994781730155	28
15.489422723243859	0.060644936865520326	26
15.432522849000017	0.060854928314361297	32
14.582283437000017	0.06417544668873802	32
15.48907379030852	0.06064622020114627	26
15.583490736946288	0.06030093518080028	27
15.586245524530078	0.06029091987822434	27
15.580184264629619	0.06031296058230742	27
15.428977105298035	0.06086806218005617	27
15.468364986795631	0.06072248221373537	27
15.527122948740892	0.06050659894656283	26
15.532248407750764	0.06048784020999667	28
15.466323909120785	0.06073000904871637	25
15.597171063652784	0.06025123174092991	26
15.552125114566252	0.06041520306779079	27
15.4765425711578	0.060692344627598066	26
15.580040194585806	0.06031348466371927	26
15.491292204638253	0.06063806205063454	26
14.582283437000017	0.06417544668873802	32
14.582283437000017	0.06417544668873802	32
15.510059682815871	0.06056913295357907	26
15.584059343717309	0.06029886768216609	28
15.464342183042021	0.06073731879977459	26
15.597994323946033	0.06024824328065311	26
15.423524931849656	0.060888268757745764	28
14.582283437000017	0.06417544668873802	32
14.956837721000015	0.06266905871230043	32
15.499690149448266	0.06060719873781624	27
15.439855553697857	0.060827785057701894	27
15.437421302137555	0.060836793169617064	26
15.57567126860971	0.06032938176650238	27
15.304156064506774	0.06133405470626863	27
15.51524059411694	0.06055013212197587	26
15.427905677817627	0.0608720319931156	26
15.384271738106685	0.061034143963456806	26
14.377483260670786	0.06503014719954757	33
