1.3369936411769994	0.4279001801204568	214
1.5622515547107305	0.39028174191620174	202
1.5079121852634099	0.3987380442888069	211
1.5622515547107305	0.39028174191620174	202
1.5472760273091426	0.3925762223171262	209
1.6026160254198791	0.3842287875863941	210
2.1649397254765987	0.31596178339523134	205
1.6026160254198791	0.3842287875863941	210
1.6026160254198791	0.3842287875863941	210
1.5473986199170344	0.392557329732937	211
1.5580675966219475	0.39092008409807016	211
1.6026160254198791	0.3842287875863941	210
1.6026160254198791	0.3842287875863941	210
1.6026160254198791	0.3842287875863941	210
1.6026160254198791	0.3842287875863941	210
2.150491783458335	0.3174107627420273	176
2.1757259364372725	0.31488863334405437	175
2.119506356058642	0.3205635398234789	178
1.6026160254198791	0.3842287875863941	210
1.6026160254198791	0.3842287875863941	210
1.6026160254198791	0.3842287875863941	210
1.6026160254198791	0.3842287875863941	210
2.1757259364372725	0.31488863334405437	175
2.177350444972731	0.31472763779715285	174
1.6026160254198791	0.3842287875863941	210
1.6026160254198791	0.3842287875863941	210
1.9142369623210391	0.3431429952091307	209
1.6026160254198791	0.3842287875863941	210
1.7199309248739973	0.3676563955558267	209
2.139803567534248	0.3184912617910427	175
2.143535697809097	0.3181131363314738	175
2.126167121282785	0.31988053139963357	179
2.1757259364372725	0.31488863334405437	175
2.1752046235176743	0.3149403325358422	174
2.0872410199764047	0.3239138096213955	177
2.1757259364372725	0.31488863334405437	175
2.122811380720312	0.32022427168474665	178
2.133214342293546	0.3191610565870158	176
2.1360874746645027	0.31886865659159574	177
2.125643047141228	0.319934165519834	175
2.1727440727469873	0.31518457747340206	174
2.1757259364372725	0.31488863334405437	175
2.12944558754669	0.31954541851738794	178
2.123030531423231	0.3202018007631449	175
2.0869410014908913	0.3239452906670496	177
2.167840423687778	0.31567246649244723	175
1.842724422372425	0.3517752168060806	205
2.1668965769953394	0.31576654800289417	175
2.118187339517517	0.32069914059580906	176
2.154926333321484	0.3169646116418849	177
2.1441360252761075	0.3180523972121032	176
2.122726525515343	0.32023297327804595	176
2.1757259364372725	0.31488863334405437	175
2.1152914045517193	0.3209972584070019	175
2.1416337591607926	0.3183057213731764	177
2.0460467094091044	0.3282943747747019	187
2.1756699169259432	0.3148941880483607	175
1.6026160254198791	0.3842287875863941	210
1.6026160254198791	0.3842287875863941	210
2.14505139320148	0.3179598279893474	176
2.143016298187113	0.3181657061647432	174
2.1757259364372725	0.31488863334405437	175
2.100034764787868	0.3225770276380849	177
2.1757259364372725	0.31488863334405437	175
1.5622515547107305	0.39028174191620174	202
1.5622515547107305	0.39028174191620174	202
1.5622515547107305	0.39028174191620174	202
1.3285392197985706	0.42945379296059466	202
1.52527603698077	0.39599631301915167	211
1.5622515547107305	0.39028174191620174	202
1.5622515547107305	0.39028174191620174	202
1.5613602221464815	0.39041755679409124	210
1.5749882311847492	0.3883512894891567	208
1.559319498145314	0.39072886395179635	210
1.6026160254198791	0.3842287875863941	210
1.6026160254198791	0.3842287875863941	210
1.6026160254198791	0.3842287875863941	210
1.5473983156287816	0.3925573766241449	211
1.5622515547107305	0.39028174191620174	202
1.5622515547107305	0.39028174191620174	202
1.6026160254198791	0.3842287875863941	210
1.578607357100181	0.38780623085034854	211
1.5137101281308223	0.3978183438134107	214
1.4687479981894842	0.40506361958910914	212
1.5950882451729156	0.3853433507935944	210
1.554785637638617	0.3914222724863515	210
1.520374728977685	0.39676639687845955	212
1.5624347411040012	0.39025384098919896	209
1.5525392141144148	0.39176675307099756	210
1.5071058642504676	0.3988662841323468	212
1.5196965093545287	0.39687319337366156	213
1.550722544665288	0.3920457762415012	208
1.5658462719066903	0.3897349622808447	211
1.6012130338536565	0.3844360254179242	210
1.5400507172072355	0.3936929263756952	210
1.56149826160437	0.3903965171437046	202
1.559513882021175	0.3906991898048736	210
1.561078708242068	0.39046047151217894	202
1.5622515547107305	0.39028174191620174	202
1.5622515547107305	0.39028174191620174	202
1.3285392197985706	0.42945379296059466	202
