43.25746061076277	0.022595060498270307	13
43.211540944400866	0.022618528525336194	11
36.73028348310267	0.026503909000520638	11
42.561439749218444	0.02295608239206422	17
43.04878051533623	0.02270210408326367	7
43.0387571374067	0.022707271162986476	8
43.029802222279294	0.022711889436877714	8
43.01645884340425	0.02271877443748175	8
42.969742744107  	0.02274291222988845	11
42.99499293604113	0.022729859314985598	10
42.920515234025366	0.022768403209106634	8
42.92650309177045	0.02276529952568312	9
42.914943234593174	0.022771292101142208	7
42.823737847298496	0.022818683415012368	11
42.72873677700975	0.02286825720805516	10
42.63347367028574	0.022918184501111515	11
42.770768618931875	0.022846297461805977	8
42.70756431636179	0.02287933486208137	11
42.67360952307804	0.02289712279154713	10
42.56692597428445	0.02295319161582008	8
41.731496836513024	0.023401941753314018	7
40.827715509656144	0.023907593035272148	9
40.60936843708014	0.02403304922813611	15
39.53920858954592	0.02466747711147661	10
38.51233034362694	0.025308555362422273	22
37.66399199053569	0.025863858037338296	19
37.21087613919761	0.026170559302464584	17
36.846790979056586	0.026422319412849917	17
36.40924123330876	0.026731362813892396	22
36.846790979056586	0.026422319412849917	17
36.97747328313869	0.02633139894654292	16
36.71534780247124	0.026514404831618085	23
36.71534780247124	0.026514404831618085	23
36.58645834399735	0.026605326600549543	16
36.49997892751275	0.02666668165155491	18
36.71227674965423	0.026516563999524866	16
36.20283897576972	0.026879669066419955	21
36.11834037093141	0.02694085969380066	20
35.96812856347401	0.027050327913759747	16
35.98722094096703	0.027036364846010925	18
35.96841881288315	0.027050115534059824	18
35.892902259233054	0.027105484761631448	17
35.61257446786233	0.02731302058198002	17
35.42272420794382	0.02745538730960435	18
35.353685670807884	0.027507527271244548	19
35.353256436783596	0.027507852061037435	15
34.9329898133099	0.027829579592333033	19
34.9329898133099	0.027829579592333033	19
34.9329898133099	0.027829579592333033	19
34.8471266644234	0.027896238640305118	22
34.733402195264794	0.027985020696756235	23
34.69016026731264	0.028018927135944095	24
34.672265936456114	0.02803298231128139	25
34.51745108619403	0.028155173567303356	20
34.49346546169841	0.02817420015183123	17
34.46760758466147	0.028194740725406744	18
34.254455687925784	0.02836520889308433	19
34.23231154278508	0.028383036939987023	20
34.055383723482116	0.02852628879740781	27
33.939258097397776	0.028621100001962507	22
33.682813163650536	0.028832724591327387	21
33.682813163650536	0.028832724591327387	21
33.67735484773212	0.028837262945544402	21
33.60891165561933	0.028894292023702903	24
33.55799875237192	0.02893686081666879	29
33.27744363431682	0.029173704161498535	26
33.38142168897271	0.029085475552650984	25
33.28456809503738	0.02916764175730561	20
33.27919157392979	0.02917221655718759	20
33.163855659810274	0.02927070088217184	21
32.96812817081977	0.02943936136166159	21
32.96405264195129	0.029442893948551728	21
32.728697349890815	0.029648343356587923	20
32.64528245746931	0.029721848858427356	20
32.26290831188419	0.030063516714283204	29
32.26290831188419	0.030063516714283204	29
32.22175831632566	0.03010075476675132	26
32.00511346573335	0.03029833546969085	23
31.99244873725654	0.030309966015670597	20
30.74786610808715	0.031498179959416846	21
30.735720599814236	0.03151023455903042	19
30.74786610808715	0.031498179959416846	21
29.1528516852139	0.03316435906094983	19
29.1528516852139	0.03316435906094983	19
29.1528516852139	0.03316435906094983	19
29.1528516852139	0.03316435906094983	19
29.1528516852139	0.03316435906094983	19
29.1528516852139	0.03316435906094983	19
29.1528516852139	0.03316435906094983	19
29.1528516852139	0.03316435906094983	19
29.1528516852139	0.03316435906094983	19
29.1528516852139	0.03316435906094983	19
29.1528516852139	0.03316435906094983	19
28.574906888796757	0.0338124479566429	22
28.574906888796757	0.0338124479566429	22
28.574906888796757	0.0338124479566429	22
28.574906888796757	0.0338124479566429	22
28.574906888796757	0.0338124479566429	22
28.574906888796757	0.0338124479566429	22
28.574906888796757	0.0338124479566429	22
28.574906888796757	0.0338124479566429	22
