15.613806415609519	0.06019090237264647	21
14.6139871327177	0.06404514052048822	27
13.607668955501461	0.06845719211232436	25
14.822615119216563	0.06320067779348941	24
13.56202144771614	0.06867178458639317	24
13.56202144771614	0.06867178458639317	24
13.607668955501461	0.06845719211232436	25
13.48208191530392	0.06905084544116902	26
13.607668955501461	0.06845719211232436	25
13.607668955501461	0.06845719211232436	25
13.607668955501461	0.06845719211232436	25
13.540214120000611	0.06877477812547908	25
13.607668955501461	0.06845719211232436	25
13.607668955501461	0.06845719211232436	25
13.51987430248302	0.06887111962319066	25
13.607668955501461	0.06845719211232436	25
13.607668955501461	0.06845719211232436	25
12.65270362941902	0.07324556565083469	28
13.607668955501461	0.06845719211232436	25
13.607668955501461	0.06845719211232436	25
13.607668955501461	0.06845719211232436	25
13.468628986660901	0.0691150489049054	26
13.607668955501461	0.06845719211232436	25
13.607668955501461	0.06845719211232436	25
13.378004388111753	0.06955068123548742	27
13.48939369111544	0.06901600034604462	27
13.607668955501461	0.06845719211232436	25
13.607668955501461	0.06845719211232436	25
13.607668955501461	0.06845719211232436	25
14.001650893327051	0.0666593301704424	25
13.607668955501461	0.06845719211232436	25
13.607668955501461	0.06845719211232436	25
13.607668955501461	0.06845719211232436	25
13.607668955501461	0.06845719211232436	25
13.683660660272169	0.06810290860953909	26
13.559320153108557	0.06868452575283814	25
13.607668955501461	0.06845719211232436	25
13.607668955501461	0.06845719211232436	25
13.607668955501461	0.06845719211232436	25
13.607668955501461	0.06845719211232436	25
13.607668955501461	0.06845719211232436	25
13.505259399943837	0.0689405113295576	25
13.607668955501461	0.06845719211232436	25
13.607668955501461	0.06845719211232436	25
13.814625094126265	0.06750086442595717	25
12.993971826478099	0.07145934066466338	22
13.378556355790378	0.06954801130624569	26
13.607668955501461	0.06845719211232436	25
13.607668955501461	0.06845719211232436	25
13.607668955501461	0.06845719211232436	25
13.548697191676558	0.06873467684598654	26
13.607668955501461	0.06845719211232436	25
13.607668955501461	0.06845719211232436	25
13.607668955501461	0.06845719211232436	25
13.607668955501461	0.06845719211232436	25
13.340688653404625	0.0697316582326463	27
13.340998688248243	0.0697301507195208	26
13.607668955501461	0.06845719211232436	25
13.607668955501461	0.06845719211232436	25
13.607668955501461	0.06845719211232436	25
13.607668955501461	0.06845719211232436	25
13.607668955501461	0.06845719211232436	25
14.206381668288094	0.06576186378942692	25
13.58518863995304	0.06856270595367628	25
13.607668955501461	0.06845719211232436	25
13.607668955501461	0.06845719211232436	25
13.607668955501461	0.06845719211232436	25
13.607668955501461	0.06845719211232436	25
13.607668955501461	0.06845719211232436	25
13.60215393855472	0.0684830473783498	25
13.607668955501461	0.06845719211232436	25
17.17115643948965	0.055032270693944105	23
13.607668955501461	0.06845719211232436	25
13.607668955501461	0.06845719211232436	25
13.607668955501461	0.06845719211232436	25
13.607668955501461	0.06845719211232436	25
13.607668955501461	0.06845719211232436	25
13.570077227242395	0.06863381603292057	27
13.607668955501461	0.06845719211232436	25
12.97512472897719	0.07155571198062487	32
13.607668955501461	0.06845719211232436	25
14.35145331304703	0.065140412416205	23
13.287274925942144	0.06999235369820232	26
13.471384640992211	0.06910188795392536	27
13.607668955501461	0.06845719211232436	25
13.607668955501461	0.06845719211232436	25
13.607668955501461	0.06845719211232436	25
13.15683908045954	0.0706372371909125	26
13.607668955501461	0.06845719211232436	25
13.607668955501461	0.06845719211232436	25
13.56427031476027	0.0686611809852597	24
13.607668955501461	0.06845719211232436	25
13.607668955501461	0.06845719211232436	25
13.607668955501461	0.06845719211232436	25
13.607668955501461	0.06845719211232436	25
15.541013162404456	0.06045578890372135	25
13.593140156047593	0.06852534747880062	27
13.607668955501461	0.06845719211232436	25
12.717263707168748	0.07290083659158585	31
13.607668955501461	0.06845719211232436	25
12.65270362941902	0.07324556565083469	28
