43.13847291013557	0.02265597185557294	10
31.75590632030324	0.030528845400322982	11
26.714370200424774	0.03608236423083766	11
27.817182737260843	0.03470151850433985	13
30.84991481559366	0.0313972582278431	15
17.279203030708462	0.05470698029449275	20
17.389924691809206	0.05437760168998385	21
17.389924691809206	0.05437760168998385	21
18.414173695853904	0.0515087593047321	20
18.304200964126473	0.05180219589810153	22
17.389924691809206	0.05437760168998385	21
17.279203030708462	0.05470698029449275	20
17.348343319330418	0.05450083326849875	21
17.173936908990107	0.055023851189079986	20
17.279203030708462	0.05470698029449275	20
17.01911248964727	0.05549662895853176	22
17.279203030708462	0.05470698029449275	20
17.279203030708462	0.05470698029449275	20
17.389924691809206	0.05437760168998385	21
17.279203030708462	0.05470698029449275	20
17.279203030708462	0.05470698029449275	20
17.62690190398075	0.05368579300813788	21
17.389924691809206	0.05437760168998385	21
17.279203030708462	0.05470698029449275	20
17.279203030708462	0.05470698029449275	20
20.653662638442512	0.04618156367803868	19
17.279203030708462	0.05470698029449275	20
17.279203030708462	0.05470698029449275	20
17.139998139263607	0.055126797275437595	20
17.389924691809206	0.05437760168998385	21
17.279203030708462	0.05470698029449275	20
17.279203030708462	0.05470698029449275	20
17.279203030708462	0.05470698029449275	20
17.26921275510261	0.054736896077839964	20
17.279203030708462	0.05470698029449275	20
17.279203030708462	0.05470698029449275	20
17.279203030708462	0.05470698029449275	20
19.479953321928694	0.04882823628944801	21
17.279203030708462	0.05470698029449275	20
17.279203030708462	0.05470698029449275	20
17.389924691809206	0.05437760168998385	21
17.279203030708462	0.05470698029449275	20
17.255516598462194	0.05477796230013222	20
17.28911262319147	0.054677338403611345	21
17.279203030708462	0.05470698029449275	20
17.279203030708462	0.05470698029449275	20
17.279203030708462	0.05470698029449275	20
17.279203030708462	0.05470698029449275	20
17.279203030708462	0.05470698029449275	20
17.279203030708462	0.05470698029449275	20
17.279203030708462	0.05470698029449275	20
17.279203030708462	0.05470698029449275	20
17.12855171001706	0.055161604522850155	20
17.123518386306944	0.05517692418683674	20
17.279203030708462	0.05470698029449275	20
17.279203030708462	0.05470698029449275	20
17.23116775778934	0.0548511216223517	22
17.048621550264322	0.05540589330963921	21
17.279203030708462	0.05470698029449275	20
17.389924691809206	0.05437760168998385	21
17.279203030708462	0.05470698029449275	20
17.279203030708462	0.05470698029449275	20
17.180049173941782	0.055005351769528844	21
17.279203030708462	0.05470698029449275	20
17.279203030708462	0.05470698029449275	20
17.409809164064423	0.05431886833199661	20
17.19782502046408	0.05495162190401686	21
17.279203030708462	0.05470698029449275	20
17.279203030708462	0.05470698029449275	20
17.279203030708462	0.05470698029449275	20
18.286266739931854	0.051850366557956946	19
17.279203030708462	0.05470698029449275	20
17.279203030708462	0.05470698029449275	20
17.279203030708462	0.05470698029449275	20
17.279203030708462	0.05470698029449275	20
17.279203030708462	0.05470698029449275	20
17.279203030708462	0.05470698029449275	20
17.279203030708462	0.05470698029449275	20
17.279203030708462	0.05470698029449275	20
17.916357491048537	0.052864300141991546	19
17.389924691809206	0.05437760168998385	21
17.279203030708462	0.05470698029449275	20
17.389924691809206	0.05437760168998385	21
17.279203030708462	0.05470698029449275	20
17.279203030708462	0.05470698029449275	20
17.279203030708462	0.05470698029449275	20
17.279203030708462	0.05470698029449275	20
17.279203030708462	0.05470698029449275	20
17.279203030708462	0.05470698029449275	20
17.279203030708462	0.05470698029449275	20
17.23791659203405	0.05483082428597023	21
17.279203030708462	0.05470698029449275	20
17.389924691809206	0.05437760168998385	21
17.279203030708462	0.05470698029449275	20
17.279203030708462	0.05470698029449275	20
17.389924691809206	0.05437760168998385	21
17.279203030708462	0.05470698029449275	20
20.214271265926058	0.04713807924225897	20
17.279203030708462	0.05470698029449275	20
17.279203030708462	0.05470698029449275	20
17.01911248964727	0.05549662895853176	22
