43.13438386599168	0.02265807092801771	9
25.311583938605953	0.03800607376330314	16
33.754309577507016	0.02877341003623907	14
30.386840992389295	0.03186048574440737	19
18.913598719475544	0.05021694039771916	19
35.08752291731881	0.02771040845034251	15
16.92408181023315	0.05579086340863964	20
23.070455911613593	0.04154470541280927	27
14.476645272359796	0.06461348582989945	28
17.724453360127807	0.05340609847278203	22
15.022756536661689	0.06241123352975493	34
14.476645272359796	0.06461348582989945	28
14.476645272359796	0.06461348582989945	28
15.85010439716574	0.0593468133151866	28
14.476645272359796	0.06461348582989945	28
16.60384041820536	0.056805786478604424	20
14.476645272359796	0.06461348582989945	28
14.476645272359796	0.06461348582989945	28
14.476645272359796	0.06461348582989945	28
14.476645272359796	0.06461348582989945	28
14.476645272359796	0.06461348582989945	28
15.000187761609453	0.06249926656482001	24
14.47755270288912	0.06460969761797902	25
14.476645272359796	0.06461348582989945	28
14.401469156556892	0.06492887073531348	25
14.476645272359796	0.06461348582989945	28
14.47755270288912	0.06460969761797902	25
14.265745754357607	0.06550613485191512	24
14.35044930733185	0.0651446729655248	25
14.476645272359796	0.06461348582989945	28
14.348679243255368	0.06515218568004329	24
14.47755270288912	0.06460969761797902	25
14.47755270288912	0.06460969761797902	25
14.47755270288912	0.06460969761797902	25
14.476912072999497	0.06461237198242965	25
15.689120201452969	0.05991927602708135	25
14.47755270288912	0.06460969761797902	25
14.47755270288912	0.06460969761797902	25
14.47755270288912	0.06460969761797902	25
14.47755270288912	0.06460969761797902	25
15.005928101257181	0.0624768519309702	21
14.47755270288912	0.06460969761797902	25
14.47755270288912	0.06460969761797902	25
14.47755270288912	0.06460969761797902	25
14.47755270288912	0.06460969761797902	25
14.47755270288912	0.06460969761797902	25
16.55609530414513	0.05696027406298553	23
14.47755270288912	0.06460969761797902	25
14.47755270288912	0.06460969761797902	25
14.446825613665222	0.06473822033151833	25
14.47755270288912	0.06460969761797902	25
14.47755270288912	0.06460969761797902	25
14.47755270288912	0.06460969761797902	25
14.47755270288912	0.06460969761797902	25
14.47755270288912	0.06460969761797902	25
14.47755270288912	0.06460969761797902	25
14.47755270288912	0.06460969761797902	25
14.47755270288912	0.06460969761797902	25
15.881594579462671	0.05923611038595557	23
14.47755270288912	0.06460969761797902	25
14.0344033892281	0.06651411260632287	26
14.47755270288912	0.06460969761797902	25
14.47755270288912	0.06460969761797902	25
14.319786563656322	0.06527506084009915	25
14.4247849472208	0.0648307255771613	25
14.47755270288912	0.06460969761797902	25
14.47755270288912	0.06460969761797902	25
14.47755270288912	0.06460969761797902	25
14.903002554926577	0.06288120727806906	25
14.47755270288912	0.06460969761797902	25
14.47755270288912	0.06460969761797902	25
14.47755270288912	0.06460969761797902	25
14.47755270288912	0.06460969761797902	25
14.47755270288912	0.06460969761797902	25
14.47755270288912	0.06460969761797902	25
16.55609530414513	0.05696027406298553	23
14.47755270288912	0.06460969761797902	25
14.47755270288912	0.06460969761797902	25
14.47755270288912	0.06460969761797902	25
14.025565776270444	0.06655323432674187	27
14.47755270288912	0.06460969761797902	25
14.47755270288912	0.06460969761797902	25
14.47755270288912	0.06460969761797902	25
14.47755270288912	0.06460969761797902	25
14.47755270288912	0.06460969761797902	25
14.427814706529958	0.06481799392993366	26
14.47755270288912	0.06460969761797902	25
14.47755270288912	0.06460969761797902	25
16.55609530414513	0.05696027406298553	23
14.821271480775827	0.06320604517880146	25
14.47755270288912	0.06460969761797902	25
17.905530866801552	0.05289457392365626	25
14.421881211873867	0.06484293234148786	24
14.47755270288912	0.06460969761797902	25
14.47755270288912	0.06460969761797902	25
14.47755270288912	0.06460969761797902	25
14.47755270288912	0.06460969761797902	25
17.229699960562627	0.054855538059505	24
14.47755270288912	0.06460969761797902	25
15.571866737731128	0.06034323204658542	25
14.025565776270444	0.06655323432674187	27
