230.9651524266675	0.00431099236044145	2
100.20764628647292	0.009880676378635007	6
56.40099668667024	0.017421300286101508	4
25.787807809193865	0.03733041565487077	25
44.61516517712609	0.021922533791491214	11
21.560263226146954	0.044325723949932345	25
2.2086072634144696	0.31166170176148034	25
2.2992182529592284	0.3031021058103845	25
2.2992182529592284	0.3031021058103845	25
1.7079024225688109	0.36928952523014663	25
1.6245956340159253	0.38101107349244806	25
1.6196099136210638	0.38173622522969797	25
0.4615642618022342	0.6841984482891735	25
0.4561289935222259	0.6867523443655243	25
0.06327796708801259	0.9404878413296655	25
0.05735584689639772	0.9457553981805166	25
0.050840475462091916	0.9516192260868753	25
0.027833814655650713	0.9729199270750051	25
0.027931641313145406	0.9728273357968982	25
0.027931641313145406	0.9728273357968982	25
0.022594322711292136	0.9779049010839549	25
0.0072654718848035316	0.9927869344402243	25
0.0072654718848035316	0.9927869344402243	25
0.0072654718848035316	0.9927869344402243	25
0.006545445978069608	0.9934971182829113	25
0.006817575722362079	0.9932285888856572	25
0.006817575722362079	0.9932285888856572	25
0.001369138299878614	0.9986327336768106	25
0.006556873965907428	0.9934858385695854	25
0.006556873965907428	0.9934858385695854	25
0.005094203255593399	0.9949316161220582	25
0.0018397143154125217	0.9981636640181811	25
0.0018397143154125217	0.9981636640181811	25
0.001826463032335468	0.9981768668529606	25
0.001819221188856801	0.9981840823669784	25
0.00179647061138688	0.998206750907906	25
0.0017328048153935072	0.9982701926031934	25
0.001707603687925996	0.9982953072516978	25
0.0015844282508439278	0.9984180781907612	25
0.0017063614117418524	0.9982965452976289	25
0.0016877514097899393	0.9983150922955636	25
0.0016836416781131902	0.9983191882066751	25
0.0016553093402329466	0.9983474261806456	25
0.0016206931978093309	0.9983819291985322	25
0.0015857500178366735	0.9984167606040637	25
0.001575855798192194	0.9984266236161051	25
0.0015844202625547865	0.9984180861537968	25
0.0015581067661365466	0.9984443171538321	25
0.0015555932054382993	0.9984468229062955	25
0.0015543468672412075	0.9984480653774774	25
0.001532286092716717	0.9984700582158019	25
0.001369138299878614	0.9986327336768106	25
