158.74396601353254	0.00626001735749622	0
133.09098381352445	0.007457622962858296	5
0.14753668089899463	0.8714318388642596	25
0.14753668089899463	0.8714318388642596	25
0.14753668089899463	0.8714318388642596	25
0.41517907307579094	0.7066243551966687	25
10.981108087554716	0.08346473403730847	24
8.561815078367149	0.10458265421409592	25
8.561815078367149	0.10458265421409592	25
8.561815078367149	0.10458265421409592	25
8.561815078367149	0.10458265421409592	25
2.2252514482794545	0.31005334499840653	25
2.2252514482794545	0.31005334499840653	25
0.20745901248024623	0.8281854619196524	25
0.20745901248024623	0.8281854619196524	25
0.17387802473377434	0.8518772640170955	25
0.1351728072581082	0.8809231454507759	25
0.12224922513713032	0.8910676680376479	25
0.076418028081223	0.9290071086811482	25
0.076418028081223	0.9290071086811482	25
0.04402775901524336	0.9578289383255751	25
0.03759430081543513	0.9637678225623539	25
0.036492890853191184	0.964791952578515	25
0.036492890853191184	0.964791952578515	25
0.03130601463392679	0.9696443013133796	25
0.03130601463392679	0.9696443013133796	25
0.03130601463392679	0.9696443013133796	25
0.03130601463392679	0.9696443013133796	25
0.03130601463392679	0.9696443013133796	25
0.03130601463392679	0.9696443013133796	25
0.011948592088149468	0.988192491020227	25
0.011948592088149468	0.988192491020227	25
0.0035092590542742386	0.9965030127797909	25
0.010033487915565686	0.9900661829180812	25
0.004190712539742236	0.9958267762413942	25
0.004190712539742236	0.9958267762413942	25
0.004190712539742236	0.9958267762413942	25
0.004176686891320003	0.9958406852640147	25
3.5084672647656134E-4	0.9996492763237771	25
3.5084672647656134E-4	0.9996492763237771	25
3.5084672647656134E-4	0.9996492763237771	25
3.5084672647656134E-4	0.9996492763237771	25
3.5084672647656134E-4	0.9996492763237771	25
3.5084672647656134E-4	0.9996492763237771	25
3.5084672647656134E-4	0.9996492763237771	25
3.5084672647656134E-4	0.9996492763237771	25
3.5084672647656134E-4	0.9996492763237771	25
3.5084672647656134E-4	0.9996492763237771	25
3.5084672647656134E-4	0.9996492763237771	25
3.5084672647656134E-4	0.9996492763237771	25
3.5084672647656134E-4	0.9996492763237771	25
3.5084672647656134E-4	0.9996492763237771	25
