0.540805368839347	0.6490112380340918	687
0.47318700500956784	0.6788004486867608	687
0.47697463943081897	0.6770596957476328	686
0.46475642205391127	0.682707366865666	688
0.44031138769640177	0.6942943092322384	688
0.43976323880500245	0.6945586420375588	688
0.4545140020660764	0.6875148665324238	687
0.48576774905030956	0.6730527033173197	686
0.44691469345479473	0.6911257481339846	688
0.45259905187706784	0.6884212121079019	688
0.5417997950839516	0.6485926403599953	686
0.45951995889073094	0.6851567831659001	686
0.43676172034196376	0.6960096346121958	688
0.4656285826444804	0.6823011040052644	686
0.4563583233905167	0.6866442028304692	687
0.4835735468741493	0.6740481468593006	688
0.4361823082331296	0.6962904321180888	688
0.4475984269179397	0.6907993138187398	687
0.4681316081712492	0.6811378451592847	688
0.43761031775609555	0.6955987917232378	688
0.4725159648110985	0.6791097848153278	687
0.4672436803338227	0.681550047482558	688
0.4971660300043619	0.6679285930613097	686
0.47863541334770787	0.6762992357500405	688
0.4725819868883342	0.6790793374520817	688
0.5014303610209156	0.6660315562821295	687
0.4650693792816852	0.6825615319939962	688
0.48980375180932295	0.6712293473456012	687
0.4644637628858118	0.6828437994460452	688
0.45991649573983806	0.6849706835412067	688
0.4747557992385166	0.6780783642392493	687
0.483903085642606	0.6738984571670654	687
0.504461942758402	0.6646894624443069	686
0.46353635596567055	0.683276500733171	688
0.5360881420797572	0.6510043093269824	687
0.46179756203659506	0.6840892514602277	688
0.46852153734984286	0.68095698603416	688
0.4863308733047793	0.6727977047106288	687
0.49664305064633807	0.6681619906417509	688
0.5092052496710097	0.6626003985991893	687
0.5185548932307952	0.6585208111064422	686
0.47612329901082145	0.6774501836466637	688
0.4665881638162705	0.6818546778652966	688
0.46691315758869467	0.6817036133507696	688
0.46274512544215585	0.6836460997931694	689
0.5233776346682109	0.6564360518643155	684
0.4674745415571885	0.6814428268982882	688
0.47624497010255123	0.6773943486700126	687
0.5022430610443257	0.6656712391833732	687
0.4925932525343476	0.6699748898784387	687
0.4671990792214316	0.6815707657959065	688
0.48613257016335615	0.6728874799440535	687
0.4685813376863868	0.6809292576027195	688
0.45821670794857267	0.6857691278320391	687
0.4371454989172237	0.6958237706296415	688
0.47950345377581677	0.675902443788094	688
0.43611193812698507	0.6963245506504362	688
0.44395438240062235	0.692542653831949	689
0.4381613459215332	0.6953322746685479	688
0.4651926636908636	0.6825040998232754	687
0.45285023927138973	0.6883021890139922	687
0.4348113372541258	0.6969557418703931	688
0.5031829575678896	0.6652550143450093	687
0.46768059437764886	0.6813471567524794	688
0.45265841322348654	0.68839308050471	687
0.4543505305637614	0.6875921443865133	687
0.4996988337917733	0.6668005451945598	685
0.46403047771351374	0.6830458895649324	688
0.46619968096594944	0.6820353414217007	687
0.46855723814398736	0.6809404318920753	688
0.46531357565611514	0.6824477822449954	688
0.43576611606447513	0.6964922690480136	688
0.4747999198960798	0.6780580785971727	688
0.4675812169294157	0.681393294261612	688
0.5119296829327052	0.6614064207406061	687
0.4685186567847369	0.6809583217617815	689
0.4906515824805925	0.6708475754850108	687
0.465585707803883	0.6823210643193682	688
0.5170441988979105	0.6591765755582281	686
0.4661796112800953	0.6820446774095554	688
0.542582930770076	0.6482633640324206	686
0.4718864375906323	0.6794002407121333	688
0.4641633516189218	0.6829839026460418	688
0.47132647515076315	0.6796588091691428	688
0.4956169683939255	0.6686203895331932	687
0.4685414257376101	0.6809477638655825	688
0.5102102836720961	0.6621594428349984	687
0.4918252096682103	0.6703198159671837	686
0.46336787271633534	0.6833551690210188	688
0.4772987085652069	0.6769111718585522	688
0.46648050088851806	0.6819047368131491	688
0.4686891287499802	0.6808792823646163	687
0.5118820316153281	0.6614272668692133	687
0.5194352625615424	0.6581392604474299	685
0.5076896549361399	0.6632664731272937	685
0.4648246071067183	0.6826755880181264	688
0.46549053467351675	0.6823653761931535	688
0.46909521478714805	0.6806910742983302	688
0.46283328897010745	0.6836048971130809	688
0.5086553144869512	0.6628419297618491	686
0.4348113372541258	0.6969557418703931	688
