0.4946670371303448	0.6690453292660614	687
0.5325683302773285	0.6524994548328187	687
0.4648325185881386	0.6826719009240989	688
0.5012498563290324	0.6661116374360723	686
0.511697107251694	0.6615081785914289	686
0.4636929490980039	0.6832034004237342	688
0.475511668787243	0.6777310008140587	688
0.4810898564249267	0.675178481347386	687
0.46252614663619934	0.6837484596771097	688
0.5240051223563013	0.6561657735466635	686
0.4697948709137042	0.6803670497083351	688
0.4789850316662862	0.6761393648949633	687
0.47400052613982224	0.6784258093983483	688
0.471203598465364	0.6797155750863552	688
0.47399976580089065	0.6784261593533257	688
0.46989663031258716	0.6803199486125366	688
0.47005164401256166	0.6802482103761076	688
0.4648833434705437	0.6826482152707393	688
0.46578389101391954	0.6822288102158599	688
0.46475642205391127	0.682707366865666	688
0.46771969485883486	0.6813290054652975	688
0.4645546697656711	0.682801414412205	688
0.4738673375933448	0.6784871165086571	688
0.5333531290192404	0.6521654934369995	685
0.4740731808536372	0.6783923708732691	687
0.47350820974012126	0.678652479429597	688
0.47820659937241916	0.676495423863319	688
0.4710211339373463	0.6797998865749756	688
0.4843061516541641	0.6737154588260408	687
0.5003863188956872	0.6664950135882464	687
0.49056081102124866	0.6708884284398005	687
0.47623515512766607	0.677398852429794	687
0.4836818893202224	0.6739989260488779	687
0.4722879276682463	0.6792149695771547	688
0.4830282659617127	0.6742959813726281	688
0.486862141566238	0.6725573084715273	687
0.46815688827204965	0.681126116689717	688
0.46260266387360444	0.683712688825253	688
0.48420472615257554	0.673761498248457	688
0.48163767813199476	0.6749288404036611	688
0.4801309645838692	0.6756158907067691	687
0.5185693206534393	0.6585145547189777	687
0.46815688827204965	0.681126116689717	688
0.46980968725941047	0.6803601913010847	688
0.49037256059860174	0.6709731690164467	686
0.4658422125578658	0.6822016663410311	688
0.4686058650693084	0.6809178853121404	688
0.4535712944885329	0.6879607514207752	689
0.493962977206234	0.6693606302547316	688
0.4760316259984608	0.6774922585575025	687
0.46974654417283757	0.6803894208594942	688
0.4746440344849239	0.6781297564800365	688
0.47144437903192554	0.679604349474567	688
0.46861254586766293	0.6809147877796424	688
0.46900661772149094	0.6807321273685304	688
0.5313873940489677	0.653002632701588	686
0.4640609228930262	0.6830316856104399	688
0.46793261034191186	0.6812301824721226	688
0.467459536440676	0.6814497948103568	688
0.5438568444257915	0.6477284494417818	685
0.4616903919289112	0.684139408401225	688
0.4650625237510171	0.6825647259338039	688
0.49551537964475617	0.6686658081961948	687
0.49265662855606246	0.669946443722533	686
0.46529511651833294	0.68245637941938	688
0.48850728912355096	0.6718139758581974	687
0.49144415845752887	0.6704910769399595	687
0.47395521079644914	0.6784466669510614	687
0.4725260402345443	0.6791051381615769	688
0.5586308367477648	0.6415887434170092	687
0.47282699271825895	0.6789663721157049	688
0.4644147350453723	0.6828666606997893	688
0.47185699195720965	0.6794138326375342	688
0.47189639436916647	0.6793956448467187	688
0.466112971755471	0.6820756785219872	688
0.4974565003157861	0.6677990310831189	687
0.46796699089197175	0.6812142277071068	688
0.4684268860392536	0.6810008789046841	688
0.46509350748806183	0.6825502910831434	688
0.4773586290492588	0.6768837168829759	688
0.46531615695246437	0.6824465800471212	688
0.46108118272596416	0.6844246656672991	688
0.520788317801551	0.6575537096744657	687
0.4884050830475623	0.6718601081047536	687
0.564674637430819	0.6391105064769188	687
0.4714870492873335	0.679584642273486	688
0.47451809556791724	0.678187675692678	688
0.50032526160096	0.6665221372950321	687
0.5325705645833124	0.6524985035660581	686
0.482840609677212	0.6743813148047532	687
0.47519399029226844	0.6778769481035358	687
0.482882610982143	0.674362213565698	687
0.46991141492729643	0.6803131058407769	688
0.47404012080979624	0.6784075859825499	688
0.4819618029609099	0.6747812244566854	687
0.46882115059446544	0.6808180829880324	688
0.464737409043868	0.6827162287421653	688
0.4648117449744566	0.6826815824155192	688
0.4793186895042358	0.6759868628004221	687
0.46408851339861995	0.6830188139914292	688
0.4535712944885329	0.6879607514207752	689
