0.6209527836794234	0.6169211158205892	685
0.5272230224718684	0.6547832145572702	684
0.44914125436799546	0.6900638547041595	687
0.33356191174531696	0.7498714466816442	688
0.4680274833836435	0.681186157152255	688
0.4655215506121077	0.6823509347797224	688
0.46689223973541966	0.6817133344303246	688
0.5263133146612369	0.655173476110276	687
0.4991690938681302	0.6670361629586542	687
0.4840607141257336	0.6738268795081637	687
0.4812893167630957	0.6750875664081571	688
0.46758179425753327	0.6813930262101076	688
0.46644961741524565	0.6819190977475198	688
0.47244410558000116	0.67914292719865	688
0.4648117449744566	0.6826815824155192	688
0.4841664098402132	0.6737788925620954	687
0.4613353738898028	0.6843056138018381	688
0.4741157487012768	0.6783727810255188	688
0.4694690294363501	0.6805179149529771	688
0.46832687272504664	0.6810472644582977	688
0.4709163202645406	0.6798483273475084	688
0.466091608591801	0.682085617392294	688
0.4411258390213656	0.6939019292576672	688
0.45019589362552104	0.6895620132394517	687
0.4647673754502288	0.6827022616424863	688
0.46461994090170344	0.6827709852047644	688
0.4745529959668496	0.678171624034652	688
0.4823414152934519	0.6746084199516444	688
0.4791776764878117	0.6760513060029539	688
0.46523019739498495	0.6824866166271266	688
0.5215330026821756	0.6572318827374685	686
0.47325576624003035	0.6787687670499671	688
0.48138546748090455	0.6750437492143754	687
0.4589829085457648	0.6854089887843483	687
0.4617820334230856	0.6840965185885334	687
0.486493013990939	0.6727243186398827	688
0.48357190394553284	0.6740488933098004	688
0.47263981212829437	0.6790526724622337	688
0.4688251223485123	0.6808162420323358	688
0.4875921155463998	0.6722272789357284	688
0.4999569461363753	0.6666858022664075	687
0.46503583207644367	0.6825771616675526	688
0.4451509780084949	0.6919692234357826	688
0.46263670521824724	0.6836967761251316	689
0.4784722357555363	0.6763738782615522	688
0.4900050821233616	0.6711386504634803	687
0.48626027845563935	0.6728296614635302	688
0.4736182611027552	0.6786017969481923	688
0.47176560137784307	0.6794560214369845	687
0.5093704230648983	0.6625278889256485	687
0.48287847882065515	0.6743640927308541	687
0.46860203758124414	0.6809196599284163	688
0.4824829851773693	0.6745439981426543	688
0.502778197229588	0.6654341950419077	686
0.4755008968495267	0.6777359486091733	688
0.4755684920338515	0.6777049018047606	688
0.48916705532036253	0.6715163328568743	687
0.4737642162380936	0.6785345912065796	688
0.47340860086778824	0.6786983593084998	688
0.4926189490941571	0.6699633557559226	687
0.4688399120545957	0.6808093869135214	688
0.4821554299960995	0.6746930718343296	688
0.4661922609826272	0.6820387930091857	688
0.4861514257409014	0.6728789426699658	687
0.47123206446334104	0.6797024236722087	688
0.5013964228156124	0.6660466115435861	687
0.4632015774465428	0.6834328334617548	688
0.46420489363553996	0.6829645252154944	688
0.4646060876320928	0.6827774433306867	688
0.4636658516793536	0.6832160488356265	688
0.4642632977999948	0.6829372842319176	688
0.46473018774514213	0.6827195946165591	688
0.4642372395484651	0.6829494381036064	688
0.4499581998453219	0.6896750541544423	688
0.4649507454841439	0.6826168067988628	688
0.4655547719778824	0.6823354671694873	688
0.46211676477610414	0.6839399041793569	688
0.4615003192069035	0.6842283828871547	688
0.46537861724721863	0.6824174914456894	688
0.4640307938329693	0.6830457420788989	688
0.46373204897495357	0.6831851503834301	688
0.46145563854152716	0.6842493016058695	688
0.4649092746510244	0.6826361313319034	688
0.4481217909075316	0.6905496528529581	689
0.46415899672423183	0.6829859340667943	688
0.4652006394400178	0.6825003846450599	688
0.4651834937842622	0.6825083713011326	688
0.4640533464191433	0.6830352202983936	688
0.45978546810151694	0.6850321652403637	688
0.4643474622949077	0.6828980318870578	688
0.4631125703658894	0.6834744094570413	688
0.4632897155112117	0.6833916683755562	688
0.46452871266178064	0.6828135162898241	688
0.46484914897647434	0.6826641505705378	688
0.4647543431699213	0.6827083358127264	688
0.46398436899812934	0.6830674023414234	688
0.46504844948359747	0.6825712831220576	688
0.46289517043660994	0.6835759801582665	688
0.45805499748557	0.6858451853493248	688
0.4639164708557881	0.6830990837990994	688
0.33356191174531696	0.7498714466816442	688
