0.600665926520322	0.6247399806741023	683
0.494947797132647	0.6689196786122089	687
0.599428840373232	0.6252231889020125	687
0.4961422173155305	0.6683856577446634	687
0.5082168372753556	0.6630346348649266	686
0.4646789561252737	0.6827434748195222	688
0.5663070751901172	0.638444412235462	681
0.46727140916513416	0.6815371673935854	688
0.5610192576176208	0.6406070874014513	683
0.495806180757971	0.6685358122355594	687
0.5552265311084668	0.6429931460127957	684
0.525781863047249	0.6554016823891378	686
0.4830479700794767	0.6742870225205256	688
0.4676896945078089	0.6813429321893215	688
0.544541237588407	0.6474414380553317	686
0.5480930051512557	0.6459560224563482	686
0.48896467447800096	0.6716076057013095	687
0.47051497825664607	0.6800338757416396	688
0.47516270694036716	0.6778913236453072	687
0.5291798477878101	0.6539453167962233	684
0.4737401517860454	0.6785456708824054	688
0.4733069331466338	0.6787451938912943	688
0.5546037971606776	0.6432507123849794	687
0.5191261747582411	0.6582731682305082	687
0.5813712078794249	0.6323625945744721	686
0.4691987220482495	0.680643118587711	688
0.5351639290013974	0.6513962327466135	687
0.5507446803683166	0.6448514785570572	683
0.48706957297068404	0.6724634934210398	687
0.47545687468292	0.6777561697388838	688
0.46475642205391127	0.682707366865666	688
0.5000141718629526	0.6666603681204181	687
0.47265108938662603	0.6790474724169118	688
0.5594414122572995	0.6412552546956508	685
0.5316401359540999	0.6528948781934818	685
0.6382290692475713	0.6104152458113162	684
0.5003101065871783	0.666528870004578	687
0.6601961628397424	0.6023384599862669	681
0.48265895417737587	0.6744639400601943	687
0.48433810320856857	0.6737009565666908	687
0.511861821085793	0.6614361088117281	686
0.5974458815930852	0.625999297705616	684
0.5537136633524863	0.6436192353758898	687
0.46277124831533506	0.6836338909119892	688
0.5064703834994413	0.6638032920879994	687
0.47332951756927255	0.6787347895193326	688
0.5249829411904485	0.6557450401506585	686
0.6263868915188066	0.6148598499008725	683
0.5662028381732951	0.6384869032457681	684
0.4749435834855447	0.6779920338626299	687
0.48013064817368684	0.6756160351343893	687
0.4669450973723685	0.6816887706235406	688
0.4747220652403303	0.678093875158119	688
0.48441080576395307	0.6736679604574485	687
0.46878181604850394	0.6808363155600073	688
0.517041188841162	0.659177883471892	688
0.4704208061823896	0.6800774280365841	688
0.46002470946677093	0.6849199150644644	688
0.49055492910717086	0.6708910758485037	687
0.4634227356087791	0.6833295504213983	688
0.4707942459256096	0.6799047540267427	688
0.46508298012919175	0.6825551955506435	688
0.4683868570558241	0.681019443340048	688
0.469510585787734	0.680498670558367	688
0.46412268466622003	0.6830028729648244	688
0.4655969717521997	0.6823158202929734	688
0.497986271009226	0.667562860456844	687
0.4639187775004324	0.6830980074642184	688
0.46463515437809755	0.6827638931175406	688
0.4796589161660081	0.6758314291722934	687
0.4685196391199387	0.6809578662490919	688
0.4744158916491155	0.6782346864706624	688
0.4831082622304434	0.6742596110253624	687
0.48969100931642257	0.671280147188961	687
0.49481580785766216	0.6689787428948711	687
0.5256036794046873	0.6554782303554842	686
0.46123316607831644	0.6843534784279621	688
0.48103760367193643	0.6752023024403297	687
0.46331988158448656	0.6833775803805777	688
0.48683983878708254	0.6725673969132875	687
0.46475305414767704	0.6827089366144988	688
0.4677936190053499	0.6812946909236802	688
0.4675495148880812	0.6814080137366011	688
0.46878181604850394	0.6808363155600073	688
0.4667486355304281	0.6817800785874701	688
0.4654729360902757	0.6823735705879991	688
0.46673660742597767	0.6817856695858513	688
0.4748967997367568	0.6780135397801951	687
0.4640458540232999	0.6830387157970021	688
0.47064519822556505	0.6799736613607205	688
0.46191750255099534	0.6840331265307615	688
0.46632400559971526	0.6819775139608436	688
0.4684556999496139	0.6809875163645129	688
0.46447642595906424	0.6828378950143322	688
0.46438569715658196	0.6828802015355067	688
0.46587990093819137	0.6821841266532004	688
0.4634485886087106	0.683317478853625	688
0.4615279145047873	0.6842154638824207	688
0.4713919485393118	0.6796285659933952	688
0.4656758294691848	0.6822791096733608	688
0.46002470946677093	0.6849199150644644	688
