0.48606192718058466	0.6729194670219696	687
0.5047601880921302	0.664557720169278	687
0.4754561409222518	0.6777565067945279	687
0.4673264101332117	0.6815116207914602	688
0.46474803479952737	0.6827112760979842	688
0.46075370088679163	0.6845781047091798	688
0.4621712889371409	0.6839144001568411	688
0.4792485733930377	0.6760189044537946	688
0.4648496866301982	0.6826639000076807	688
0.4648235417866299	0.6826760845066093	688
0.46350901438980174	0.6832892658450361	688
0.46768687706581075	0.681344240127835	688
0.46095952336318313	0.6844816601749258	688
0.4634577026190176	0.683313223341126	688
0.46312216338642775	0.683469928229013	688
0.46441617675369895	0.6828659884219448	688
0.4776767671545382	0.6767379864309784	687
0.46468909491781735	0.6827387487691436	688
0.5050838168380091	0.6644148244852394	686
0.47105424294001336	0.6797845863259429	688
0.5275675995604224	0.6546355135365289	685
0.4822240924911259	0.6746618173769747	687
0.47460814691247255	0.6781462601395464	688
0.48179304439742765	0.6748580739941662	687
0.470087948013817	0.680231411563549	688
0.48927832899482504	0.6714661595021939	687
0.4678316553181486	0.6812770363528184	688
0.4826580990068888	0.674464329078847	687
0.4929675283375756	0.6698069321799004	687
0.46474803479952737	0.6827112760979842	688
0.4850180062506075	0.6733925082328213	687
0.4773832346395949	0.6768724434888745	687
0.4651349439571039	0.6825309874182333	688
0.4692731173690474	0.6806086548365148	688
0.4669186535114388	0.6817010592961296	688
0.46586570062659877	0.68219073518982	689
0.5115074491809858	0.6615911820625513	687
0.4701199725126365	0.6802165936776322	688
0.4631500394224427	0.6834569067125443	688
0.4711235457136957	0.6797525625319684	689
0.4686430938955308	0.6809006246354454	688
0.46487505099758025	0.6826520796562136	688
0.48079124944419543	0.6753146335618494	687
0.48594068536294904	0.6729743722951799	688
0.46615819465257424	0.6820546402477144	688
0.4661501575713308	0.682058379106608	688
0.4642950164355247	0.6829224908750017	688
0.4751299571528153	0.6779063737069815	688
0.4650503975230677	0.6825703755247469	688
0.48416104895922707	0.6737813262928934	688
0.48705947079041495	0.672468061730222	687
0.4715258378016097	0.6795667288411007	688
0.4792350310955481	0.6760250933615208	688
0.47064510549617466	0.6799737042354718	688
0.5111765007692625	0.6617360708632984	686
0.47268968008901147	0.6790296784992468	688
0.4970147542426244	0.6679960883257453	687
0.46738852404885084	0.6814827727020638	688
0.5005993172793034	0.6664004098129761	687
0.4709401965978014	0.6798372920346738	688
0.47005164401256166	0.6802482103761076	688
0.47937000571568844	0.6759634142482298	687
0.46159683097981924	0.6841832021006943	688
0.4769524474042896	0.6770698689436327	688
0.4693210507354168	0.6805864514766771	688
0.4806205564551425	0.6753924870489237	687
0.4664352442750226	0.6819257815195111	688
0.4721736580476247	0.6792676900130012	688
0.4775217979375743	0.6768089657938503	688
0.46475642205391127	0.682707366865666	688
0.4717819750638056	0.679448462437276	688
0.5086448578264848	0.6628465240260103	686
0.4654609813863428	0.6823791371463118	688
0.46398126031849674	0.6830688527955917	688
0.47262954575341876	0.6790574064493493	688
0.4934536688642878	0.6695889004447391	686
0.4603880014848796	0.6847495316198362	688
0.4771317007268991	0.676987704960836	687
0.46727277495125746	0.6815365329962043	688
0.48987531262012224	0.671197107254151	687
0.4691226375073652	0.6806783684830305	688
0.4790341815576648	0.6761168960590461	688
0.47177880120189186	0.6794499276544645	688
0.46712561435032707	0.6816048947811604	688
0.48245866378542684	0.6745550647911633	688
0.5116716240062043	0.6615193300710497	685
0.4890961638899038	0.6715483017481837	687
0.4783352496429407	0.676436552697724	688
0.4795025120070857	0.675902874029869	687
0.48438901362560755	0.6736778504965545	687
0.4989796111021471	0.6671204815552728	688
0.5109930904744983	0.6618163949948768	687
0.49568828140246673	0.6685885103427612	688
0.4865106540556872	0.6727163355820377	687
0.46475508941338955	0.682707987995784	688
0.4947497407577822	0.6690083113799621	687
0.48974835843375797	0.6712543056945179	687
0.46336989044991705	0.6833542267926171	688
0.4686833454120002	0.6808819635109816	688
0.5001789676728037	0.6665871349678226	686
0.4603880014848796	0.6847495316198362	688
