0.47627735321008785	0.6773794895827348	687
0.46474505039682784	0.6827126671150592	688
0.46475305414767704	0.6827089366144988	688
0.46330373711906875	0.6833851200084992	688
0.46763631486270113	0.6813677134267089	688
0.46474505039682784	0.6827126671150592	688
0.46476148320348104	0.6827050079259099	688
0.464737409043868	0.6827162287421653	688
0.46498487605949074	0.6826009034917788	688
0.46493913233209666	0.6826222181723407	688
0.46474505039682784	0.6827126671150592	688
0.46399469087912654	0.683062586381035	688
0.4634127550925646	0.6833342107481819	688
0.4638118980378622	0.6831478835090972	688
0.4648325185881386	0.6826719009240989	688
0.46487447528926	0.6826523479443766	688
0.46490445376751927	0.682638377832866	688
0.46578389101391954	0.6822288102158599	688
0.46540552718338385	0.6824049598898898	688
0.46482593149836865	0.6826749707913085	688
0.4660831075046254	0.6820895724677362	688
0.4650997563224199	0.682547379920479	688
0.46416536800866853	0.6829829620680384	688
0.46723162456643835	0.6815556475587121	688
0.464737409043868	0.6827162287421653	688
0.4647625018638781	0.6827045331427599	688
0.46471967806833664	0.6827244932755965	688
0.46474803479952737	0.6827112760979842	688
0.46502537304140484	0.6825820346878987	688
0.4648117449744566	0.6826815824155192	688
0.46487447528926	0.6826523479443766	688
0.46461530508951393	0.6827731463169998	688
0.46475305414767704	0.6827089366144988	688
0.46482593149836865	0.6826749707913085	688
0.4647397810572495	0.6827151231450816	688
0.46476148320348104	0.6827050079259099	688
0.4647397810572495	0.6827151231450816	688
0.4647670173019  	0.6827024285691519	688
0.4647869494300753	0.6826931386773234	688
0.46482593149836865	0.6826749707913085	688
0.4647625018638781	0.6827045331427599	688
0.4647670173019  	0.6827024285691519	688
0.4647710535999798	0.6827005473260083	688
0.4648117449744566	0.6826815824155192	688
0.46412961116979834	0.6829996418151998	688
0.4660831075046254	0.6820895724677362	688
0.46475305414767704	0.6827089366144988	688
0.4652301980012648	0.6824866163447286	688
0.4626748862884937	0.683678929182601	688
0.46475642205391127	0.682707366865666	688
0.4654729360902757	0.6823735705879991	688
0.46448145369972355	0.6828355507498557	688
0.46500138021534326	0.6825932135661252	688
0.46482593149836865	0.6826749707913085	688
0.4646170637696702	0.6827723264579298	688
0.464737409043868	0.6827162287421653	688
0.46413880930045454	0.6829953510198847	688
0.46476837500034723	0.6827017957701079	688
0.46475305414767704	0.6827089366144988	688
0.46474803479952737	0.6827112760979842	688
0.46493913233209666	0.6826222181723407	688
0.46490445376751927	0.682638377832866	688
0.4647710535999798	0.6827005473260083	688
0.4647670173019  	0.6827024285691519	688
0.46855723814398736	0.6809404318920753	688
0.4647397810572495	0.6827151231450816	688
0.46470917732454714	0.6827293878410801	688
0.46394430038732853	0.6830860981086653	688
0.4646481917857  	0.6827578155685288	688
0.46727277495125746	0.6815365329962043	688
0.46474505039682784	0.6827126671150592	688
0.46540552718338385	0.6824049598898898	688
0.4650997563224199	0.682547379920479	688
0.46487447528926	0.6826523479443766	688
0.46474505039682784	0.6827126671150592	688
0.46475305414767704	0.6827089366144988	688
0.4627890132331696	0.6836255884843724	688
0.4643182768279556	0.6829116427927309	688
0.4647710535999798	0.6827005473260083	688
0.4610994240278137	0.6844161208710214	688
0.46475305414767704	0.6827089366144988	688
0.46430981271658534	0.682915590208879	688
0.46395228093785695	0.6830823743512777	688
0.4639776291165622	0.6830705470570956	688
0.4647397810572495	0.6827151231450816	688
0.46382613189326416	0.6831412407610412	688
0.46440277662808926	0.6828722370375344	688
0.4641565128411924	0.6829870927251501	688
0.46338641973257383	0.6833465081511039	688
0.4644775601239903	0.682837366190394	688
0.46424184830407594	0.68294728849488	688
0.46496012437376244	0.6826124365859293	688
0.46493645649453935	0.6826234650429205	688
0.46386479041512424	0.6831232000029313	688
0.46438713491024064	0.6828795310751585	688
0.46474803479952737	0.6827112760979842	688
0.46431794434974305	0.6829117978500687	688
0.46434249466764554	0.6829003485465093	688
0.4643706300355401	0.6828872277885893	688
0.46463718485860894	0.6827629465767909	688
0.4610994240278137	0.6844161208710214	688
