0.5316448051705622	0.6528928878446077	684
0.4953204781629445	0.6687529627284555	687
0.43094858027970173	0.6988371306846917	688
0.47074128292774436	0.6799292381385671	687
0.453450086690449	0.688018122642953	687
0.4840898797848588	0.673813637314854	687
0.511693952057951	0.6615095592852283	686
0.5482679856459318	0.6458830184897246	684
0.4797066611232781	0.6758096224564387	687
0.46490445376751927	0.682638377832866	688
0.4663007487883561	0.6819883307202339	688
0.5043645536559676	0.6647324929118806	686
0.49121129624361826	0.6705957784245691	688
0.5120338529686209	0.6613608538173074	686
0.530692252579629	0.6532991842839281	687
0.5155530753885094	0.6598251267073915	687
0.47161921089105946	0.6795236108629651	688
0.4889787737382194	0.6716012461946702	687
0.5333182981742419	0.6521803080226222	685
0.4775437507578287	0.6767989100066258	688
0.4921725939953612	0.6701637625728359	688
0.4799532058773725	0.6756970396284672	687
0.5469980390730865	0.6464132304906923	685
0.5822224624279629	0.6320223759593662	685
0.5083606479260704	0.6629714195838748	687
0.4756352460749223	0.6776742441331108	688
0.4878761701272137	0.6720989421549105	688
0.5201755789406743	0.6578187505793537	687
0.49620274695211536	0.6683586178658474	687
0.4959375793850231	0.6684770900742382	687
0.4615571590349203	0.6842017733061561	688
0.46815688827204965	0.681126116689717	688
0.5092810323062523	0.6625671287155533	687
0.5741768662587317	0.6352526335726497	684
0.5220988657695081	0.6569875469255032	687
0.5539035060025669	0.6435406034783399	686
0.506641785996973	0.6637277747731398	687
0.46382564315747454	0.683141468845291	688
0.4748933395068108	0.6780151304597997	688
0.5394030659756719	0.64960244792432	686
0.513501184135514	0.6607196680663205	687
0.4989906058183137	0.6671155883956258	687
0.47272379191674274	0.6790139505375309	687
0.561330245199761	0.6404794905334439	685
0.6150446852710677	0.6191779144687634	685
0.5263133146612369	0.655173476110276	687
0.5105788405631742	0.6619978866029792	687
0.5091151639266374	0.6626399521412621	687
0.4804639871269274	0.6754639144857937	687
0.4719658830720672	0.6793635718736561	688
0.4917635497712691	0.6703475226709549	687
0.4782097894537573	0.6764939639383188	687
0.46578389101391954	0.6822288102158599	688
0.46497183344261866	0.6826069806748738	688
0.4624067719341523	0.6838042733332111	686
0.4789850316662862	0.6761393648949633	687
0.5673481429514076	0.6380203431491245	682
0.4822320608158815	0.6746581904655057	688
0.4648782910584505	0.6826505697462744	688
0.47075407707779976	0.6799233234062299	688
0.47135457542582804	0.6796458288856632	688
0.4715940630340027	0.6795352231431868	688
0.48036579411274355	0.675508718167424	687
0.4662322466495869	0.6820201931072307	688
0.5030734414805668	0.6653034857797592	687
0.5060523467507541	0.6639875447606179	687
0.47377732871979644	0.678528554153194	688
0.4852020509881913	0.6733090621135635	688
0.46592180514519826	0.6821646260326627	688
0.47627735321008785	0.6773794895827348	687
0.4975355943926802	0.6677637605038337	687
0.5182563403968946	0.6586503038996597	688
0.4664539742409259	0.6819170717701014	688
0.5111464351082765	0.6617492367166574	686
0.4941496729690235	0.6692769928550069	688
0.46475642205391127	0.682707366865666	688
0.5362981186809421	0.6509153320181079	686
0.46497183344261866	0.6826069806748738	688
0.4843997346582673	0.6736729848784405	687
0.5914785460425874	0.6283465161918936	685
0.48571971755183757	0.6730744622867331	688
0.49237336303763346	0.6700736054177233	687
0.4594102183284475	0.6852083036292302	688
0.4993577789881689	0.6669522204865893	686
0.49734370486423557	0.6678493366295417	687
0.48961206133692226	0.6713157243789386	688
0.4930437243973281	0.6697727492231704	687
0.5874580504736565	0.629937905887734	683
0.4674760931604288	0.6814421063898566	688
0.49063641861721474	0.6708543998459715	687
0.4932572119243496	0.6696769933635929	687
0.48169651601073715	0.6749020391114651	688
0.4653589742408086	0.6824266391913234	688
0.4729582923795406	0.6789058489799572	688
0.46361659626471247	0.6832390412571805	688
0.5021602873985669	0.6657079197132781	687
0.46805507037113525	0.6811733566283672	688
0.4830663528990081	0.6742786646364545	688
0.46578005136834416	0.6822305973303933	688
0.46779863174627023	0.6812923642054901	688
0.43094858027970173	0.6988371306846917	688
