0.5758804750171833	0.6345658924348917	686
0.4694666715675676	0.6805190068946855	688
0.47101251490267654	0.6798038696945831	688
0.4647397810572495	0.6827151231450816	688
0.4909685692474249	0.6707049502088135	687
0.46796699089197175	0.6812142277071068	688
0.46401385302259673	0.6830536459306066	688
0.467918831903364	0.6812365767549686	688
0.47458330026884477	0.6781576868649474	687
0.46780835047198177	0.6812878531985763	688
0.48086116135073126	0.6752827517522808	687
0.46610967198927783	0.6820772136665321	688
0.4749422044820608	0.677992667754164	688
0.46961501920448445	0.680450313131196	688
0.47318812137893546	0.6787999342975822	688
0.4661870838130972	0.6820412013174407	688
0.47226063073767155	0.6792275627848264	688
0.4822245549027996	0.674661606901781	687
0.4596600420218545	0.6850910288774129	688
0.4682701334596909	0.6810735825863977	688
0.46700972772592325	0.6816587382485488	688
0.4664894925211402	0.6819005557829351	688
0.46897685376002435	0.6807459201555006	688
0.4968346386043698	0.6680764689761507	686
0.48042580762972237	0.6754813343878937	688
0.4720216813132608	0.6793378200162462	688
0.4662789312216002	0.6819984783978792	688
0.48418727446212656	0.6737694206160086	687
0.46493913233209666	0.6826222181723407	688
0.4680587631894169	0.6811716431755495	688
0.49178849876346703	0.6703363116345868	687
0.4983755535578791	0.6673894255852674	687
0.46513610933956845	0.6825304445269352	688
0.468425369405755	0.6810015822626939	688
0.466957063437364	0.6816832100435214	688
0.46623952014547515	0.6820168098461726	688
0.48393189381863694	0.6738853745010335	687
0.4684935973370385	0.6809699421321256	688
0.46439700159650804	0.6828749300290732	688
0.46795731754980896	0.6812187166784359	688
0.4729646638914996	0.6789029122790017	688
0.46475850602247887	0.6827063955514955	688
0.46474803479952737	0.6827112760979842	688
0.4811600447825826	0.6751464863790521	687
0.46497183344261866	0.6826069806748738	688
0.4645543504115191	0.6828015633008185	688
0.4805714148528472	0.6754149039811019	687
0.4888822282668074	0.671644795682792	686
0.47570308765037916	0.6776430898387591	687
0.47303625106625086	0.6788699186976249	688
0.4978917473718047	0.6676049866451272	686
0.48560446564029686	0.6731266788222793	687
0.46491810675079337	0.6826320156681062	688
0.4681575822224237	0.6811257947435383	688
0.4654588021903479	0.6823801518714481	688
0.46747291549139	0.681443581986074	688
0.46990346913008174	0.6803167833815781	688
0.4628115535708973	0.6836150545563308	688
0.4658429145273387	0.6822013396452172	688
0.4722702670157876	0.6792231171162249	688
0.49283690554679516	0.66986554008974	687
0.4658966970009856	0.6821763102719697	688
0.46418565628464625	0.6829734984137791	688
0.46723460899018276	0.6815542612426825	688
0.4777427234749115	0.6767077814793772	687
0.46581008561722237	0.6822166185184355	688
0.4661158123696934	0.6820743569934581	688
0.4654604662864942	0.6823793769981525	688
0.4652228026701332	0.6824900610184749	688
0.4753161678792245	0.6778208100555867	687
0.4670038168185184	0.6816614848137842	688
0.46490445376751927	0.682638377832866	688
0.4666319627869044	0.6818343152018813	688
0.4652591304740176	0.6824731402127456	688
0.4624326879967096	0.6837921555007324	688
0.46058119995392116	0.6846589563329641	688
0.4728530056152473	0.6789543805033518	688
0.46475305414767704	0.6827089366144988	688
0.4696902741772686	0.6804154709126038	688
0.46380091448413735	0.6831530094735685	688
0.46500138021534326	0.6825932135661252	688
0.46492803617983464	0.682627388719892	688
0.4639609610117509	0.683078324239531	688
0.4686248709046776	0.6809090733864508	688
0.46475642205391127	0.682707366865666	688
0.46256903982961783	0.6837284071844534	688
0.464576075752465	0.6827914347066084	688
0.46878181604850394	0.6808363155600073	688
0.47071276086471187	0.6799424242515212	688
0.46490090374074183	0.682640032132153	688
0.476728499449052	0.6771725475421426	687
0.4776615621617218	0.6767449499986085	687
0.47574506838117175	0.6776238128289709	688
0.4638292738035326	0.6831397744913624	688
0.4850260722478002	0.6733888506660064	688
0.48359388191972463	0.6740389079429411	688
0.4692140927559973	0.6806359977967329	688
0.46301830857068726	0.6835184454916096	688
0.47622110743178286	0.6774052985461805	687
0.46497183344261866	0.6826069806748738	688
0.4596600420218545	0.6850910288774129	688
