0.4629244009901468	0.6835623216915194	688
0.41880485180638866	0.7048185652359615	689
0.4235431410453088	0.702472563821072	689
0.40866452168169703	0.7098922309807137	690
0.40816058470556643	0.7101462793812616	690
0.40851518576253737	0.7099674963451837	690
0.4029943981693173	0.7127612207895053	690
0.4105492877945595	0.7089436779366519	690
0.4113962992160367	0.7085182245096238	690
0.4083939431410712	0.7100286144157575	690
0.41113743669063585	0.7086481968369963	690
0.4111753680391875	0.7086291488984029	690
0.4093574267038283	0.7095432152642615	691
0.4164393114134125	0.7059956554030804	690
0.41010964100181335	0.7091647138087428	690
0.410030708364941	0.7092044124057347	690
0.41505216767973974	0.706687727025428	690
0.40936524197687124	0.7095392806745626	690
0.4105739311731362	0.7089312923629086	690
0.41158054766282065	0.7084257442168057	690
0.4191005485315445	0.7046717028154059	690
0.39722603992505756	0.7157038098528686	690
0.40991833671508027	0.7092609365801038	690
0.4093930555425513	0.7095252783227644	690
0.40965509282463275	0.7093933864320131	690
0.4110450397560742	0.708694599977382	690
0.389410811949597	0.7197295367212649	691
0.40919462737762335	0.709625186310073	690
0.40935240288841435	0.7095457445210566	690
0.41108036136432535	0.7086768602130741	690
0.41054127579200933	0.7089477048011281	690
0.4104192212474547	0.7090090555597671	690
0.4106820749167816	0.7088769452599669	690
0.41006955734912165	0.709184873035599	690
0.4080235090137627	0.7102154144432155	690
0.41016288504780446	0.7091379376121504	690
0.4096246732953894	0.7094086950551327	690
0.4104049440595448	0.7090162326868459	690
0.41040497720529684	0.7090162160243435	690
0.41046398746608226	0.7089865525716212	690
0.41151294900122654	0.7084596713814001	690
0.40995469915379695	0.7092426448879268	690
0.4107315188887674	0.7088521002123065	690
0.4089315408990702	0.7097576929549594	690
0.41017410844400004	0.7091322936735874	690
0.4101460979329512	0.7091463795601323	690
0.41008003063597115	0.7091796056064862	690
0.4093154852937501	0.7095643313615938	690
0.40812857835304733	0.7101624207993875	690
0.4145942728370604	0.7069164771849636	690
0.4124467092874257	0.707991312822341	690
0.4102558949314788	0.70909116820149	690
0.4137379095329801	0.7073446876234253	690
0.41152454972402897	0.7084538488512387	690
0.40920254176601983	0.7096212009004715	690
0.40990511534760754	0.709267587665609	690
0.41031257338326527	0.7090626708383184	690
0.411497099853159	0.7084676263975548	690
0.4240609489551561	0.702217135252327	689
0.41102999266075607	0.7087021574320447	690
0.41106872885657847	0.7086827023729192	690
0.41393299349916585	0.7072470934603663	690
0.4089364856030584	0.7097552020394845	690
0.41158567642311067	0.7084231702704374	690
0.4103173932982619	0.7090602475385583	690
0.4144874233862119	0.7069698771913081	690
0.41041771600590665	0.7090098122362298	690
0.4237235215398267	0.7023835631502744	689
0.40908625126481385	0.7096797652396276	690
0.4151269145178929	0.7066503998623199	690
0.413961473338401	0.7072328481758228	690
0.4097662256841863	0.7093374644542084	690
0.41099717936221153	0.7087186385815545	690
0.41059627053182207	0.7089200651459122	690
0.40790245938280295	0.7102764778451914	690
0.41166590560332883	0.7083829084705506	690
0.4180560440791256	0.7051907462863304	690
0.4105729651712961	0.7089317778599016	690
0.4111287323660554	0.7086525680214084	690
0.40984574997940726	0.7092974532955867	690
0.41226259247090047	0.7080836137211536	690
0.41378361923968227	0.7073218181278613	690
0.41142033417769786	0.7085061592106126	690
0.410301636457267	0.7090681696378367	690
0.4130374240530537	0.7076953398245269	690
0.4147977373094944	0.7068148143222855	690
0.40819035394685915	0.7101312668398927	690
0.40258792621534795	0.7129677799938967	690
0.4197731445635298	0.7043378752648702	690
0.41298209288721927	0.7077230525665392	690
0.41060490132973676	0.7089157276125503	690
0.4101414689808316	0.7091487074149674	690
0.4102050643707306	0.709116727251455	690
0.4106116555185103	0.7089123332335019	690
0.4175257213216657	0.7054545712705833	690
0.40994534201865884	0.709247351793277	690
0.41103817957827443	0.7086980455049601	690
0.4090344321793098	0.7097058646418818	690
0.4146864571789677	0.7068704128221488	690
0.4107991121304364	0.7088181381755394	690
0.389410811949597	0.7197295367212649	691
