0.5160168284178037	0.6596232846858656	688
0.4148368522908133	0.70679527351925	690
0.4149892566948372	0.7067191466427256	690
0.41051198833329866	0.7089624251840841	690
0.40979111227384357	0.709324942747799	690
0.4271049132195858	0.7007193309593294	689
0.4112666062374771	0.7085833361182272	690
0.410338659809763	0.70904955561162	690
0.41056971960304817	0.7089334090351892	690
0.41016811512709994	0.709135307537335	690
0.41122050570447083	0.7086064835068474	690
0.4109040811192558	0.7087654032488944	690
0.4106378293839919	0.7088991796262033	690
0.40847056493686273	0.7099899883565027	690
0.411429616399637	0.7085014997424119	690
0.41050608750634	0.7089653911156942	690
0.41003035724804915	0.7092045890073573	690
0.41117734675135337	0.708628155279053	690
0.41133478244637006	0.7085491071555869	690
0.4113824922403818	0.7085251556526204	690
0.4100211865916985	0.7092092016129196	690
0.4108888357180751	0.7087730618344908	690
0.41065373234927377	0.7088911878711869	690
0.4071362565858158	0.7106632320215636	690
0.40959880659686104	0.7094217129867332	690
0.40993488474861267	0.7092526121717296	690
0.4099809223070108	0.7092294542282175	690
0.4102142542305235	0.7091121061924346	690
0.41129293747634915	0.7085701157041029	690
0.41292037880297744	0.7077539647684872	690
0.41287344983944396	0.7077774730027222	690
0.4094946652085622	0.7094741290503789	690
0.4123351790023206	0.708047221981969	690
0.41072993085194043	0.7088528981561337	690
0.4107845483298973	0.7088254554416628	690
0.41103940930168376	0.7086974278733256	690
0.41079092931041483	0.708822249437621	690
0.41025672080750825	0.7090907529427716	690
0.4075596984901915	0.7104494403133612	690
0.4160679701286543	0.7061807915259511	690
0.40888746125185604	0.7097798990356957	690
0.411378746175503	0.7085270362117607	690
0.40666100058033033	0.7109033374689717	690
0.4093377166130274	0.709553138479283	690
0.4094400699450841	0.7095016108339839	690
0.40992692614811327	0.7092566156828964	690
0.4088830623704834	0.7097821151440867	690
0.41128068733057793	0.708576266207886	690
0.4070739084834943	0.7106947218414225	690
0.41025195402869863	0.7090931497334766	690
0.40833785314984034	0.7100568927856581	690
0.4118635194641801	0.7082837584609543	690
0.4108128539427991	0.7088112340380935	690
0.4107794747971281	0.70882800456379	690
0.41012700861211016	0.7091559794916844	690
0.4157251408163802	0.706351798925707	690
0.4131295056533201	0.7076492253536795	690
0.41755644780209866	0.7054392800727518	690
0.4108667167872105	0.7087841736582846	690
0.41015689713594694	0.7091409488057798	690
0.41224442933241084	0.7080927205163168	690
0.4084495444273727	0.7100005846546429	690
0.412972031039547	0.7077280922993807	690
0.41076675441254734	0.7088343958150664	690
0.41308007376581674	0.7076739800986858	690
0.4093120084670455	0.7095660818839772	690
0.4061233890251238	0.7111751413887709	690
0.4107565875805891	0.7088395041379704	690
0.41771936896239775	0.7053582125578783	690
0.40748764018308237	0.7104858127705638	690
0.4115013573680647	0.7084654894449661	690
0.41204919488085057	0.7081906236874278	690
0.4142924741291511	0.7070673275099967	690
0.4109738937047354	0.7087303347437149	690
0.410384383624222	0.7090265686509732	690
0.4217581428390351	0.7033545086671014	689
0.4108374751443555	0.7087988642332321	690
0.41022948549036836	0.7091044473887721	690
0.40794090976094166	0.7102570804408211	690
0.4106976478858642	0.7088691198277999	690
0.4083968889050713	0.7100271293395352	690
0.410129897882372	0.7091545264742812	690
0.41230299860370145	0.7080633553767626	690
0.4113187993920401	0.7085571314084205	690
0.40818721175910455	0.7101328514060301	690
0.4108277124234272	0.7088037690174555	690
0.4102353513545444	0.7091014978737347	690
0.41013586833567733	0.7091515239451763	690
0.40945640147042434	0.7094933897612893	690
0.4056714155211359	0.7114038095661652	690
0.4120097649528666	0.7082103996875548	690
0.40947584184746577	0.7094836039823523	690
0.4075745000069414	0.7104419694979331	690
0.410089573049363	0.7091748064184806	690
0.4070720984179241	0.7106956360831648	690
0.42091458444564184	0.7037720711341292	689
0.410454572473635	0.7089912851615024	690
0.40706725421431644	0.7106980828420912	690
0.4106730403164336	0.7088814852346551	690
0.4128863792608146	0.7077709960819171	690
0.4056714155211359	0.7114038095661652	690
