0.42627760899330963	0.701125779227381	689
0.4175063917937453	0.7054641910535422	690
0.41026487503142944	0.7090866529436279	690
0.41105445749832586	0.7086898699664016	690
0.42424225351942607	0.7021277437380566	690
0.4102876202673929	0.7090752167351496	690
0.40817305015554045	0.7101399930140294	690
0.42628582473416793	0.7011217405784571	689
0.41085252695745245	0.7087913023457747	690
0.4133556553623535	0.7075359950667349	690
0.4112955659181888	0.7085687960405375	690
0.44036164013402046	0.6942700861618014	688
0.41000818910616604	0.7092157391184524	690
0.4126871935019922	0.7078707902214658	690
0.41088026753974655	0.7087773661642969	690
0.4129343284859501	0.7077469772226175	690
0.4130060421874739	0.7077110572378732	690
0.41501279078863423	0.7067073926891264	690
0.4105384568398121	0.7089491216286385	690
0.4089446179498576	0.7097511053735319	690
0.4126937827429143	0.707867488493069	690
0.42137607475732647	0.7035435714441243	689
0.4144752568636239	0.7069759581495562	690
0.41111757895274653	0.7086581691811569	690
0.4117243602397023	0.7083535767776976	690
0.3992387755974259	0.7146743053722444	691
0.4125169898992933	0.707956086299037	690
0.40883487248881023	0.709806393586373	690
0.4133716124642097	0.7075280069170928	690
0.4099752802562329	0.70923229222733	690
0.4107983971278505	0.7088184974095751	690
0.41168778023010205	0.7083719318141312	690
0.40997273990853184	0.7092335700510581	690
0.41086362363320783	0.7087857275849484	690
0.40962506846194996	0.7094084961833899	690
0.4109391046886395	0.7087478096516973	690
0.4107729240850026	0.7088312959001384	690
0.41105445749832586	0.7086898699664016	690
0.41053805243730684	0.7089493248849777	690
0.4091991468328067	0.7096229104647934	690
0.41032333972438506	0.7090572578877031	690
0.41149211448254314	0.7084701286954074	690
0.40958497569573094	0.7094286738594304	690
0.4103216573833932	0.7090581037061617	690
0.41393299349916585	0.7072470934603663	690
0.41133299499120174	0.7085500045340002	690
0.4115255623832032	0.708453340591021	690
0.41126837807491806	0.7085824464968735	690
0.4115861612192528	0.7084229269690866	690
0.4156934366960905	0.7063676175074843	690
0.4109904232386107	0.7087220320778118	690
0.41056971960304817	0.7089334090351892	690
0.4110701919853849	0.708681967544785	690
0.40955161796610834	0.7094454628365687	690
0.4121912476412581	0.7081193865705306	690
0.41008636235247287	0.709176421174432	690
0.4089723408202791	0.70973714034572	690
0.39868272964379403	0.7149584239555689	691
0.40739022697932026	0.7105349893940209	691
0.40961381529691193	0.7094141595011016	690
0.4098762228246857	0.7092821226508104	690
0.4096307140359919	0.7094056550008367	690
0.4131839843109819	0.7076219452681982	690
0.4104845769518987	0.7089762031719845	690
0.410034986320008	0.7092022607253589	690
0.408079119240626	0.7101873654225466	690
0.41110010607216013	0.7086669441075518	690
0.408630138470601	0.7099095587190367	690
0.4112185063667258	0.7086074874220332	690
0.4125299898950899	0.7079495707374476	690
0.410896009785683	0.7087694578935703	690
0.412177826115738	0.7081261166311804	690
0.40835435412588533	0.7100485734079786	690
0.4096833142120423	0.709379184614213	690
0.41122360585188916	0.7086049268544846	690
0.4105138597779786	0.708961484545359	690
0.4103357006891705	0.7090510433163841	690
0.40995271611224215	0.7092436424090643	690
0.4072757852840198	0.7105927711235204	690
0.4108887642848123	0.7087730977196532	690
0.40981982446840637	0.7093104967346199	690
0.4099618029085555	0.7092390715387742	690
0.4109978626389914	0.7087182953840189	690
0.40997029320578504	0.7092348007746644	690
0.4086787915135302	0.7098850398149088	690
0.40917570828923217	0.7096347134836863	690
0.40861022035707706	0.7099195970241534	690
0.41056971960304817	0.7089334090351892	690
0.4001804252969859	0.7141936724246767	690
0.41052183401702536	0.7089574765050605	690
0.40887342784677905	0.709786968960248	690
0.40964723183597446	0.7093973424099621	690
0.41347819143879505	0.7074746579443782	690
0.41452578862101513	0.7069507025212133	690
0.4100306651902695	0.7092044341213388	690
0.41051805873252006	0.7089593740462932	690
0.41053805243730684	0.7089493248849777	690
0.4105739311731362	0.7089312923629086	690
0.4077907155553214	0.7103328562623293	690
0.4107738980328631	0.7088308065483543	690
0.39868272964379403	0.7149584239555689	691
