0.4387580215695575	0.6950439094053416	689
0.4206920436250438	0.7038823117840484	689
0.41063735946609065	0.7088994157779063	690
0.41065904072391446	0.7088885202811485	690
0.4105492877945595	0.7089436779366519	690
0.4070898525644059	0.7106866687848761	690
0.4098384678849309	0.7093011169571936	690
0.4101774027852247	0.7091306370566652	690
0.41035117915440883	0.709043261551042	690
0.410425144917508	0.7090060777798224	690
0.4111951606666413	0.7086192100656051	690
0.4114793255699557	0.7084765478914824	690
0.4109435853242392	0.7087455589304776	690
0.40982578709567496	0.7093074968220432	690
0.41634335461610894	0.7060434863769625	690
0.41373653799557625	0.707345373854325	690
0.40811421133249337	0.7101696666023303	690
0.41433924596866517	0.707043944973125	690
0.41786487323378063	0.7052858272165671	690
0.41074372241554274	0.7088459683433872	690
0.41389640536247524	0.7072653952632646	690
0.41217477579088396	0.7081276461973011	690
0.40748666667303307	0.7104863041891292	690
0.416009745137533	0.706209829017012	690
0.4105563367293123	0.7089401351517244	690
0.43049382907099826	0.6990592896506427	689
0.39087869983423984	0.7189699577103141	691
0.41657349291301665	0.7059287816713397	690
0.4141445319575134	0.7071412980791726	690
0.41131038412005744	0.7085613563479116	690
0.41054599786682694	0.7089453314619325	690
0.41083501971404285	0.7088000978333289	690
0.4110340131743397	0.7087001380996798	690
0.40950989318990877	0.7094664640748755	690
0.42150033608086784	0.7034820707514141	689
0.42760172270886243	0.7004754786247444	689
0.41694041330942916	0.7057459795817268	690
0.4303687157054995	0.6991204358847928	689
0.4106738000698489	0.7088811034489231	690
0.4099361894463799	0.7092519558581272	690
0.4109738937047354	0.7087303347437149	690
0.41057807582643785	0.7089292093343461	690
0.4109322678721558	0.7087512439616341	690
0.4166762861300793	0.7058775598846863	690
0.41276661076847765	0.707830997970746	690
0.4321980664573005	0.6982274473206139	689
0.4127531808669387	0.7078377267473913	690
0.41437753636059615	0.7070248036978506	690
0.41355844964455535	0.7074344893565977	690
0.4143457261260076	0.7070407054851222	690
0.411222141339104	0.7086056622177876	690
0.4106976478858642	0.7088691198277999	690
0.41019053889237067	0.7091240314131213	690
0.4120457617281279	0.7081923455342928	690
0.41391722996546154	0.7072549784434182	690
0.41040805634387895	0.7090146681324576	690
0.41913459158780736	0.7046547987257107	690
0.41026729916109655	0.7090854340839174	690
0.39397111510114957	0.717374979414432	691
0.42711969656756904	0.7007120722985927	689
0.41066828264438066	0.708883876034585	690
0.4115592019108766	0.7084364571080444	690
0.41304108642813114	0.7076935055921045	690
0.410892153227361	0.7087713952569222	690
0.41020361722301113	0.7091174549454151	690
0.4077481027807675	0.7103543581587286	690
0.4193296903624426	0.7045579380113145	690
0.4274110997912553	0.7005690232801469	689
0.41299529058433504	0.7077164422723988	690
0.4300535641552016	0.6992745062600126	689
0.41393299349916585	0.7072470934603663	690
0.40818616640304495	0.7101333785676349	690
0.41099484599037545	0.7087198105944188	690
0.41116972824696724	0.7086319809611102	690
0.4107794747971281	0.70882800456379	690
0.4106022633591773	0.7089170533574942	690
0.41435485600984456	0.7070361414257692	690
0.4134308254970414	0.7074983663585688	690
0.4105384568398121	0.7089491216286385	690
0.41137285341183033	0.7085299944537092	690
0.40998581998579264	0.7092269906729106	690
0.4128579043947827	0.7077852605626069	690
0.41148108195044103	0.7084756662966818	690
0.41018540550989274	0.7091266127792759	690
0.41107673479783763	0.7086786815624653	690
0.4113635027378642	0.7085346886610914	690
0.4121147376780871	0.7081577532745538	690
0.4280819457409772	0.7002399287956393	689
0.4188489760876679	0.7047966463332824	690
0.41133774783915067	0.7085476184074753	690
0.41036232460377475	0.7090376583059524	690
0.4098697444922701	0.709285381792575	690
0.4087177068774532	0.7098654294738639	691
0.41124220681078255	0.7085955870465818	690
0.413495697078573	0.7074658961232142	690
0.4030429720943787	0.7127365447027326	690
0.40668969520214193	0.7108888359748022	690
0.4128630737873646	0.7077826709133029	690
0.4143141984175637	0.7070564667447105	690
0.41716450812563893	0.7056343806708888	690
0.39087869983423984	0.7189699577103141	691
