0.42345876738137317	0.7025142019671019	689
0.412982678721259	0.7077227591388411	690
0.4103224742949824	0.7090576929931561	690
0.41024730748314464	0.7090954860851255	690
0.41048151985955134	0.7089777398143968	690
0.40981353212190647	0.709313662562809	690
0.4100253806301322	0.7092070921114241	690
0.41008598809084706	0.7091766094023292	690
0.41028566505734193	0.7090761997920048	690
0.41061683831304513	0.7089097285949733	690
0.41032809149878907	0.709054868883223	690
0.4094230285470498	0.7095101894502766	690
0.410043303270208	0.7091980775915	690
0.41162390124494064	0.7084039871513079	690
0.4104840151779883	0.708976485546212	690
0.3933682740636987	0.7176853518298814	689
0.40758066848499563	0.7104388561092686	690
0.4105904367949395	0.7089229970055242	690
0.40851618051043487	0.7099669949390344	690
0.4097545251760677	0.7093433517265054	690
0.4087692295254073	0.7098394677010973	690
0.41146407734369994	0.708484201653893	690
0.41054599786682694	0.7089453314619325	690
0.4087152162620546	0.7098666845194183	690
0.41028417560740166	0.7090769486719267	690
0.40856611723259173	0.7099418250700925	690
0.4080763660524033	0.7101887540400517	690
0.4091095630434074	0.7096680245645279	690
0.41492397304934053	0.7067517541913387	690
0.4088922726745814	0.7097774751093229	690
0.4104637272834838	0.7089866833555329	690
0.41002509766542633	0.7092072344355406	690
0.4097708175937961	0.7093351539981548	690
0.4085094124913539	0.7099704063966548	690
0.41434013681031673	0.7070434996317397	690
0.4061706287674928	0.7111512497430692	690
0.4110004912665395	0.7087169750751695	690
0.41105445749832586	0.7086898699664016	690
0.4107102764107373	0.7088627741085821	690
0.4094896153387751	0.7094766709293187	690
0.4081428326850664	0.7101552319754282	690
0.41041114029424935	0.7090131178284463	690
0.41062681861298345	0.7089047130007514	690
0.4101528750411414	0.7091429714461455	690
0.41012823147797883	0.7091553645102782	690
0.41030487555428785	0.7090665410959266	690
0.41001601875541	0.7092118009288135	690
0.40895929016444016	0.7097437143718253	690
0.4101583347793022	0.7091402258431538	690
0.4158143976481437	0.7063072685665107	690
0.4110040684455889	0.7087151783351232	690
0.4102871039664159	0.7090754763250063	690
0.4101204772005373	0.7091592641681688	690
0.4106612852715485	0.7088873923462801	690
0.4107755501490886	0.7088299764582123	690
0.4098929070516254	0.7092737292304028	690
0.41145995103805183	0.7084862728585068	690
0.40899505015152837	0.709725701231141	690
0.41067256802290375	0.7088817225683544	690
0.4097568323972353	0.7093421908085664	690
0.4100104621355583	0.7092145958161409	690
0.4133757360192473	0.7075259426884501	690
0.4102219350088964	0.7091082440110332	690
0.41062657140798253	0.7089048372326309	690
0.4114554363561822	0.7084885390229557	690
0.4092680853043466	0.7095881971839583	690
0.41020671553282806	0.7091158969712913	690
0.4105136280586478	0.7089616010136282	690
0.41192657150263895	0.7082521288169772	690
0.412266619596754	0.7080815945968695	690
0.41008698304578783	0.7091761090085379	690
0.4060576864258345	0.7112083733505816	690
0.4099356853994111	0.7092522094131668	690
0.40972204115141037	0.7093596970245537	690
0.4206069886072216	0.703924454841948	689
0.40533716383705237	0.7115730130338666	690
0.411978685661509	0.7082259882212755	690
0.40983618317017656	0.7093022664174972	690
0.4100312230410151	0.7092041535387419	690
0.40976493068485353	0.709338116046203	690
0.44700215179739233	0.6910839757617852	689
0.42483211500242324	0.7018370722211713	689
0.4220225121542398	0.7032237474813865	690
0.4260300957124415	0.7012474722704939	689
0.4099159279034771	0.7092621483374434	690
0.4198620761680637	0.7042937597846186	690
0.4286337066392526	0.6999694850770536	689
0.4187962801762158	0.7048228233836356	690
0.4603918869425499	0.6847477098038267	689
0.41716489236108995	0.7056341893524714	690
0.4578457663214704	0.6859436183865073	688
0.416825243166198	0.7058033478887535	690
0.4115457259133927	0.7084432205360638	690
0.4410539993566605	0.6939365217725615	689
0.4590192121096104	0.6853919343214748	688
0.4411013742394152	0.6939137092474013	689
0.4802623236641849	0.6755559362779957	688
0.43707625220895074	0.6958572994737652	689
0.4416022765035551	0.6936726004799243	689
0.46928558210921717	0.6806028808670814	689
0.3933682740636987	0.7176853518298814	689
