0.035447966253779654	0.9657655745058543	692
0.035447966253779654	0.9657655745058543	692
0.035447966253779654	0.9657655745058543	692
0.035447966253779654	0.9657655745058543	692
0.07183855000031489	0.932976333049139	691
0.035447966253779654	0.9657655745058543	692
0.035447966253779654	0.9657655745058543	692
0.035447966253779654	0.9657655745058543	692
0.035447966253779654	0.9657655745058543	692
0.035447966253779654	0.9657655745058543	692
0.035447966253779654	0.9657655745058543	692
0.035447966253779654	0.9657655745058543	692
0.035447966253779654	0.9657655745058543	692
0.035447966253779654	0.9657655745058543	692
0.035447966253779654	0.9657655745058543	692
0.035447966253779654	0.9657655745058543	692
0.035447966253779654	0.9657655745058543	692
0.1548203777401984	0.8659355335908104	691
0.04452957723255309	0.9573687732706117	692
0.035447966253779654	0.9657655745058543	692
0.035447966253779654	0.9657655745058543	692
0.11743942158415238	0.8949030978183472	692
0.035447966253779654	0.9657655745058543	692
0.035447966253779654	0.9657655745058543	692
0.035447966253779654	0.9657655745058543	692
0.13801157867995648	0.8787256814732554	691
0.035447966253779654	0.9657655745058543	692
0.035447966253779654	0.9657655745058543	692
0.11436020588641789	0.8973759065674369	692
0.041211302187450775	0.960419847440312	692
0.11360062844688908	0.8979879989783006	692
0.11407530368186176	0.8976053922882421	692
0.15696536521367166	0.8643301088060809	691
0.13113346155145525	0.8840689750512787	692
0.109125003746904	0.9016116277441657	692
0.1091882430139849	0.9015602232518359	692
0.11225736339015085	0.8990724924958092	692
0.14825084588237342	0.870889843962231	691
0.12531561923105786	0.8886395806745422	691
0.035447966253779654	0.9657655745058543	692
0.11551231399209792	0.8964490911097946	692
0.05086123600579653	0.9516004261427377	692
0.035447966253779654	0.9657655745058543	692
0.11116977700432285	0.8999524831353558	692
0.14106513441640625	0.8763741611572826	691
0.12055375464697075	0.8924159111983422	691
0.10733170551889225	0.9030717670378661	692
0.1078455846936395	0.9026528731226899	692
0.035447966253779654	0.9657655745058543	692
0.035447966253779654	0.9657655745058543	692
0.10789595846611975	0.9026118313352263	692
0.1075879864350622	0.9028628084154738	692
0.10736176334433216	0.9030472543858747	692
0.10095353878909605	0.9083035430358563	691
0.10716406236100165	0.903208507208519	692
0.1072531816917989	0.9031358107926822	692
0.10877867321837806	0.9018932489902305	692
0.10763901823494143	0.9028212111862332	692
0.03621328972240418	0.9650522821106594	692
0.035447966253779654	0.9657655745058543	692
0.1076510023817339	0.9028114431799759	692
0.10726072395437737	0.9031296589557376	692
0.10696716162455105	0.9033691645671138	692
0.10700746137092627	0.9033362781146864	692
0.03672219012140366	0.9645785626358558	692
0.03621328972240418	0.9650522821106594	692
0.07178397485209498	0.9330238401241248	691
0.035447966253779654	0.9657655745058543	692
0.035447966253779654	0.9657655745058543	692
0.035447966253779654	0.9657655745058543	692
0.034562003498304975	0.9665926224030693	692
0.035447966253779654	0.9657655745058543	692
0.035447966253779654	0.9657655745058543	692
0.035447966253779654	0.9657655745058543	692
0.035447966253779654	0.9657655745058543	692
0.035447966253779654	0.9657655745058543	692
0.035447966253779654	0.9657655745058543	692
0.035447966253779654	0.9657655745058543	692
0.04421482176037492	0.9576573509214934	692
0.10732455675476026	0.9030775971687138	692
0.06891808518753784	0.9355253820264006	692
0.035447966253779654	0.9657655745058543	692
0.035447966253779654	0.9657655745058543	692
0.09572780977544633	0.9126354109830758	691
0.035447966253779654	0.9657655745058543	692
0.035447966253779654	0.9657655745058543	692
0.035447966253779654	0.9657655745058543	692
0.035447966253779654	0.9657655745058543	692
0.035447966253779654	0.9657655745058543	692
0.035447966253779654	0.9657655745058543	692
0.035447966253779654	0.9657655745058543	692
0.035447966253779654	0.9657655745058543	692
0.035447966253779654	0.9657655745058543	692
0.035447966253779654	0.9657655745058543	692
0.035447966253779654	0.9657655745058543	692
0.035447966253779654	0.9657655745058543	692
0.10783205261870192	0.9026638989512826	692
0.10713872634468181	0.9032291764389725	692
0.035447966253779654	0.9657655745058543	692
0.035447966253779654	0.9657655745058543	692
0.034562003498304975	0.9665926224030693	692
