0.035447966253779654	0.9657655745058543	692
0.13139812941006146	0.8838621648786218	690
0.035447966253779654	0.9657655745058543	692
0.03582815369402513	0.9654111026368102	692
0.12747614848918726	0.8869367226437519	691
0.10769641908326276	0.9027744269748628	692
0.1147100194755012	0.8970942958515119	692
0.12886070859972812	0.8858488849704311	691
0.10911902524340485	0.9016164877169447	692
0.11150429715782394	0.8996816319622457	692
0.11770431711748029	0.8946910060962854	692
0.14102276608966238	0.876406702582321	690
0.10797695262994113	0.9025458495561279	692
0.12333492872272812	0.8902064508374503	691
0.11231912229260273	0.8990225736107983	692
0.10816043960536993	0.9023964078307224	692
0.1114078610545078	0.8997596967248337	692
0.10831200787922167	0.9022729997426636	692
0.13046384559779858	0.8845926421213336	691
0.11281058104250132	0.8986255316364639	692
0.11062502251735495	0.9003939040859975	692
0.1085599221424154	0.902071218727977	692
0.12204261891054068	0.8912317439162524	692
0.17134495136718098	0.8537194776251104	690
0.12131049617624799	0.891813644311789	692
0.1081150168196816	0.9024333979969205	692
0.035447966253779654	0.9657655745058543	692
0.035447966253779654	0.9657655745058543	692
0.0499622031151491	0.9524152365038326	692
0.035447966253779654	0.9657655745058543	692
0.06123257034797619	0.9423005172863305	690
0.15077210590976078	0.8689817861108429	691
0.11916087014407757	0.8935265936087122	692
0.10854092630490493	0.9020866765228922	692
0.1078186401588128	0.9026748275842729	692
0.10819396159290783	0.9023691110558022	692
0.10806273886209587	0.9024759744443092	692
0.11942623312492545	0.8933147807412535	692
0.12020722165797147	0.8926919775788824	691
0.11421099246473425	0.8974960817680596	692
0.10809375703106368	0.9024507120041166	692
0.10772606300639902	0.902750267774663	692
0.12062065137396602	0.8923626374134048	691
0.15742547400206772	0.8639865135698693	690
0.12283723786869356	0.8906010294939485	691
0.1265103732025106	0.8876971076237324	691
0.12823274418429842	0.8863419406631303	691
0.03937955295807195	0.9621124421333882	692
0.12455449336422293	0.8892410335833482	691
0.1118376882874931	0.899411857085227	692
0.12826045853508652	0.8863201687475446	691
0.1073496671250271	0.9030571188920522	692
0.11272196538811931	0.8986970969438878	692
0.10999451770294341	0.9009053504781543	692
0.10807929362734083	0.9024624914038967	692
0.12278493216089696	0.8906425187550507	692
0.14557220153306424	0.8729262098554312	691
0.10812127842192391	0.9024282986642947	692
0.12401849541445545	0.8896650758680563	692
0.11891649883930065	0.8937217397699849	691
0.10784220566564799	0.9026556263029797	692
0.10772263802136066	0.9027530590024075	692
0.11511510770831843	0.896768408110897	692
0.1346436870898107	0.8813339477213755	691
0.1112797635989421	0.8998634122171394	692
0.10757274358371535	0.9028752339682469	692
0.10745097442748272	0.9029745091126661	692
0.10759287257672993	0.9028588254396913	692
0.10817565784389493	0.902384015495914	692
0.10762448428912863	0.9028330577594609	692
0.1074016235477773	0.9030147497854525	692
0.107717123089274	0.9027575534908538	692
0.10735212453846542	0.9030551148459585	692
0.10754898481085594	0.9028946021478021	692
0.10744241859026994	0.9029814852793521	692
0.10704376807382182	0.9033066522202003	692
0.10649403678186073	0.903755435418713	692
0.10758859688295357	0.9028623108022814	692
0.10770457920062386	0.9027677765146109	692
0.10691476975487435	0.9034119223302527	692
0.1069114135691404	0.9034146614999534	692
0.106736465031002	0.903557469728792	692
0.07077701654127794	0.9339012553987243	691
0.08217685234042044	0.9240633800633447	691
0.10694371396495557	0.9033883000411155	692
0.035447966253779654	0.9657655745058543	692
0.04544153121323849	0.956533646448402	692
0.10763660616233756	0.9028231772374612	692
0.10842128078019607	0.9021840498191441	692
0.10412506814379682	0.9056944986143218	692
0.10707431265987491	0.9032817296585841	692
0.11203876062864486	0.8992492306965016	692
0.10732824595482454	0.9030745884547741	692
0.1078218132353877	0.9026722420995714	692
0.10340236534999289	0.9062877073702899	692
0.10719363197597379	0.9031843853864399	692
0.10257672095561991	0.9069663643299896	692
0.10060497861731653	0.9085912015919592	692
0.10232698084916224	0.9071718440835621	692
0.07403103535199922	0.9310717913028123	691
0.035447966253779654	0.9657655745058543	692
