0.035447966253779654	0.9657655745058543	692
0.035447966253779654	0.9657655745058543	692
0.035447966253779654	0.9657655745058543	692
0.035447966253779654	0.9657655745058543	692
0.11646687056240708	0.8956826452864309	692
0.10922716032486433	0.9015285919496648	692
0.035447966253779654	0.9657655745058543	692
0.19690993466720044	0.8354847520570116	690
0.11435952468367291	0.8973764551291151	692
0.10836896486289459	0.9022266336406309	692
0.1604919823912011	0.861703497459322	690
0.16730993807784242	0.8566705100160936	690
0.11553952466466731	0.8964272245760196	692
0.10877523408532716	0.9018960464290491	692
0.12288862780162098	0.8905602703963518	691
0.10870041123512432	0.9019569126757796	690
0.07337727320501765	0.9316388794166294	690
0.12663790556806212	0.8875966227106391	691
0.19186504966794346	0.8390211629064905	691
0.1286249182333669	0.886033954987718	692
0.1392766561426607	0.8777499254533832	691
0.14848007218636786	0.8707160221738062	691
0.11174051276741996	0.8994904732856519	692
0.1314644654733461	0.8838103453665704	691
0.17388254062739192	0.8518739868688576	691
0.11733724323417155	0.8949849349919324	692
0.15797328172476097	0.8635777835137394	691
0.11611238694297164	0.895967119170675	692
0.14243653411022347	0.8753221471325242	691
0.11325185396841696	0.8982693327078619	692
0.11594430269934332	0.8961020703104203	692
0.035447966253779654	0.9657655745058543	692
0.044259484035987756	0.9576163925608527	692
0.046991863888241905	0.9551172597333022	692
0.035447966253779654	0.9657655745058543	692
0.03542483945127726	0.9657871454290679	692
0.03541455638516977	0.9657967370008698	692
0.035447966253779654	0.9657655745058543	692
0.03544752635830285	0.9657659847979232	692
0.035447966253779654	0.9657655745058543	692
0.035447966253779654	0.9657655745058543	692
0.035447966253779654	0.9657655745058543	692
0.035447966253779654	0.9657655745058543	692
0.035447966253779654	0.9657655745058543	692
0.035447966253779654	0.9657655745058543	692
0.035447966253779654	0.9657655745058543	692
0.03526272474552124	0.9659383807581894	692
0.03381729396495414	0.9672889066933131	692
0.035447966253779654	0.9657655745058543	692
0.035447966253779654	0.9657655745058543	692
0.03542804801285246	0.9657841526691842	692
0.035447966253779654	0.9657655745058543	692
0.035447966253779654	0.9657655745058543	692
0.03496495275764864	0.9662162929628825	692
0.03544294973252401	0.9657702534536745	692
0.035447966253779654	0.9657655745058543	692
0.035447966253779654	0.9657655745058543	692
0.035447966253779654	0.9657655745058543	692
0.035447966253779654	0.9657655745058543	692
0.035447966253779654	0.9657655745058543	692
0.035447966253779654	0.9657655745058543	692
0.035447966253779654	0.9657655745058543	692
0.03503656049179009	0.9661494464744871	692
0.035447966253779654	0.9657655745058543	692
0.035447966253779654	0.9657655745058543	692
0.03544566082456987	0.9657677247917162	692
0.03522598969234551	0.965972657136618	692
0.035447966253779654	0.9657655745058543	692
0.035447966253779654	0.9657655745058543	692
0.03528699309292336	0.9659157380240011	692
0.035447966253779654	0.9657655745058543	692
0.035447966253779654	0.9657655745058543	692
0.035447966253779654	0.9657655745058543	692
0.035447966253779654	0.9657655745058543	692
0.035447966253779654	0.9657655745058543	692
0.0354287956508921	0.9657834553185081	692
0.035447966253779654	0.9657655745058543	692
0.035447966253779654	0.9657655745058543	692
0.035447966253779654	0.9657655745058543	692
0.035447966253779654	0.9657655745058543	692
0.035447966253779654	0.9657655745058543	692
0.035447966253779654	0.9657655745058543	692
0.035447966253779654	0.9657655745058543	692
0.035447966253779654	0.9657655745058543	692
0.03542621726545514	0.9657858602817541	692
0.035329398962926445	0.9658761752556091	692
0.03541476415790607	0.9657965431981177	692
0.03544012083433661	0.9657728920086854	692
0.035447966253779654	0.9657655745058543	692
0.035447966253779654	0.9657655745058543	692
0.03508677309217314	0.9661025780598506	692
0.03539215938698335	0.9658176285515455	692
0.03465022480540452	0.9665102041495023	692
0.03544689022795814	0.965766578119565	692
0.035395607461202204	0.9658144121858961	692
0.035261773124056574	0.9659392686569997	692
0.035447966253779654	0.9657655745058543	692
0.035406930781531135	0.9658038499367531	692
0.0350285092181037	0.9661569619521249	692
0.035447966253779654	0.9657655745058543	692
0.03381729396495414	0.9672889066933131	692
