0.07586744551607429	0.9294825344588039	691
0.035447966253779654	0.9657655745058543	692
0.15230566808091986	0.8678252895044996	690
0.1664935487598281	0.8572700646850232	691
0.1729599493927034	0.8525440280529161	690
0.13662979180720344	0.8797939374878019	691
0.1629398146993408	0.8598897271898235	690
0.10808796346566445	0.9024554304086043	692
0.16100299749275773	0.8613242189378911	691
0.11254583559890924	0.8988393718283766	692
0.12076897328577561	0.8922445426627797	691
0.25351359120517886	0.7977576047169616	691
0.13442386799803233	0.8815047251824346	691
0.11237531116122627	0.8989771617243861	692
0.1076571846075245	0.9028064042705861	692
0.11239945162475719	0.8989576527922699	692
0.13388535622724015	0.8819233747997991	691
0.15399638813223984	0.8665538387156607	691
0.10767453634328068	0.9027922617967349	692
0.035447966253779654	0.9657655745058543	692
0.22105285631103774	0.8189653665125787	690
0.1536940773633594	0.8667809080596042	689
0.12280876828988119	0.890623611287853	691
0.11517529252765178	0.8967200104778184	692
0.1076858082333396	0.9027830749180682	692
0.10771930468976675	0.9027557755527832	692
0.060848019683991436	0.9426420952342288	691
0.035447966253779654	0.9657655745058543	692
0.035447966253779654	0.9657655745058543	692
0.035447966253779654	0.9657655745058543	692
0.10779755293660474	0.9026920102406351	692
0.035447966253779654	0.9657655745058543	692
0.10760186467465495	0.90285149555408	692
0.1078186401588128	0.9026748275842729	692
0.10922716032486433	0.9015285919496648	692
0.10767712847690793	0.9027901491249823	692
0.10779755293660474	0.9026920102406351	692
0.10772049642555363	0.9027548043273088	692
0.1078186401588128	0.9026748275842729	692
0.10970236092527805	0.901142536243856	692
0.11083731530389225	0.900221829266178	692
0.1078186401588128	0.9026748275842729	692
0.10772606300639902	0.902750267774663	692
0.1099435513288619	0.9009467182387486	692
0.10794053820536005	0.9025755133211374	692
0.10784220566564799	0.9026556263029797	692
0.1078186401588128	0.9026748275842729	692
0.10766222290146858	0.9028022977804078	692
0.1086875478032119	0.9019673775370087	692
0.1102539267339447	0.9006948554027809	692
0.10767712847690793	0.9027901491249823	692
0.10793002373079753	0.9025840789408716	692
0.10711630810833897	0.9032474661209154	692
0.11018800928057863	0.900748334192528	692
0.10819396159290783	0.9023691110558022	692
0.1076571846075245	0.9028064042705861	692
0.10767453634328068	0.9027922617967349	692
0.10772606300639902	0.902750267774663	692
0.06294597958947833	0.9407815817565924	691
0.10852331300825198	0.9021010097534646	692
0.10777042474833627	0.9027141162639185	692
0.10725432872403239	0.9031348752118864	692
0.11219347724214714	0.8991241366382152	692
0.10938658151158696	0.9013990403935273	692
0.10784220566564799	0.9026556263029797	692
0.1096210278283204	0.9012085882665151	692
0.10749285172596189	0.9029403652055716	692
0.108025110712671	0.9025066222161785	692
0.10766222290146858	0.9028022977804078	692
0.10766222290146858	0.9028022977804078	692
0.10863262525015248	0.9020120617272648	692
0.10779971290237038	0.9026902501897734	692
0.10879458850158218	0.9018803035027376	692
0.11515671890653291	0.8967349459011914	692
0.10926036755851401	0.9015016034522206	692
0.10810267658045551	0.902443447827367	692
0.037317874610405866	0.9640246490262961	692
0.11789767204255479	0.8945362576637812	692
0.10810267658045551	0.902443447827367	692
0.1086141718692026	0.9020270761232726	692
0.1078186401588128	0.9026748275842729	692
0.10739274657070806	0.9030219884469408	692
0.10814346758253345	0.9024102286877588	692
0.11304297574369797	0.8984379056269894	692
0.10780768013039542	0.9026837581431952	692
0.10740815845352437	0.9030094210218588	692
0.1088830974694248	0.9018083171094354	692
0.10922716032486433	0.9015285919496648	692
0.1349417657691306	0.8811024760572779	691
0.1073709677695848	0.9030397482915355	692
0.10772606300639902	0.902750267774663	692
0.1091882430139849	0.9015602232518359	692
0.11799388202507498	0.8944592775307973	692
0.10825498945598679	0.9023194206333993	692
0.10851558611269653	0.9021072978385128	692
0.10879458850158218	0.9018803035027376	692
0.10776381548743345	0.9027195021350145	692
0.11099748156760697	0.9000920493438108	692
0.1092231332158855	0.9015318650096819	692
0.1080449258464673	0.9024904827176311	692
0.035447966253779654	0.9657655745058543	692
