0.035447966253779654	0.9657655745058543	692
0.035447966253779654	0.9657655745058543	692
0.035447966253779654	0.9657655745058543	692
0.035447966253779654	0.9657655745058543	692
0.035447966253779654	0.9657655745058543	692
0.035447966253779654	0.9657655745058543	692
0.05862414614552596	0.9446223228905389	691
0.035447966253779654	0.9657655745058543	692
0.13364994612663275	0.8821065121704654	691
0.035447966253779654	0.9657655745058543	692
0.13028043029391398	0.8847361886465323	692
0.18613058152238762	0.8430774954950653	690
0.326680833361857	0.7537607952516839	690
0.14814137950097303	0.8709728765586683	691
0.11464132101473423	0.8971495862809318	692
0.3356479930126583	0.7487002602717366	689
0.19835150400848836	0.8344796970296259	688
0.13617724576440313	0.8801443645592594	691
0.12563094830420066	0.8883906412723747	692
0.1828647741090513	0.8454051738527869	689
0.16192161313744277	0.8606432557010287	690
0.15764986526931737	0.8638190440832112	691
0.2974629050044699	0.7707349444387813	690
0.12622055309731384	0.88792554642145	692
0.10088244540224996	0.9083621999573365	692
0.11903404444847714	0.8936278614229795	692
0.035447966253779654	0.9657655745058543	692
0.06847153314669299	0.9359163711689712	691
0.035447966253779654	0.9657655745058543	692
0.035447966253779654	0.9657655745058543	692
0.035447966253779654	0.9657655745058543	692
0.13668022315235775	0.8797549034738176	691
0.12636500768422598	0.8878116713302122	691
0.2410303141265955	0.8057820897822094	691
0.10810267658045551	0.902443447827367	692
0.2018584313102522	0.8320447516516662	690
0.18783471101157337	0.8418679726478011	690
0.18185056165091948	0.8461306635951558	691
0.15280576699277457	0.8674488180334265	692
0.13372225766001292	0.8820502492947313	692
0.13090365882950653	0.8842486202892006	691
0.1383197385003274	0.8784877975650708	691
0.29811269095834264	0.7703491437725191	690
0.11565104099953413	0.8963376210397114	692
0.10783939540706118	0.9026579160714564	692
0.11430574343375367	0.897419766426476	692
0.10879458850158218	0.9018803035027376	692
0.03746347223354634	0.9638893578075655	692
0.11018800928057863	0.900748334192528	692
0.1079731042993506	0.9025489843748241	692
0.07217149202413171	0.932686615377284	691
0.10767453634328068	0.9027922617967349	692
0.1075558316674846	0.9028890204970043	692
0.10836842151165017	0.9022270759357689	692
0.10806396651524458	0.9024749745674924	692
0.10767712847690793	0.9027901491249823	692
0.10767712847690793	0.9027901491249823	692
0.14820497245533523	0.8709246380126608	691
0.1072184183250945	0.9031641665722239	692
0.035447966253779654	0.9657655745058543	692
0.058219539921858354	0.9449834956495347	691
0.035447966253779654	0.9657655745058543	692
0.1086943659495996	0.9019618307011936	692
0.10810267658045551	0.902443447827367	692
0.035447966253779654	0.9657655745058543	692
0.035447966253779654	0.9657655745058543	692
0.035447966253779654	0.9657655745058543	692
0.035447966253779654	0.9657655745058543	692
0.035447966253779654	0.9657655745058543	692
0.035315679811968544	0.965888974251426	692
0.035447966253779654	0.9657655745058543	692
0.035447966253779654	0.9657655745058543	692
0.03543749919592068	0.9657753372623262	692
0.035447966253779654	0.9657655745058543	692
0.03534172088227913	0.9658646800670196	692
0.035447966253779654	0.9657655745058543	692
0.035408942175736334	0.9658019737579912	692
0.035447966253779654	0.9657655745058543	692
0.035447966253779654	0.9657655745058543	692
0.035447966253779654	0.9657655745058543	692
0.035447966253779654	0.9657655745058543	692
0.035447966253779654	0.9657655745058543	692
0.035447966253779654	0.9657655745058543	692
0.035447966253779654	0.9657655745058543	692
0.035447966253779654	0.9657655745058543	692
0.035447966253779654	0.9657655745058543	692
0.035447966253779654	0.9657655745058543	692
0.12753139635124963	0.8868932636696877	691
0.11057031330628718	0.9004382595307203	692
0.11483289341637089	0.8969954204845274	692
0.1122361586566863	0.8990896332733505	692
0.11941256134322498	0.8933256911107579	692
0.1091882430139849	0.9015602232518359	692
0.1340372613769962	0.8818052404960288	692
0.12641149980490396	0.8877750273085825	691
0.12561825297419357	0.8884006610213759	691
0.12268505452216487	0.8907217531506358	692
0.10928301369235179	0.9014831991985589	692
0.10774427893413065	0.9027354228019105	692
0.10767712847690793	0.9027901491249823	692
0.035315679811968544	0.965888974251426	692
