0.38076740498685463	0.7242349409381664	689
0.38076740498685463	0.7242349409381664	689
0.37938230090399455	0.7249621800603344	689
0.38076740498685463	0.7242349409381664	689
0.3791011000385966	0.7251100009796332	689
0.37878110893290984	0.7252782863945223	689
0.3786519093899855	0.7253462554173458	689
0.37964171165926724	0.7248258671429412	689
0.38076740498685463	0.7242349409381664	689
0.38076740498685463	0.7242349409381664	689
0.3783515311573492	0.7255043270132534	689
0.38076740498685463	0.7242349409381664	689
0.38076740498685463	0.7242349409381664	689
0.38076740498685463	0.7242349409381664	689
0.38076172283070764	0.7242379213336637	689
0.38076740498685463	0.7242349409381664	689
0.38076740498685463	0.7242349409381664	689
0.3759313610464353	0.7267804400064486	689
0.3778301630620145	0.7257788563560365	689
0.37901408131590075	0.7251557569635307	689
0.37852436337495965	0.7254133670526934	689
0.3795341313319593	0.7248823913000878	689
0.38076740498685463	0.7242349409381664	689
0.38076740498685463	0.7242349409381664	689
0.38076740498685463	0.7242349409381664	689
0.38076740498685463	0.7242349409381664	689
0.38076740498685463	0.7242349409381664	689
0.38076740498685463	0.7242349409381664	689
0.3803121353276992	0.7244738160347989	689
0.3802287981924295	0.7245175591971538	689
0.38076740498685463	0.7242349409381664	689
0.38065092460246003	0.7242960419469799	689
0.38076740498685463	0.7242349409381664	689
0.38076740498685463	0.7242349409381664	689
0.38020011957325184	0.7245326136540207	689
0.3803233108550901	0.7244679504691656	689
0.3841090726818289	0.7224864136338728	689
0.38076740498685463	0.7242349409381664	689
0.38076740498685463	0.7242349409381664	689
0.38076740498685463	0.7242349409381664	689
0.4002634198526938	0.7141513416848374	688
0.4570098440037456	0.6863371610805873	688
0.38076740498685463	0.7242349409381664	689
0.45241376154784413	0.6885090368011216	688
0.5111851460161148	0.6617322851778059	688
0.38076740498685463	0.7242349409381664	689
0.5145378782385122	0.6602674085398597	686
0.4775060939587516	0.676816159397795	688
0.4849136679454796	0.6734398245411775	689
0.46560275368290954	0.6823131284975431	689
0.4150800860231242	0.7066737846692153	688
0.46489208125697506	0.6826441434115292	689
0.48784639515522493	0.6721123922847367	688
0.4992185149967385	0.6670141743828287	687
0.47473802600358345	0.67808653629819	689
0.4981490437553981	0.6674903302633415	688
0.5036104419859647	0.6650658788184541	688
0.5593744386316524	0.6412827959893314	685
0.5274982669237266	0.6546652272240735	685
0.40899989256973734	0.7097232620622828	688
0.5045736424234278	0.664640115846568	687
0.38040004926973675	0.7244276762587939	689
0.415291125549911	0.7065684098114091	687
0.4702127009995651	0.6801736914122168	689
0.4655465436704176	0.6823392981402896	689
0.46552485698406826	0.6823493953271589	689
0.4889967702260964	0.671593129008705	689
0.46610856174044035	0.6820777301872409	689
0.5079838417253921	0.6631370790126163	688
0.4702175999939165	0.6801714249673911	689
0.4846808644262779	0.6735454224274844	688
0.4893104475075452	0.6714516786433365	689
0.4864919821917914	0.6727247855891746	689
0.4695034402660306	0.6805019795115047	689
0.48699280041639126	0.6724982123114366	688
0.46893549502583415	0.6807650869532654	689
0.4681734704936718	0.6811184237403166	689
0.46901068779429117	0.6807302413173676	689
0.38076740498685463	0.7242349409381664	689
0.4744764803587535	0.6782068166707487	689
0.48957086929676474	0.6713342886949084	688
0.4731906036874225	0.6787987905278394	689
0.4721987804274255	0.6792560986293363	689
0.501540272293909	0.6659828034264416	688
0.4707025175159602	0.6799471600069168	689
0.48472246259609714	0.6735265513875635	688
0.47074054528942827	0.6799295791517118	689
0.4659248920716175	0.6821631895388711	689
0.4866303821533155	0.6726621573222162	688
0.4661621387864033	0.6820528054473819	689
0.4676154823518376	0.6813773853063414	689
0.4684192574208173	0.6810044167879103	689
0.4655637716146162	0.6823312771291398	689
0.47026837189659015	0.6801479370123688	689
0.47243512901038337	0.679147067533016	689
0.46943353530702686	0.6805343528457432	689
0.4639846732757117	0.6830672603712911	689
0.4782345862249577	0.676482616033055	688
0.4860167438211672	0.6729399276004011	688
0.47248140764357766	0.6791257226128967	689
0.3759313610464353	0.7267804400064486	689
