0.3908077333555142	0.7190066434181833	688
0.38076740498685463	0.7242349409381664	689
0.37220747524416953	0.7287527710210592	690
0.38076740498685463	0.7242349409381664	689
0.49871829943101537	0.6672367985228762	688
0.46560275368290954	0.6823131284975431	689
0.4701612057926573	0.6801975157961242	689
0.47470289883448724	0.6781026882027135	688
0.48122037217977515	0.6751189888972378	688
0.4686635849113066	0.6808911246072671	689
0.38946618968468527	0.7197008516104535	689
0.46725310045288787	0.6815456717667431	689
0.47183106512455425	0.6794258007561313	689
0.4659828872933997	0.682136202726261	689
0.4686635849113066	0.6808911246072671	689
0.46552187258136873	0.6823507848699665	689
0.46874381307651264	0.680853931840805	689
0.4640163712717319	0.6830524710125614	689
0.4599430521139213	0.6849582239197977	689
0.46808604573851637	0.6811589844496839	689
0.46574865562715956	0.6822452104328375	689
0.46632439717919455	0.6819773318398884	689
0.4655885671589975	0.68231973311478	689
0.4792176311890135	0.6760330453850713	689
0.4655912892355263	0.6823184658265911	689
0.4649579355165333	0.6826134565067955	689
0.47775630428735943	0.6767015624286205	689
0.46470572320600906	0.6827309978765962	689
0.4696167342391366	0.6804495190494201	689
0.4651731562983767	0.6825131867187676	689
0.46670698955003204	0.6817994371914652	689
0.4938456659751  	0.6694131949348697	688
0.472673726320534	0.6790370345633134	689
0.4655909210801807	0.6823186372244805	689
0.4656019624786382	0.682313496843844	689
0.49996370024360526	0.6666828002821619	688
0.4758579221976998	0.677571997249505	689
0.4673000034634661	0.6815238858035609	689
0.4681835365604837	0.6811137538993944	689
0.4767908403299302	0.6771439615488066	689
0.49020512377998987	0.6710485583779522	688
0.5019688416453665	0.6657927729742562	687
0.4716380176746721	0.6795149268976449	689
0.4677696520454544	0.6813058156682965	689
0.473897054551007	0.6784734367385176	689
0.4637587151865214	0.6831727043705926	689
0.47613686452759446	0.6774439579625485	688
0.4710881359426707	0.6797689244901712	689
0.46288862498816097	0.6835790387037105	689
0.46348501441063444	0.6833004712403657	689
0.47283199866434356	0.678964064405759	689
0.48314753143624484	0.6742417586951878	689
0.38076740498685463	0.7242349409381664	689
0.46693955951807903	0.6816913440718181	689
0.46847828884344783	0.6809770410617276	689
0.4654363866524163	0.682390589662073	689
0.46567950049494305	0.6822774007975901	689
0.4650442441319326	0.6825732424159787	689
0.46600883069554133	0.6821241312206521	689
0.46329586525296534	0.6833887963095736	689
0.4662823035857054	0.681996909841004	689
0.4895351108264904	0.6713504050570082	688
0.512389691322411	0.6612052473893913	688
0.38076740498685463	0.7242349409381664	689
0.40967982193674046	0.7093809419972495	688
0.46568127595206016	0.6822765743189505	689
0.4190819034158832	0.7046809613968666	689
0.47452374881193343	0.6781850755579414	688
0.4689344044069646	0.6807655923912532	689
0.4778739030763511	0.6766477152877483	688
0.4655166032417904	0.6823532382969623	689
0.47246817134551056	0.6791318274039302	689
0.4659586705637431	0.6821474711940168	689
0.4645365742857813	0.6828098509507524	689
0.48191236538316645	0.6748037356051333	688
0.46356684656912556	0.6832622659799837	689
0.49527426144974745	0.6687736328922342	688
0.38920250027201864	0.7198374605604229	689
0.4767279040453091	0.6771728205721762	688
0.46197961986208275	0.6840040629939397	690
0.46808566772831506	0.6811591598379807	689
0.48078386273777524	0.6753180022850406	688
0.46657284127185444	0.6818618017859727	689
0.46458427304106736	0.6827876131180877	689
0.4424423339703856	0.6932686156315562	687
0.46737499936383947	0.6814890538775272	689
0.46804959713579836	0.6811758962033879	689
0.43349260779751597	0.6975969004377678	688
0.4653138402205587	0.6824476590281029	689
0.4655598838503449	0.6823330871835699	689
0.466855903359094	0.6817302215643705	689
0.4696397145132721	0.6804388790834961	689
0.46361156861959163	0.6832413882483535	689
0.4671299629684179	0.6816028744834015	689
0.4642062108950456	0.6829639107928085	689
0.46560275368290954	0.6823131284975431	689
0.46893982156314423	0.6807630818639454	689
0.41660849594476745	0.705911338850949	688
0.38076740498685463	0.7242349409381664	689
0.4760776457800645	0.6774711363314013	688
0.37220747524416953	0.7287527710210592	690
