0.38076740498685463	0.7242349409381664	689
0.38076740498685463	0.7242349409381664	689
0.38076740498685463	0.7242349409381664	689
0.38076740498685463	0.7242349409381664	689
0.611627201375099	0.6204908921534481	681
0.38076740498685463	0.7242349409381664	689
0.4995735609189293	0.6668562490440324	684
0.49582729933876074	0.6685263736275276	688
0.5438439246019201	0.6477338700269523	688
0.4730627966772963	0.6788576849918707	689
0.6103116823991612	0.6209977924957523	687
0.604862621139499	0.6231062938520999	687
0.47903551798928284	0.6761162851311905	689
0.48309115954123355	0.674267386442605	689
0.5557501599842827	0.6427767296582523	687
0.6547379207982086	0.6043253057968372	684
0.5720603027731224	0.6361079140768295	685
0.4200784389761094	0.7041864537574487	688
0.47411774715457383	0.6783718613592822	689
0.5538327130823766	0.6435699233132215	688
0.47927224952732655	0.6760080845966867	689
0.4996513010257238	0.6668216800238996	688
0.6116183720636053	0.6204942915359948	688
0.5116825998210821	0.6615145270034575	688
0.5785634255538634	0.6334873745406425	686
0.48216692078588147	0.6746878411439484	688
0.4482746437018736	0.6904767713421691	687
0.38076740498685463	0.7242349409381664	689
0.38076740498685463	0.7242349409381664	689
0.6226934344007439	0.616259349301735	688
0.5456496839205397	0.646977132271978	688
0.5581396961413272	0.6417909783548044	686
0.5129453720529172	0.6609623972365235	687
0.45521983394430016	0.6871813980775333	690
0.5434618502231622	0.6478942125167618	686
0.512072148024084	0.6613441040540032	688
0.4873482986748569	0.6723374752846683	685
0.46478690965537267	0.6826931572151165	689
0.4871863208060561	0.6724107033596162	688
0.4754587412453964	0.6777553123281007	689
0.5369767913491045	0.650627911643503	687
0.6920333767558311	0.5910048901738095	685
0.529547504522083	0.6537881282166889	687
0.7322013495978842	0.5773000928743887	686
0.6377077060664881	0.6106095711070689	683
0.4838817481769732	0.6739081474844963	689
0.5731544846686711	0.635665479611568	686
0.5016196915158392	0.6659475802361986	688
0.6330503926489572	0.6123509749003572	687
0.6853404064007236	0.5933519401790394	685
0.5259438721613984	0.655332098541453	688
0.6287304666732557	0.6139751299934472	685
0.38076740498685463	0.7242349409381664	689
0.46568127595206016	0.6822765743189505	689
0.46442497972259483	0.6828618835697746	689
0.4660376717431253	0.6821107119375694	689
0.4652246637977229	0.6824891941199619	689
0.38076740498685463	0.7242349409381664	689
0.4374173880690081	0.6956921547633259	685
0.3982218891604962	0.7151940673739617	689
0.46506153937865163	0.6825651845478864	689
0.4655142312284089	0.6823543427222742	689
0.4646416892182554	0.6827608468073475	689
0.38076740498685463	0.7242349409381664	689
0.4651453946792151	0.6825261189992301	689
0.4613005852049811	0.6843219048322813	690
0.46522229795674	0.6824902961103616	689
0.4654659906888448	0.682376804616222	689
0.4658765785069608	0.6821856728337456	689
0.4653023107361934	0.6824530287525328	689
0.4645451086176815	0.6828058720184148	689
0.4650201032173471	0.6825844900038496	689
0.46411140262027095	0.6830081359999886	689
0.46508847957826	0.6825526334681573	689
0.4655166032417904	0.6823532382969623	689
0.38076740498685463	0.7242349409381664	689
0.4650243524119318	0.6825825102181118	689
0.4469846781798383	0.6910923212109611	685
0.467505823433053	0.6814283010207214	689
0.46501204650705247	0.6825882438197317	689
0.4653974956842169	0.6824086999910454	689
0.418130816705657	0.7051535642692102	687
0.38076740498685463	0.7242349409381664	689
0.45955249248677255	0.6851415109409383	685
0.38076740498685463	0.7242349409381664	689
0.43148367709130686	0.698575901355678	686
0.46458439237881205	0.682787557482964	689
0.38076740498685463	0.7242349409381664	689
0.38076740498685463	0.7242349409381664	689
0.40986435134267335	0.7092880950196788	688
0.3820126638264779	0.72358237096846	689
0.3829178660773832	0.7231087431363358	689
0.39246755450111087	0.7181495875918467	688
0.38076740498685463	0.7242349409381664	689
0.38076740498685463	0.7242349409381664	689
0.4643374678172423	0.6829026928407501	689
0.4542895879738679	0.687620958211776	687
0.38299340507472046	0.7230692469903514	689
0.46507828470562573	0.6825573830690742	689
0.46450379404993863	0.6828251343990036	689
0.38076740498685463	0.7242349409381664	689
