0.38076740498685463	0.7242349409381664	689
0.38076740498685463	0.7242349409381664	689
0.3803187639796779	0.7244703369219161	689
0.38076740498685463	0.7242349409381664	689
0.38279998318319575	0.7231703877360536	689
0.38076740498685463	0.7242349409381664	689
0.38076740498685463	0.7242349409381664	689
0.4821005279663075	0.6747180647537917	689
0.5005877442012979	0.6664055493351104	688
0.4505412444138012	0.6893978394968866	687
0.4963319135131347	0.6683009237249834	688
0.4655637716146162	0.6823312771291398	689
0.46947910282024113	0.6805132499542107	689
0.38076740498685463	0.7242349409381664	689
0.5319966422588392	0.65274294500121	685
0.5664201691513256	0.6383983171908417	684
0.4717578743919796	0.679459588699755	689
0.6825732242051155	0.5943277746336549	687
0.6867452895737712	0.5928577398029627	683
0.5083498795675158	0.6629761526461797	687
0.4644339433601942	0.6828577038479902	689
0.5336650277484961	0.6520328637003966	686
0.4724156769183155	0.6791560397488735	689
0.47058650944395136	0.6800007980340534	689
0.5143823213678721	0.6603352309981708	688
0.6626351422270254	0.6014548679998095	684
0.4842774051806043	0.6737285068880515	688
0.6970891439184433	0.5892442383380521	680
0.41574621001761675	0.7063412869652369	688
0.6259724461371693	0.6150165720063122	685
0.47108847683271976	0.6797687669697599	689
0.46612093502290936	0.6820719738132476	689
0.48168502302192245	0.6749072741252945	688
0.46859271538520736	0.6809239822068047	689
0.4772902216437868	0.6769150606624174	688
0.6151076402469488	0.6191537796496961	683
0.4785823591734562	0.6763235025737836	689
0.47559314605048303	0.6776935788002013	689
0.5314011264076861	0.6529967771055317	686
0.627369574022859	0.6144885685234972	688
0.46469045849370066	0.6827381131631103	689
0.6963684252433131	0.5894945845013404	685
0.48033582358458865	0.6755223943567954	689
0.4655438394864409	0.6823405571752956	689
0.4597007804506565	0.6850719088409803	689
0.46820578339915925	0.6811034333925732	689
0.38076740498685463	0.7242349409381664	689
0.38058195603868344	0.7243322249910532	689
0.38076740498685463	0.7242349409381664	689
0.3803121353276992	0.7244738160347989	689
0.603635085997493	0.6235832632571643	687
0.48224865108778264	0.674650639260914	688
0.5178869091981892	0.6588106096311492	687
0.5128949192964258	0.6609844393324102	687
0.5465764666083108	0.6465894325891499	685
0.4849726843215823	0.6734130604273407	688
0.6094997320937197	0.6213110695577121	687
0.38076740498685463	0.7242349409381664	689
0.6123823145881537	0.6202003029631512	680
0.518649332844242	0.6584798599470781	687
0.46724378635263153	0.6815499982357152	689
0.5732768450499813	0.6356160412239659	685
0.4681460679721184	0.6811311366186155	689
0.4766362067512369	0.6772148721722805	688
0.4663064405611815	0.6819856834409609	689
0.4762399826834089	0.677396637220371	688
0.4681354076651028	0.6811360823933691	689
0.48166246424044096	0.6749175498028424	688
0.508041287209777	0.6631118182780193	688
0.4473526168800043	0.6909166351981709	688
0.4776205529641783	0.6767637320650093	688
0.664097435146949	0.6009263513537562	685
0.6142238843040047	0.6194927542105871	686
0.46571595451663755	0.6822604317831684	689
0.4811966443726902	0.6751298038644393	688
0.5922165843766704	0.6280552594491946	687
0.38076740498685463	0.7242349409381664	689
0.4680637727390374	0.6811693187784695	689
0.5195218398146453	0.6581017618818709	687
0.5045316288435792	0.6646586757159936	688
0.49037097735498625	0.6709738818013855	687
0.5159721420129421	0.659642728442343	688
0.5342960162769094	0.651764711236479	683
0.38090101820214145	0.7241648654166002	689
0.5288281837723661	0.6540957385626627	686
0.5290389296426525	0.6540055852166611	686
0.46574865562715956	0.6822452104328375	689
0.47030206861335827	0.6801323492274617	689
0.49762880578960916	0.667722199342153	689
0.5447885021404199	0.6473378061879832	687
0.665226252375918	0.6005189976876812	685
0.44402710260057604	0.6925077778658593	688
0.5076795747348585	0.6632709076634276	687
0.45625616388519824	0.6866923723996909	687
0.44005306830761853	0.6944188530324245	687
0.43759007900358826	0.6956085845369165	685
0.514447923792855	0.6603066267842032	686
0.38076740498685463	0.7242349409381664	689
0.46355555132151455	0.6832675391768027	689
0.4693070615940503	0.6805929312795248	689
0.3803121353276992	0.7244738160347989	689
