0.3803296046976621	0.7244646471369663	689
0.38076740498685463	0.7242349409381664	689
0.3783275008923127	0.7255169757206557	689
0.38076740498685463	0.7242349409381664	689
0.38076740498685463	0.7242349409381664	689
0.37859640135644157	0.7253754608789568	690
0.37859640135644157	0.7253754608789568	690
0.371341315565967	0.7292130621670138	690
0.36841715582249246	0.7307713117634411	690
0.3800563787109221	0.7246080779207559	689
0.38076740498685463	0.7242349409381664	689
0.37830719190451007	0.7255276660192314	689
0.38076740498685463	0.7242349409381664	689
0.38068834524430545	0.724276411432339	689
0.3804007659781817	0.7244273001336525	689
0.3800537029885697	0.7246094828298739	689
0.38059462414569967	0.7243255786388358	689
0.3687183452289246	0.7306105039694966	689
0.37280590271633873	0.7284350963390553	690
0.3803852077565001	0.7244354651012749	689
0.38076740498685463	0.7242349409381664	689
0.37664444525920204	0.7264039770354171	689
0.3795929710452132	0.7248514750277218	689
0.3746205276158194	0.7274734953466963	689
0.3802473576904306	0.7245078169707936	689
0.38065980857102283	0.7242913814048052	689
0.3807075582131567	0.7242663329040876	689
0.37316262963517094	0.7282458598991186	690
0.3712896368727265	0.7292405434351087	690
0.3685563585407576	0.7306969813550565	690
0.3705187850155298	0.7296507066765003	690
0.38076740498685463	0.7242349409381664	689
0.37052786795997844	0.7296458710383564	690
0.3805053041154902	0.7243724432052904	689
0.3797458414794864	0.7247711643237938	689
0.37986370329139196	0.7247092575989191	689
0.379064535836268	0.7251292263806912	689
0.38071875252018506	0.7242604608467362	689
0.38008618071631634	0.7245924305110878	689
0.38076740498685463	0.7242349409381664	689
0.38076740498685463	0.7242349409381664	689
0.38076740498685463	0.7242349409381664	689
0.37004918087699923	0.7299008049914512	690
0.3795487105396828	0.7248747306710159	689
0.38076740498685463	0.7242349409381664	689
0.38076740498685463	0.7242349409381664	689
0.38076740498685463	0.7242349409381664	689
0.38076740498685463	0.7242349409381664	689
0.38076740498685463	0.7242349409381664	689
0.38076740498685463	0.7242349409381664	689
0.3798315816506471	0.7247261283900553	689
0.38076740498685463	0.7242349409381664	689
0.3800820860877642	0.7245945803374528	689
0.38030710790023226	0.724476454751604	689
0.38076740498685463	0.7242349409381664	689
0.37949797502661153	0.7249013902907028	689
0.3799963538221349	0.7246395957716335	689
0.3631154310105132	0.7336135863847377	690
0.38044286517040254	0.724405207365507	689
0.38076740498685463	0.7242349409381664	689
0.3796486744044113	0.7248222091263168	689
0.38076740498685463	0.7242349409381664	689
0.37976057022322285	0.7247634274968563	689
0.3794366653296549	0.724933608866357	689
0.38076740498685463	0.7242349409381664	689
0.38076740498685463	0.7242349409381664	689
0.38049825190522235	0.7243761436277826	689
0.37965178716651776	0.7248205737867859	689
0.3793354482472863	0.7249868052551642	689
0.3792472694445313	0.7250331555144084	689
0.37906571282369317	0.7251286075066425	689
0.37696522460860865	0.7262347531574315	690
0.38076740498685463	0.7242349409381664	689
0.38065302216469926	0.7242949415575242	689
0.3798689283338324	0.7247065133986911	689
0.38076740498685463	0.7242349409381664	689
0.38032267900988226	0.7244682820956828	689
0.3795772420129441	0.7248597393074546	689
0.37289008422584485	0.7283904308798961	689
0.3801343658243618	0.7245671325651647	689
0.38076740498685463	0.7242349409381664	689
0.38076740498685463	0.7242349409381664	689
0.38076740498685463	0.7242349409381664	689
0.3781918581174812	0.7255883816974029	689
0.3803107954661025	0.7244745192783344	689
0.38076740498685463	0.7242349409381664	689
0.3782704817859411	0.7255469903877038	689
0.38076740498685463	0.7242349409381664	689
0.38076740498685463	0.7242349409381664	689
0.3806259326047757	0.7243091531051696	689
0.38076740498685463	0.7242349409381664	689
0.37918792987767186	0.7250643500691714	689
0.3789693575091046	0.725179275779083	689
0.38076740498685463	0.7242349409381664	689
0.377693944434398	0.7258506172868042	689
0.38076740498685463	0.7242349409381664	689
0.38452124211352795	0.7222713307550698	689
0.38076740498685463	0.7242349409381664	689
0.38076740498685463	0.7242349409381664	689
0.38076740498685463	0.7242349409381664	689
0.3631154310105132	0.7336135863847377	690
