0.06574456197395394	0.9383111447904713	691
0.035447966253779654	0.9657655745058543	692
0.035447966253779654	0.9657655745058543	692
0.035447966253779654	0.9657655745058543	692
0.035447966253779654	0.9657655745058543	692
0.035447966253779654	0.9657655745058543	692
0.035447966253779654	0.9657655745058543	692
0.13573546003345358	0.88048672881143	690
0.035447966253779654	0.9657655745058543	692
0.14450848591929902	0.8737375146648859	690
0.12319778740197082	0.8903151441502256	692
0.11414958478196195	0.897545548334696	692
0.035447966253779654	0.9657655745058543	692
0.1731751746547658	0.8523876242900156	691
0.1105481908656026	0.9004561965208937	692
0.14495716986044535	0.873395115838164	690
0.13595754725360684	0.8803145878274149	691
0.13375704458456214	0.8820231854580677	691
0.1076571846075245	0.9028064042705861	692
0.11560695077139062	0.8963730454606313	692
0.1077259788359617	0.9027503363700434	692
0.12865072442925538	0.8860136961376492	691
0.17920322738880798	0.848030243450376	689
0.14035233023625696	0.8769219595428205	691
0.10767712847690793	0.9027901491249823	692
0.15169040023235678	0.8682889080244546	691
0.12912113678088763	0.8856445667565744	691
0.12896755441840693	0.8857650479735485	691
0.13646407625256687	0.8799222262242109	691
0.10761177889887792	0.9028434141375246	692
0.12381786186470854	0.889823906465357	692
0.1086141718692026	0.9020270761232726	692
0.13075915607503977	0.8843616207991489	692
0.11349729515211286	0.8980713328660505	692
0.132900921320496	0.8826897226232386	692
0.2846942412408409	0.7783953316659498	684
0.035447966253779654	0.9657655745058543	692
0.035447966253779654	0.9657655745058543	692
0.11499334232372378	0.896866341745082	692
0.1097980423119123	0.9010648441195815	692
0.035447966253779654	0.9657655745058543	692
0.13553467847887044	0.8806424136157349	691
0.11847823590949569	0.894071934432274	692
0.10922716032486433	0.9015285919496648	692
0.10964539143430004	0.9011888011425208	692
0.11198940026871905	0.8992891476828322	692
0.1078186401588128	0.9026748275842729	692
0.11591778444326613	0.8961233649474475	692
0.10766222290146858	0.9028022977804078	692
0.11023576362059008	0.9007095904917526	692
0.11064529262249333	0.9003774712255487	692
0.06432925546747786	0.9395588769762576	691
0.10687818150932968	0.903441784927415	692
0.1090373112499506	0.901682918920862	692
0.10808367526788622	0.9024589228410425	692
0.10811008758507597	0.9024374123146174	692
0.1086141718692026	0.9020270761232726	692
0.10946153314311717	0.9013381447908235	692
0.11031503378270839	0.9006452849630627	692
0.07807606684569915	0.9275783321355617	690
0.11161900072651833	0.8995887973725101	692
0.11441782050935956	0.8973295128598505	692
0.1086243632690637	0.9020187839379996	692
0.10783205261870192	0.9026638989512826	692
0.10772606300639902	0.902750267774663	692
0.10784227916731039	0.9026555664147715	692
0.10812273109421455	0.9024271156431843	692
0.11268292459343147	0.8987286296007416	692
0.10771930468976675	0.9027557755527832	692
0.1084050541331704	0.9021972574656394	692
0.10806878575033645	0.902471049505147	692
0.11139300900340207	0.8997717206235719	692
0.10922716032486433	0.9015285919496648	692
0.1074350264863029	0.9029875126605167	692
0.10738753016998687	0.9030262421742254	692
0.10843144702897133	0.9021757752185668	692
0.1101130245664218	0.9008091769669769	692
0.10902019740438593	0.9016968332411412	692
0.10716118174659325	0.9032108571784083	692
0.10753244757631963	0.9029080838113237	692
0.10778707689904925	0.9027005467505813	692
0.10768678114364391	0.9027822819800544	690
0.10726351318510685	0.903127383944444	692
0.10832576351490632	0.9022618014658743	692
0.10766597039769855	0.902799243386486	692
0.03545539586784582	0.9657586449311709	692
0.10798252774473027	0.9025413081517395	692
0.107644159164116	0.902817020905568	692
0.10883735415976406	0.9018455197676516	692
0.10747400502733123	0.9029557312050147	692
0.1072283608259769	0.9031560564922794	692
0.10827646559231674	0.9023019355243201	692
0.1091878332407801	0.9015605563200604	692
0.10979163580651645	0.9010700457057168	692
0.10778705732086144	0.9027005627042257	692
0.10743916775783548	0.9029841359364588	692
0.10432898083247129	0.9055272634846318	690
0.10813886290934108	0.9024139784923434	692
0.10816286266358487	0.9023944346920234	692
0.10998149351228131	0.9009159214319239	692
0.035447966253779654	0.9657655745058543	692
