0.035447966253779654	0.9657655745058543	692
0.0803016351461277	0.92566739461126	691
0.035447966253779654	0.9657655745058543	692
0.035447966253779654	0.9657655745058543	692
0.035447966253779654	0.9657655745058543	692
0.10972340158640734	0.9011254503333426	692
0.12901818684389563	0.885725324580857	691
0.14835601891995318	0.8708100828700456	691
0.17456715192550978	0.8513774613572875	690
0.14383917369528135	0.8742487781471978	691
0.20300630203117584	0.8312508407575117	688
0.12951286842588247	0.8853374122187959	691
0.12001735932597345	0.8928433043232473	692
0.13158930068150557	0.883712844755376	691
0.14192268101045627	0.8757160328185505	692
0.11823925023974724	0.8942630119499052	692
0.11482780301904992	0.8969995162409061	692
0.10767453634328068	0.9027922617967349	692
0.10766222290146858	0.9028022977804078	692
0.08468837881510748	0.921923770486396	692
0.11232012787870659	0.8990217608550238	692
0.10786142886125576	0.902639963761421	692
0.10854092630490493	0.9020866765228922	692
0.1120929635783648	0.8992054016620293	692
0.10964212270662817	0.9011914558189353	692
0.10922716032486433	0.9015285919496648	692
0.10239730654621829	0.907113972486901	692
0.11312939982060304	0.8983681503346911	692
0.1076158250741489	0.9028401160059766	692
0.035571768540149394	0.9656501175285079	692
0.0613682962419912	0.9421800175685676	691
0.10812127842192391	0.9024282986642947	692
0.11506917418817587	0.8968053490744627	692
0.11415480883538415	0.8975413399196212	692
0.10998002437051403	0.9009171138616794	692
0.10779755293660474	0.9026920102406351	692
0.10787987764943009	0.9026249326972912	692
0.10767712847690793	0.9027901491249823	692
0.10922716032486433	0.9015285919496648	692
0.10738091454183644	0.9030316369627304	692
0.10788864714583857	0.9026177879665225	692
0.10777042474833627	0.9027141162639185	692
0.11743672366089074	0.8949052584596018	692
0.10786144054688286	0.9026399542404523	692
0.10740761094007227	0.9030098674787916	692
0.11135394364028937	0.8998033486293804	692
0.05767664671877374	0.9454685447601554	691
0.10940332359332128	0.9013854373187133	692
0.10777042474833627	0.9027141162639185	692
0.10883728202572537	0.9018455784360971	692
0.10786144054688286	0.9026399542404523	692
0.10771930468976675	0.9027557755527832	692
0.10777583335350414	0.9027097088521594	692
0.1086141718692026	0.9020270761232726	692
0.07507311402825209	0.9301692944892311	691
0.10850236602162143	0.9021180564449016	692
0.07392925716135425	0.9311600306366858	691
0.035447966253779654	0.9657655745058543	692
0.10783205261870192	0.9026638989512826	692
0.107509823345995	0.9029265284336823	692
0.10767712847690793	0.9027901491249823	692
0.1089875433256204	0.9017233836560601	692
0.035447966253779654	0.9657655745058543	692
0.10756935479836414	0.9028779964592399	692
0.035447966253779654	0.9657655745058543	692
0.1075277260453129	0.9029119330228726	692
0.10780539682039901	0.902685618674706	692
0.11075472628806814	0.900288764326766	692
0.11426697013608932	0.8974509940628201	692
0.1091882430139849	0.9015602232518359	692
0.1091882430139849	0.9015602232518359	692
0.10772049642555363	0.9027548043273088	692
0.11560695077139062	0.8963730454606313	692
0.05771424433856732	0.9454349370375942	691
0.035447966253779654	0.9657655745058543	692
0.10948527097040224	0.9013188603444534	692
0.035447966253779654	0.9657655745058543	692
0.035447966253779654	0.9657655745058543	692
0.10810912720559075	0.9024381944418973	692
0.04161704642760247	0.9600457321907941	692
0.10879458850158218	0.9018803035027376	692
0.10907143871288492	0.9016551730522734	692
0.10766425501818681	0.9028006415026736	692
0.04317217993020207	0.9586145213984802	692
0.10672501705895004	0.9035668161341787	692
0.11226612349830088	0.8990654114815604	692
0.10908964533304648	0.9016403716398522	692
0.10773556168997854	0.9027425268124322	692
0.11256261066602001	0.8988258192510747	692
0.11846085414568801	0.8940858290152929	691
0.035447966253779654	0.9657655745058543	692
0.10877327152800904	0.9018976428083375	692
0.10794630190056852	0.9025708179941595	692
0.07937472421512867	0.9264623096739214	691
0.10856206272305653	0.9020694768713389	692
0.10779755293660474	0.9026920102406351	692
0.10854092630490493	0.9020866765228922	692
0.10779755293660474	0.9026920102406351	692
0.10772049642555363	0.9027548043273088	692
0.10840842879917377	0.902194510631229	692
0.035447966253779654	0.9657655745058543	692
