0.4358695544172102	0.696442094564697	688
0.4358695544172102	0.696442094564697	688
0.4475022041780552	0.6908452347178543	688
0.46462079970189496	0.6827705848527738	688
0.4643898412398942	0.682878269049793	688
0.4358679270107462	0.6964428839091382	688
0.4634957084380395	0.6832954782404388	688
0.4597636048242696	0.6850424251537515	689
0.4609139101565362	0.6845030313202032	688
0.4655115768706006	0.6823555786132807	688
0.4621573960330152	0.6839208984703725	688
0.46503422417867674	0.6825779108065664	688
0.46304632268857854	0.6835053576173461	688
0.4358695544172102	0.696442094564697	688
0.4636584291863706	0.6832195135554184	688
0.4358695544172102	0.696442094564697	688
0.4609653852630407	0.6844789137970947	688
0.46271129579744535	0.6836619111872086	688
0.4358695544172102	0.696442094564697	688
0.44849648122710656	0.6903710246868126	689
0.4566307543952141	0.6865157810121859	688
0.46525562459833913	0.6824747731469198	688
0.46490292362527824	0.6826390908724814	688
0.46213721197963026	0.6839303396471735	688
0.4647139387719846	0.6827271684451911	688
0.4655115768706006	0.6823555786132807	688
0.45351608993464054	0.6879868801761708	689
0.46073844694772426	0.684585253499381	688
0.46482352601457816	0.682676091857121	688
0.4621629834247071	0.6839182849902137	688
0.46399061688283166	0.6830644872090963	688
0.4648708871711648	0.6826540200625569	688
0.46407301316134586	0.6830260451565312	688
0.4608980885905466	0.6845104445066291	688
0.46194041583665596	0.6840224055422317	688
0.46369025229815103	0.683204659202924	688
0.46350946032940726	0.6832890576429343	688
0.4641484100178667	0.6829908724811559	688
0.4594561713074796	0.685186728906105	688
0.46337424903941654	0.6833521914550682	688
0.4655115768706006	0.6823555786132807	688
0.464065045649312	0.6830297622169516	688
0.4627575346746539	0.6836403001146869	688
0.4651294711374329	0.6825335369328581	688
0.46308439444409794	0.6834875717336539	688
0.464395871193957	0.682875457156729	688
0.46175549225954615	0.6841089397613442	688
0.46474827846470484	0.6827111625269586	688
0.4640924664789709	0.6830169698263133	688
0.4515381752369  	0.6889243542194775	689
0.4655115768706006	0.6823555786132807	688
0.4553157924670957	0.687136087697344	688
0.46117566616655287	0.6843804089781594	688
0.457490766907097	0.6861106929151077	688
0.45529253590805635	0.6871470685967833	689
0.4655115768706006	0.6823555786132807	688
0.46355673476405806	0.6832669866817369	688
0.45970642886471696	0.6850692579176674	688
0.4626475516751449	0.6836917060810154	688
0.4647114250834597	0.6827283401186139	688
0.4655115768706006	0.6823555786132807	688
0.4627758888375619	0.6836317221462267	688
0.4651701075263232	0.6825146069136782	688
0.460829929807388	0.6845423821045692	688
0.45821140117693177	0.6857716235059563	688
0.45857147676881627	0.6856023279814213	689
0.4608206504275853	0.6845467304335394	688
0.46356234089100357	0.683264369450234	688
0.4655115768706006	0.6823555786132807	688
0.4576765052122026	0.6860232681423538	689
0.4655115768706006	0.6823555786132807	688
0.4566360552797246	0.6865132826936412	689
0.462970523192161	0.6835407714285506	688
0.46224889878665165	0.6838781009373865	688
0.4532129080322592	0.6881304139763403	689
0.46462833418817157	0.6827670724766428	688
0.45455324597722546	0.6874963173508035	689
0.4647337943550491	0.6827179135580193	688
0.45951583773042587	0.6851587178081044	688
0.46509565287470495	0.6825492916028193	688
0.45036213946850306	0.689482973105226	688
0.4615564811327584	0.6842020906540432	689
0.4637293464552928	0.6831864117650547	688
0.4552385115016178	0.6871725783068574	689
0.46256396002187705	0.68373078192426	689
0.4620175432634027	0.6839863205525408	689
0.4637706887315716	0.683167116064162	688
0.4636032476645883	0.6832452726486218	688
0.4646350141272418	0.6827639584978021	688
0.4655115768706006	0.6823555786132807	688
0.46431239972759025	0.6829143836971077	688
0.4655115768706006	0.6823555786132807	688
0.4655115768706006	0.6823555786132807	688
0.4647274966142883	0.6827208489712223	688
0.4639783824911423	0.6830701955437176	688
0.4642628425869933	0.6829374965448453	688
0.4655115768706006	0.6823555786132807	688
0.46251922142047514	0.68375169731359	688
0.4630636648947  	0.6834972557889148	688
0.4649629226883849	0.68261113268647	688
0.4358679270107462	0.6964428839091382	688
