0.4358695544172102	0.696442094564697	688
0.4358695544172102	0.696442094564697	688
0.4655115768706006	0.6823555786132807	688
0.4358695544172102	0.696442094564697	688
0.4655115768706006	0.6823555786132807	688
0.4655115768706006	0.6823555786132807	688
0.45958881396046664	0.6851244613793576	688
0.4655115768706006	0.6823555786132807	688
0.4620209231581797	0.6839847393153945	688
0.4655115768706006	0.6823555786132807	688
0.4655115768706006	0.6823555786132807	688
0.4785264030710869	0.6763490986179707	687
0.4655115768706006	0.6823555786132807	688
0.4655115768706006	0.6823555786132807	688
0.4655115768706006	0.6823555786132807	688
0.46438264196055284	0.6828816262538967	688
0.45357388162855206	0.6879595269554666	689
0.4655115768706006	0.6823555786132807	688
0.4655115768706006	0.6823555786132807	688
0.4655115768706006	0.6823555786132807	688
0.4655115768706006	0.6823555786132807	688
0.4655115768706006	0.6823555786132807	688
0.46469499383296076	0.6827359991059297	688
0.4655115768706006	0.6823555786132807	688
0.4641789694174229	0.6829766175359604	688
0.4632967942525756	0.6833883624482217	688
0.4596557338341565	0.6850930509300615	688
0.45947852341850054	0.6851762351786613	688
0.4643496888764818	0.6828969935229386	688
0.46167688314058575	0.6841457312038633	688
0.4655115768706006	0.6823555786132807	688
0.46081053871509525	0.684551468857545	688
0.46546576189838484	0.6823769111497945	688
0.4649760627921416	0.6826050100054674	688
0.4655115768706006	0.6823555786132807	688
0.5287325393104021	0.6541366617675917	685
0.4658208421171686	0.6822116122701892	688
0.4596137901838779	0.6851127378524033	688
0.45427220906863625	0.6876291754488199	688
0.4358695544172102	0.696442094564697	688
0.45533845287343644	0.6871253886170526	687
0.4358695544172102	0.696442094564697	688
0.4355022031194164	0.696620317145422	688
0.4358695544172102	0.696442094564697	688
0.42974745377792045	0.6994242216397245	688
0.42552250425132854	0.7014971682437177	689
0.43489824361852125	0.6969135298947774	688
0.433491211473378	0.6975975799476127	688
0.4358695544172102	0.696442094564697	688
0.4358695544172102	0.696442094564697	688
0.4354767793074494	0.6966326550280063	688
0.4358695544172102	0.696442094564697	688
0.4358695544172102	0.696442094564697	688
0.4358695544172102	0.696442094564697	688
0.4343803634968879	0.6971651491115589	688
0.4358695544172102	0.696442094564697	688
0.4354583513171697	0.6966415981922462	688
0.4330895223739068	0.6977931136803681	688
0.4358695544172102	0.696442094564697	688
0.4356782184823346	0.6965349109058065	688
0.4355734050247045	0.6965857660081068	688
0.4358695544172102	0.696442094564697	688
0.4358695544172102	0.696442094564697	688
0.4358695544172102	0.696442094564697	688
0.4358695544172102	0.696442094564697	688
0.4358695544172102	0.696442094564697	688
0.4358695544172102	0.696442094564697	688
0.4358695544172102	0.696442094564697	688
0.4358695544172102	0.696442094564697	688
0.4358695544172102	0.696442094564697	688
0.36493269442255355	0.7326368575434107	688
0.4358695544172102	0.696442094564697	688
0.4520276507808794	0.6886921192321748	689
0.46101653135555676	0.6844549521093937	688
0.44097814232301585	0.6939730524905046	684
0.43972848229244016	0.6945754093908926	688
0.45665734247100614	0.6865032501766313	687
0.4622019791104881	0.683900045470009	688
0.4615099326648843	0.6842238821987494	688
0.46283039153143307	0.6836062511342157	688
0.46130188723383764	0.6843212950973079	688
0.36099905843639385	0.734754365773674	688
0.4601348064289473	0.6848682707904901	688
0.44447396884201085	0.6922935418501646	689
0.46088567501961736	0.6845162609911769	688
0.45823561108254535	0.6857602381947273	688
0.4446571143542592	0.6922057767645339	689
0.46107978319607495	0.6844253212596819	688
0.4624587621626837	0.6837799641756738	688
0.4358695544172102	0.696442094564697	688
0.4358695544172102	0.696442094564697	688
0.45797666038432816	0.6858820358183212	689
0.45935672103618314	0.685233422086118	688
0.46149603574787884	0.6842303882735328	688
0.4611825826561014	0.684377169472021	688
0.4596434690018496	0.6850988075079948	688
0.4358695544172102	0.696442094564697	688
0.44500431588026573	0.6920394555298068	689
0.46241690201986757	0.6837995366566233	688
0.4488003924769455	0.6902262072764539	689
0.36099905843639385	0.734754365773674	688
