0.4358695544172102	0.696442094564697	688
0.2348649677808106	0.8098051415266165	689
0.4358695544172102	0.696442094564697	688
0.43378684753706503	0.6974537405736307	688
0.46133372563375263	0.6843063856384475	688
0.45609921360364325	0.6867663897195158	689
0.4506467142896684	0.6893477165387338	689
0.46142537024448566	0.6842634734284839	688
0.454100771823823	0.6877102463440262	689
0.2348649677808106	0.8098051415266165	689
0.45989319107868293	0.6849816179094047	688
0.45761683574251777	0.6860513514106023	689
0.44862379340617686	0.6903103514879325	689
0.46095245346863983	0.684484972543609	688
0.46115713310733836	0.684389089538489	688
0.4520573169144141	0.6886780489663971	689
0.4479857950668354	0.6906145097603271	689
0.4490274515910687	0.6901180504910206	689
0.4585844886105935	0.6855962118125717	688
0.45912055210499203	0.6853443319384103	689
0.4441957118465497	0.6924269278721228	689
0.4622167283486757	0.6838931470366431	688
0.4494088039228114	0.6899364743014595	689
0.4591389887681033	0.6853356724051783	688
0.4617589460329867	0.6841073233817812	688
0.4629471400192752	0.6835516968759543	688
0.46231613598607374	0.6838466562674402	688
0.45334739087942794	0.6880667390849307	689
0.4639991525463753	0.6830605046872271	688
0.4607391163815146	0.6845849397647135	688
0.4467610918469778	0.691199124468692	689
0.4474295540256539	0.6908799099885425	689
0.44933719104216086	0.6899705646005949	689
0.4492868336786257	0.6899945385288351	689
0.4552413507713519	0.6871712375888365	689
0.46322424656097677	0.6834222453258992	688
0.4594282227117313	0.6851998504879686	688
0.46117560699090615	0.6843804366946454	688
0.45424537947540716	0.6876418616236085	689
0.46285629235131404	0.6835941474419579	688
0.46260792546948765	0.6837102292324899	688
0.4596138089644455	0.6851127290371907	688
0.45361747422690696	0.6879388957069609	689
0.44499336190782923	0.6920447016308067	689
0.45835477771279237	0.685704202627805	689
0.46267183791463284	0.6836803540469641	688
0.4358695544172102	0.696442094564697	688
0.44873745675512583	0.6902561919257575	689
0.45760863220436226	0.6860552125625695	689
0.4580378923528499	0.6858532314179369	688
0.45945995132313044	0.6851849542657276	688
0.4613556893333257	0.684296100736572	688
0.4629397247780149	0.6835551616125122	688
0.44447396884201085	0.6922935418501646	689
0.4543502817888575	0.6875922620030681	689
0.4608023173720048	0.6845553214886789	688
0.46285629235131404	0.6835941474419579	688
0.4620870279026508	0.6839538145923434	688
0.4490011991851463	0.6901305537651421	689
0.4451324613598569	0.6919780897171245	689
0.4522601494184895	0.6885818635183356	689
0.44814374028699433	0.6905391862563444	689
0.44924558351716043	0.6900141779788002	689
0.4530582713680683	0.6882036458582561	689
0.4626582362195321	0.6836867117944487	688
0.4479687972514523	0.6906226169363657	689
0.4474219293166175	0.6908835493960892	689
0.4591289667885717	0.6853403796108041	688
0.4495918363097803	0.6898493596278078	689
0.4607543788003929	0.6845777870070288	688
0.4485487570947471	0.6903461102722079	689
0.21653639259889682	0.8220058241444728	689
0.2348649677808106	0.8098051415266165	689
0.4630866454372004	0.6834865201720021	688
0.4478183116569246	0.6906943999455094	689
0.4591430393665021	0.6853337699052161	688
0.45942123948626923	0.6852031291198762	688
0.4502237170895625	0.6895487835538152	689
0.45458338099769763	0.6874820742927097	689
0.44820820998285615	0.6905084456135199	689
0.4446063976315047	0.6922300784764236	689
0.4624430480211099	0.6837873114807034	688
0.45791843256566767	0.6859094292677159	689
0.4358695544172102	0.696442094564697	688
0.45032658403736675	0.6894998761011718	689
0.4358695544172102	0.696442094564697	688
0.4627163802319651	0.6836595347632702	688
0.45737229050909073	0.686166469962647	689
0.4358695544172102	0.696442094564697	688
0.46297741055407454	0.683537553475463	688
0.4627801623068489	0.6836297249362266	688
0.45622790996101314	0.686705695694826	689
0.4609656801084324	0.6844787756587001	688
0.4358695544172102	0.696442094564697	688
0.4545883167040235	0.6874797415298352	689
0.462544790233467	0.6837397436835896	688
0.4509807614018266	0.6891890138046189	689
0.4500445261461081	0.6896339953489393	689
0.45451862781204144	0.6875126800570779	689
0.46234443862299596	0.6838334209016047	688
0.21653639259889682	0.8220058241444728	689
