0.3878398281349403	0.7205442441753945	687
0.4358695544172102	0.696442094564697	688
0.4341588475340504	0.6972728311926114	688
0.4358695544172102	0.696442094564697	688
0.4655115768706006	0.6823555786132807	688
0.4655115768706006	0.6823555786132807	688
0.4655115768706006	0.6823555786132807	688
0.46017973368759557	0.6848471985531264	688
0.4655115768706006	0.6823555786132807	688
0.4358695544172102	0.696442094564697	688
0.45294785712314783	0.6882559446971557	689
0.4655115768706006	0.6823555786132807	688
0.4655115768706006	0.6823555786132807	688
0.4650562685317812	0.6825676402191423	688
0.46377622562846005	0.6831645319083238	688
0.46365361541748096	0.6832217605767114	688
0.4655115768706006	0.6823555786132807	688
0.4642830499362382	0.6829280718939857	688
0.4655115768706006	0.6823555786132807	688
0.4655115768706006	0.6823555786132807	688
0.4655115768706006	0.6823555786132807	688
0.4649385420059097	0.6826224932485706	688
0.4615725668411423	0.6841945604940254	688
0.4655115768706006	0.6823555786132807	688
0.4655115768706006	0.6823555786132807	688
0.4655115768706006	0.6823555786132807	688
0.46133703269254994	0.6843048370282351	688
0.4652594670356563	0.6824729834526062	688
0.4621112028756049	0.6839425059005441	688
0.45874521913349353	0.6855206700139234	688
0.4655115768706006	0.6823555786132807	688
0.4655115768706006	0.6823555786132807	688
0.4608374595506685	0.6845388536980594	688
0.4655115768706006	0.6823555786132807	688
0.4358695544172102	0.696442094564697	688
0.46478113082336464	0.6826958505656694	688
0.4655115768706006	0.6823555786132807	688
0.4653406478328163	0.6824351740183843	688
0.4358695544172102	0.696442094564697	688
0.4655115768706006	0.6823555786132807	688
0.4655115768706006	0.6823555786132807	688
0.4643290067632158	0.6829066387276049	688
0.4655115768706006	0.6823555786132807	688
0.46087153220756955	0.684522887846865	688
0.4655115768706006	0.6823555786132807	688
0.46507053770879975	0.6825609922945307	688
0.4655115768706006	0.6823555786132807	688
0.4655115768706006	0.6823555786132807	688
0.4655115768706006	0.6823555786132807	688
0.4655115768706006	0.6823555786132807	688
0.46541049697772635	0.6824026455811579	688
0.4655115768706006	0.6823555786132807	688
0.4655115768706006	0.6823555786132807	688
0.4655115768706006	0.6823555786132807	688
0.4628986123555217	0.6835743718355339	688
0.4604285327732458	0.6847305277589133	688
0.4655115768706006	0.6823555786132807	688
0.4655115768706006	0.6823555786132807	688
0.4647872734860988	0.6826929876445914	688
0.4655115768706006	0.6823555786132807	688
0.46364737733001754	0.6832246724782836	688
0.4654741370969376	0.682373011359294	688
0.4655115768706006	0.6823555786132807	688
0.45679095424600835	0.6864402864977771	689
0.45928554127756177	0.6852668458049199	688
0.4358695544172102	0.696442094564697	688
0.43619450292342166	0.6962845199340806	688
0.4358695544172102	0.696442094564697	688
0.46078484500173184	0.6845635094186745	688
0.46040844488084304	0.6847399462152464	688
0.4467202045618224	0.6912186591759646	689
0.4592792633706834	0.6852697938639739	688
0.4569503188147871	0.6863652020842337	688
0.46262785148710767	0.6837009147496154	688
0.45610414338972644	0.6867640646032761	688
0.4473603581579427	0.6909129397966248	689
0.4506006722758678	0.6893695964107655	689
0.44581427320317996	0.691651769203049	689
0.4547666502889123	0.6873954663460309	689
0.45015070622254033	0.6895835003279582	689
0.4518157473380274	0.6887926390339457	689
0.45216790558310344	0.6886256032483103	689
0.44547903892708085	0.6918121764963527	689
0.45951178347116806	0.6851606210548656	688
0.4484676350801406	0.6903847733847861	689
0.4633335963650022	0.6833711755706646	688
0.46412260214496376	0.6830029114604088	688
0.45704974905628315	0.6863183639732893	689
0.44438409096164694	0.692336620333596	689
0.46295623553633264	0.6835474470864067	688
0.44684839702518236	0.6911574163928075	689
0.45546971935124864	0.6870634178811589	688
0.4515700548755467	0.6889092239407881	689
0.444746990924687	0.6921627151892984	689
0.46245932849974286	0.6837796993820302	688
0.45873983661067236	0.6855231994784367	688
0.4514797957302073	0.6889520632265654	689
0.4578923303503221	0.6859217098423903	689
0.4617434223857532	0.6841145885697719	688
0.4624626060972378	0.6837781669294256	688
0.3878398281349403	0.7205442441753945	687
