0.4358695544172102	0.696442094564697	688
0.4358695544172102	0.696442094564697	688
0.4655115768706006	0.6823555786132807	688
0.4655115768706006	0.6823555786132807	688
0.4655115768706006	0.6823555786132807	688
0.46463223186271835	0.6827652554991233	688
0.4655115768706006	0.6823555786132807	688
0.45962017169524644	0.6851097425151162	688
0.4655115768706006	0.6823555786132807	688
0.4655115768706006	0.6823555786132807	688
0.4625447072525892	0.6837397824771552	688
0.4655115768706006	0.6823555786132807	688
0.46300819603187127	0.6835231700767692	688
0.4655115768706006	0.6823555786132807	688
0.4653562532173117	0.6824279063909658	688
0.4624424803524279	0.6837875769028634	688
0.46434549310628814	0.6828989502188579	688
0.46444703328650844	0.6828516001400218	688
0.46191363207926256	0.6840349375343822	688
0.4646439284899955	0.6827598029447133	688
0.4655115768706006	0.6823555786132807	688
0.46355895475131065	0.6832659502738795	688
0.4655115768706006	0.6823555786132807	688
0.4644827330726134	0.6828349542243576	688
0.4655115768706006	0.6823555786132807	688
0.45636890324333773	0.6866392146749337	686
0.4358695544172102	0.696442094564697	688
0.4356474136544522	0.696549856523958	688
0.4358695544172102	0.696442094564697	688
0.459323938603824	0.6852488152539511	688
0.46313649502028414	0.6834632335420877	688
0.4603896531160458	0.6847487572007179	689
0.4646012744426737	0.6827796871749487	688
0.46297280436261684	0.6835397056035342	688
0.46531171835360513	0.6824486472568307	688
0.4612348756488733	0.6843526777691655	688
0.46515172058566867	0.6825231721396523	688
0.4620240455641042	0.6839832785473525	688
0.4358695544172102	0.696442094564697	688
0.46356310144075724	0.683264014387615	688
0.45870622183268667	0.6855389968403794	688
0.4627042121421792	0.683665222058441	688
0.46238107747668195	0.6838162879715909	689
0.4655115768706006	0.6823555786132807	688
0.4646351799182961	0.682763881211555	688
0.457461474481674	0.6861244825395032	688
0.4358695544172102	0.696442094564697	688
0.46030307256336017	0.6847893555716748	688
0.46257737871881044	0.6837245089049446	688
0.38070447746199015	0.7242679489518272	688
0.46159835470071525	0.6841824888375476	688
0.46461992481824815	0.682770992702489	688
0.46413185601724577	0.6829985946212628	688
0.45880803465685926	0.6854911518465964	688
0.46279480839857046	0.6836228801596403	688
0.461978043950483	0.684004800303191	688
0.46387793720759857	0.6831170650112652	688
0.4630146433321461	0.6835201578860558	688
0.4629750826767292	0.683538641116397	688
0.4615525833635428	0.68420391533136	688
0.46446921664375124	0.682841256500963	688
0.4655115768706006	0.6823555786132807	688
0.4643126626451259	0.6829142610797381	688
0.4646296580332456	0.6827664553391838	688
0.4647531837524689	0.6827088762068134	688
0.4630069498489013	0.6835237522988388	688
0.4620871066262537	0.6839537777660091	688
0.46515486749455687	0.6825217061934342	688
0.453962997444583	0.6877754122749705	689
0.46418410678281824	0.6829742211840095	688
0.43897952176873856	0.6949369222230752	688
0.42942085112053713	0.6995840302847759	688
0.4655115768706006	0.6823555786132807	688
0.4655115768706006	0.6823555786132807	688
0.46334152946362805	0.6833674708641251	688
0.45914152668430236	0.6853344803861225	688
0.4597115243085509	0.685066866532885	688
0.4644943535440758	0.682829536064786	688
0.4599182061272669	0.6849698810542993	688
0.46085242465672077	0.6845318412193385	688
0.4650619422657853	0.6825649968447438	688
0.4640442026922417	0.6830394862129795	688
0.4651682405588918	0.6825154765971092	688
0.4593022595619603	0.685258995144824	688
0.4569891561084806	0.6863469064319822	689
0.46525777908984217	0.6824737696469756	688
0.46180244224784434	0.6840869676358448	688
0.46268468722159983	0.6836743480917414	688
0.46208525909814796	0.6839546420273918	688
0.4655115768706006	0.6823555786132807	688
0.44309122076545737	0.6929568870009278	688
0.45792939517633535	0.6859042717079251	689
0.4601290122753004	0.6848709885174549	688
0.45966657274059103	0.6850879637001305	688
0.46372940276408253	0.6831863854832843	688
0.4655115768706006	0.6823555786132807	688
0.4652715484584457	0.6824673563422837	688
0.4639799432738366	0.6830694673068691	688
0.4655115768706006	0.6823555786132807	688
0.46199063759486525	0.6839989082591593	688
0.38070447746199015	0.7242679489518272	688
