0.4358695544172102	0.696442094564697	688
0.4655115768706006	0.6823555786132807	688
0.4358695544172102	0.696442094564697	688
0.4358695544172102	0.696442094564697	688
0.4655115768706006	0.6823555786132807	688
0.4655115768706006	0.6823555786132807	688
0.45938510476409283	0.6852200949122667	688
0.4650185533247925	0.6825852121330107	688
0.465246844990903	0.6824788624651217	688
0.4655115768706006	0.6823555786132807	688
0.4598680295990088	0.6849934238745378	688
0.46357903105820086	0.6832565777312192	688
0.4644998439421496	0.6828269761423763	688
0.4655115768706006	0.6823555786132807	688
0.46511094287790905	0.6825421684693077	688
0.4655115768706006	0.6823555786132807	688
0.4655115768706006	0.6823555786132807	688
0.46504755588749297	0.6825716994519146	688
0.4603207801040003	0.6847810519609141	688
0.44999414020334605	0.6896579594864851	689
0.4655115768706006	0.6823555786132807	688
0.46302549829240564	0.6835150864883535	688
0.4358695544172102	0.696442094564697	688
0.4655115768706006	0.6823555786132807	688
0.4655115768706006	0.6823555786132807	688
0.4636810754628866	0.683208942688387	688
0.435351613676841	0.6966934028369322	688
0.4655115768706006	0.6823555786132807	688
0.4623729683629941	0.6838200798524179	688
0.4655115768706006	0.6823555786132807	688
0.4639636521550696	0.6830770685651392	688
0.4650622790867013	0.6825648399216077	688
0.4655115768706006	0.6823555786132807	688
0.46350934789125003	0.6832891101385078	688
0.45516236755657447	0.6872085358276154	688
0.4655115768706006	0.6823555786132807	688
0.46516482440947543	0.6825170679367375	688
0.4632161927177893	0.6834260070226479	688
0.45708668147415843	0.6863009680304563	689
0.4655115768706006	0.6823555786132807	688
0.4655115768706006	0.6823555786132807	688
0.4655115768706006	0.6823555786132807	688
0.4655115768706006	0.6823555786132807	688
0.4642674395711229	0.682935352501518	688
0.46354487691463786	0.6832725226083556	688
0.4655115768706006	0.6823555786132807	688
0.4630627241863281	0.6834976952585152	689
0.45938088712504405	0.6852220752116216	688
0.4655115768706006	0.6823555786132807	688
0.4654226656294211	0.6823969790111613	688
0.46510602299252873	0.6825444604735609	688
0.4655115768706006	0.6823555786132807	688
0.4651897993584679	0.6825054340658453	688
0.4627742953017054	0.683632466889736	688
0.4655115768706006	0.6823555786132807	688
0.4577545632628762	0.6859865338110901	688
0.4626955643833424	0.6836692640286975	688
0.4636969710718685	0.683201523104675	688
0.4633988175403971	0.6833407188894322	688
0.4655115768706006	0.6823555786132807	688
0.46481001051940235	0.6826823907664402	688
0.4639608853584205	0.6830783595390738	688
0.4650901505027048	0.6825518550219438	688
0.46163339301070055	0.6841660875988751	688
0.4655115768706006	0.6823555786132807	688
0.4655115768706006	0.6823555786132807	688
0.44860090672982766	0.6903212578110762	687
0.46515127858130606	0.6825233780420897	688
0.46469525949289	0.6827358752743026	688
0.4655115768706006	0.6823555786132807	688
0.4652245742806049	0.6824892358162771	688
0.4577552033195627	0.6859862326149313	688
0.4655115768706006	0.6823555786132807	688
0.4655115768706006	0.6823555786132807	688
0.4655115768706006	0.6823555786132807	688
0.4655115768706006	0.6823555786132807	688
0.4644352188603897	0.6828571090895991	688
0.4655115768706006	0.6823555786132807	688
0.4655115768706006	0.6823555786132807	688
0.4358695544172102	0.696442094564697	688
0.4655115768706006	0.6823555786132807	688
0.4638867132646394	0.6831129696982374	688
0.46542681669090513	0.6823950460099468	688
0.4623678258749133	0.6838224845392196	688
0.4358695544172102	0.696442094564697	688
0.4655115768706006	0.6823555786132807	688
0.4358695544172102	0.696442094564697	688
0.4655115768706006	0.6823555786132807	688
0.4655115768706006	0.6823555786132807	688
0.46379618389456917	0.683155217237556	688
0.46533621104512074	0.6824372403154978	688
0.46040978250421855	0.684739319045962	688
0.4600563116558509	0.684905090315249	688
0.46449045566534547	0.6828313534796518	688
0.4632997761737572	0.6833869698352613	688
0.4633972057158772	0.6833414715390353	688
0.4569682226797637	0.6863567677273881	688
0.4655115768706006	0.6823555786132807	688
0.4358695544172102	0.696442094564697	688
0.4655115768706006	0.6823555786132807	688
0.435351613676841	0.6966934028369322	688
