0.4358695544172102	0.696442094564697	688
0.4358695544172102	0.696442094564697	688
0.4358695544172102	0.696442094564697	688
0.4358695544172102	0.696442094564697	688
0.4655115768706006	0.6823555786132807	688
0.4655115768706006	0.6823555786132807	688
0.4655115768706006	0.6823555786132807	688
0.4624795561657887	0.6837702419729679	688
0.46251529149810555	0.683753534621621	688
0.4655115768706006	0.6823555786132807	688
0.4655115768706006	0.6823555786132807	688
0.46395627215659574	0.6830805120475842	688
0.4655115768706006	0.6823555786132807	688
0.4647754483704381	0.6826984990173747	688
0.4478122225925002	0.6906973047992142	689
0.4576125218617918	0.6860533818155675	689
0.45903081990782507	0.6853864814611493	689
0.4497946338282424	0.6897528633827668	689
0.4618707111852192	0.6840550209732603	688
0.459464114135579	0.6851829999206842	688
0.46248058693558297	0.6837697600454005	688
0.44537363071499564	0.6918626289766483	689
0.45932248531333947	0.6852494976703414	688
0.4523680842667048	0.6885306905548646	689
0.4592661050654296	0.6852759729899727	688
0.44786388086435114	0.6906726614403947	689
0.45841924494038794	0.6856738921056095	688
0.4574682051661655	0.6861213139712988	689
0.4569429285073849	0.6863686836549489	688
0.4499600875036811	0.6896741562877408	689
0.46113620573618336	0.6843988918173148	688
0.4478403066452946	0.6906839072031645	689
0.4446567642281788	0.692205944527079	689
0.4567526175160662	0.6864583512505488	689
0.44797612259145597	0.6906191230628105	689
0.4471078976638707	0.6910334755372032	689
0.46024641874644107	0.6848159236428446	688
0.44437777301463155	0.6923396487283593	689
0.4508287795773849	0.6892612099211957	689
0.44633660541414516	0.6914019850266179	689
0.45847094008899625	0.6856495885608662	688
0.46005472500858835	0.6849058346043282	688
0.4527755262240061	0.6883375868804443	689
0.45523795024953817	0.6871728433336447	688
0.4610158552141314	0.684455268867316	688
0.4623940982768558	0.6838101994382387	688
0.4546880318783994	0.6874326165375314	689
0.460242610946131	0.684817709402462	688
0.4585326705117635	0.6856205693692994	689
0.4537037949484826	0.6878980459946029	689
0.4476496973838464	0.6907748482296325	689
0.4599728257504057	0.6849442553740779	688
0.44802699221845005	0.6905948614037573	689
0.45998686659622173	0.6849376681938077	688
0.45920688427943046	0.6853037843868239	688
0.44596134931549536	0.6915814177698393	689
0.4547089405588434	0.6874227359981979	689
0.4607962915363382	0.6845581453032628	688
0.4549725609126638	0.6872981847662666	689
0.44866347492065833	0.690291442638028	689
0.4568254367384513	0.6864240387227213	688
0.4609721961116442	0.6844757228518689	688
0.45732851955440845	0.6861870790161708	689
0.44827007009607606	0.6904789518529935	689
0.45444591514195193	0.6875470511410535	689
0.4475241465942944	0.6908347624823943	689
0.45545140427011654	0.6870720637364616	689
0.4358695544172102	0.696442094564697	688
0.46041565734434037	0.684736564532886	688
0.4616064658456109	0.6841786919856372	688
0.46110050737579017	0.6844156134036599	688
0.44982999665006695	0.6897360396119335	687
0.4610479183448267	0.6844402482930657	688
0.4521437783658017	0.6886370446908291	689
0.4620737481706892	0.683960026812037	688
0.4482123915266037	0.6905064518512166	689
0.4442828955876235	0.6923851297104354	689
0.4358695544172102	0.696442094564697	688
0.4548680816952768	0.6873475420773241	689
0.44458184544762935	0.6922418436527784	689
0.4358695544172102	0.696442094564697	688
0.44715222686207134	0.6910123077848882	689
0.46198288929006687	0.6840025333576893	688
0.45749060615673687	0.6861107685880078	689
0.44747942417681863	0.6908561070349584	689
0.45092686519402203	0.6892146144569989	689
0.45917577693810696	0.6853183939897712	689
0.4443267838280925	0.6923640904515849	689
0.44911558871092055	0.6900760766017036	689
0.44878083841150235	0.6902355231978616	689
0.4484676350801406	0.6903847733847861	689
0.4486011313983441	0.6903211507467852	689
0.4479857950668354	0.6906145097603271	689
0.4443753488583204	0.6923408107113095	689
0.4460408951935095	0.6915433742737821	689
0.46156604411429464	0.6841976139408723	688
0.4563771608832021	0.6866353214393738	689
0.45439052753924036	0.6875732350182123	689
0.45735317455935287	0.6861754703367365	689
0.445996382121247	0.6915646625152828	689
0.4358695544172102	0.696442094564697	688
