0.4358695544172102	0.696442094564697	688
0.4655115768706006	0.6823555786132807	688
0.4358695544172102	0.696442094564697	688
0.4358695544172102	0.696442094564697	688
0.4655115768706006	0.6823555786132807	688
0.46303676660643783	0.6835098220528887	688
0.4655115768706006	0.6823555786132807	688
0.4616835261204949	0.6841426219354984	688
0.4655115768706006	0.6823555786132807	688
0.4655115768706006	0.6823555786132807	688
0.46529321400997375	0.6824572655075392	688
0.46434305638066725	0.6829000865901209	688
0.4655115768706006	0.6823555786132807	688
0.46287109730651155	0.6835872291422219	688
0.46512914140178174	0.6825336905409148	688
0.46483202383330585	0.6826721315001762	688
0.46529086101247025	0.6824583614129902	688
0.4655115768706006	0.6823555786132807	688
0.4655115768706006	0.6823555786132807	688
0.46486128495964746	0.6826584948809996	688
0.4655115768706006	0.6823555786132807	688
0.4655115768706006	0.6823555786132807	688
0.4655115768706006	0.6823555786132807	688
0.4655115768706006	0.6823555786132807	688
0.46445268864087047	0.6828489631359005	688
0.4655115768706006	0.6823555786132807	688
0.4655115768706006	0.6823555786132807	688
0.4654707785014927	0.6823745752355044	688
0.4650246551598591	0.6825823691621647	688
0.4655115768706006	0.6823555786132807	688
0.4655115768706006	0.6823555786132807	688
0.4655115768706006	0.6823555786132807	688
0.4655115768706006	0.6823555786132807	688
0.4626992907341468	0.6836675223231207	688
0.4612338187260751	0.6843531727672539	688
0.4655115768706006	0.6823555786132807	688
0.4655115768706006	0.6823555786132807	688
0.4655115768706006	0.6823555786132807	688
0.46467928600240543	0.6827433210510753	688
0.4655115768706006	0.6823555786132807	688
0.4655115768706006	0.6823555786132807	688
0.46513862583430393	0.6825292722253931	688
0.46549546921508816	0.6823630785672745	688
0.4655115768706006	0.6823555786132807	688
0.4655115768706006	0.6823555786132807	688
0.4655115768706006	0.6823555786132807	688
0.46438228485331956	0.6828817927827946	688
0.4619309369111452	0.6840268406337029	688
0.4651029254977507	0.6825459034970272	688
0.4646424165446192	0.6827605077553315	688
0.46254237451478003	0.6837408730340306	688
0.4358695544172102	0.696442094564697	688
0.4655115768706006	0.6823555786132807	688
0.4655115768706006	0.6823555786132807	688
0.4655115768706006	0.6823555786132807	688
0.4560129936441469	0.686807057605423	688
0.4655115768706006	0.6823555786132807	688
0.4655115768706006	0.6823555786132807	688
0.4613757780704145	0.6842866940906804	688
0.4655115768706006	0.6823555786132807	688
0.4655115768706006	0.6823555786132807	688
0.4655115768706006	0.6823555786132807	688
0.465059217114331	0.6825662664814739	688
0.46468607945107726	0.6827401543781803	688
0.4655115768706006	0.6823555786132807	688
0.46270321765092454	0.6836656868821157	688
0.46550926412011145	0.6823566554527363	688
0.4655115768706006	0.6823555786132807	688
0.4655115768706006	0.6823555786132807	688
0.4655115768706006	0.6823555786132807	688
0.4655115768706006	0.6823555786132807	688
0.4655115768706006	0.6823555786132807	688
0.4655115768706006	0.6823555786132807	688
0.4569624023002729	0.6863595096353796	688
0.4655115768706006	0.6823555786132807	688
0.4648637636767026	0.6826573397447364	688
0.4655115768706006	0.6823555786132807	688
0.4655115768706006	0.6823555786132807	688
0.4655115768706006	0.6823555786132807	688
0.4655115768706006	0.6823555786132807	688
0.4655115768706006	0.6823555786132807	688
0.45936368733133953	0.6852301511137684	688
0.4655115768706006	0.6823555786132807	688
0.4655115768706006	0.6823555786132807	688
0.4583229700079907	0.6857191586267893	688
0.4655115768706006	0.6823555786132807	688
0.4655115768706006	0.6823555786132807	688
0.4655115768706006	0.6823555786132807	688
0.4655115768706006	0.6823555786132807	688
0.4655115768706006	0.6823555786132807	688
0.4635555690291108	0.6832675309099312	688
0.4655115768706006	0.6823555786132807	688
0.4655115768706006	0.6823555786132807	688
0.4655115768706006	0.6823555786132807	688
0.4655115768706006	0.6823555786132807	688
0.4655115768706006	0.6823555786132807	688
0.4655115768706006	0.6823555786132807	688
0.4655115768706006	0.6823555786132807	688
0.4655115768706006	0.6823555786132807	688
0.4655115768706006	0.6823555786132807	688
0.4358695544172102	0.696442094564697	688
