0.4358695544172102	0.696442094564697	688
0.4358695544172102	0.696442094564697	688
0.4358695544172102	0.696442094564697	688
0.4358695544172102	0.696442094564697	688
0.4655115768706006	0.6823555786132807	688
0.464174052267812	0.6829789111828148	688
0.4655115768706006	0.6823555786132807	688
0.4655115768706006	0.6823555786132807	688
0.4550728869633151	0.6872507961350061	688
0.4648247910554157	0.6826755022895902	688
0.4655115768706006	0.6823555786132807	688
0.4655115768706006	0.6823555786132807	688
0.4655115768706006	0.6823555786132807	688
0.4655115768706006	0.6823555786132807	688
0.46528037716035414	0.6824632442959169	688
0.4655115768706006	0.6823555786132807	688
0.46513816200157626	0.6825294883001786	688
0.4655115768706006	0.6823555786132807	688
0.4613147669312598	0.6843152636443863	688
0.4655115768706006	0.6823555786132807	688
0.4358695544172102	0.696442094564697	688
0.4655115768706006	0.6823555786132807	688
0.4655115768706006	0.6823555786132807	688
0.46540286709234907	0.6824061986340991	688
0.46396232983724994	0.6830776855516295	688
0.4655115768706006	0.6823555786132807	688
0.4655115768706006	0.6823555786132807	688
0.4655115768706006	0.6823555786132807	688
0.4655115768706006	0.6823555786132807	688
0.4655115768706006	0.6823555786132807	688
0.4655115768706006	0.6823555786132807	688
0.4655115768706006	0.6823555786132807	688
0.4655115768706006	0.6823555786132807	688
0.46544075468536655	0.6823885556633794	688
0.4655115768706006	0.6823555786132807	688
0.44660980734476946	0.691271409140717	689
0.45456492253953684	0.6874907984540779	689
0.4591036225190875	0.6853522838038999	688
0.4505565429449088	0.6893905686501594	689
0.45950742708340475	0.6851626661457573	688
0.4455650619462709	0.6917710079777566	689
0.4358695544172102	0.696442094564697	688
0.4611737568893253	0.6843813032399977	688
0.4623482891938085	0.6838316202710499	688
0.45957164814005164	0.6851325190334514	688
0.4613153424126334	0.6843149941538278	688
0.4628792343751463	0.6835834267803655	688
0.44418577240297646	0.6924316934213407	689
0.44163081838828677	0.6936588669198811	690
0.4501256598740305	0.6895954107086609	689
0.4593598428514171	0.6852319562570105	688
0.4358695544172102	0.696442094564697	688
0.4630564082332049	0.6835006458893855	688
0.4603345138586882	0.6847746119193392	688
0.4358695544172102	0.696442094564697	688
0.4358695544172102	0.696442094564697	688
0.45912430790153635	0.6853425678571324	688
0.4594796555508431	0.6851757036808955	688
0.46202627207886277	0.6839822369115808	688
0.44568647860363025	0.6917129092650067	689
0.4543472145202724	0.6875937121589342	689
0.4625399459681358	0.6837420083853127	688
0.4496012397536185	0.689844884631835	689
0.45823425770134935	0.685760874645974	689
0.45468890355650543	0.6874322046144324	689
0.4455271553239537	0.691789148558674	689
0.4452706104105288	0.6919119456223843	689
0.45941367501198066	0.685206680684139	688
0.46033155370785056	0.6847759999850397	688
0.45380250639236785	0.6878513385435788	688
0.44793140195111425	0.6906404534444668	689
0.45324011929288016	0.6881175290471485	689
0.46117560699090615	0.6843804366946454	688
0.4550743300796597	0.6872501145321241	689
0.453557807814992	0.6879671345876596	689
0.4527731059236129	0.6883387336415768	689
0.45482850867800123	0.6873662387250696	689
0.45753873015502605	0.6860881150606808	689
0.44537690060362034	0.6918610637698572	689
0.459849893762474	0.6850019336047612	688
0.46257839894763647	0.6837240319695178	688
0.4481096024674834	0.6905554650670542	689
0.4597135890561586	0.6850658975139045	688
0.45059547462006	0.689372066503875	689
0.45133066340999234	0.6890228568935748	689
0.45177967876880226	0.6888097516615338	689
0.46236634113512937	0.6838231788238317	688
0.46316377826507255	0.6834504891760901	688
0.4358695544172102	0.696442094564697	688
0.4594804250148322	0.6851753424441012	688
0.44822685392465883	0.6904995562608336	689
0.46147863584160403	0.6842385345059403	688
0.4614208299670433	0.6842655992679064	688
0.44500431588026573	0.6920394555298068	689
0.46063034290019916	0.6846359209643827	688
0.46102472879210726	0.6844511118074939	688
0.4533515525978744	0.6880647687839148	689
0.459444221990017	0.6851923389277979	688
0.46113620573618336	0.6843988918173148	688
0.4503325712346503	0.6894970297389876	689
0.4358695544172102	0.696442094564697	688
