0.2348649677808106	0.8098051415266165	689
0.2348649677808106	0.8098051415266165	689
0.4652521259876325	0.682476402705073	688
0.4651819278143292	0.6825091007583886	688
0.46105062682280673	0.684438979486012	688
0.4655115768706006	0.6823555786132807	688
0.4793973065802238	0.6759509399889344	688
0.4655115768706006	0.6823555786132807	688
0.4655115768706006	0.6823555786132807	688
0.4655115768706006	0.6823555786132807	688
0.4655115768706006	0.6823555786132807	688
0.4655115768706006	0.6823555786132807	688
0.4655115768706006	0.6823555786132807	688
0.4655115768706006	0.6823555786132807	688
0.4655115768706006	0.6823555786132807	688
0.4655115768706006	0.6823555786132807	688
0.4622731493081672	0.6838667594170907	688
0.4655115768706006	0.6823555786132807	688
0.4653230976436677	0.6824433475511738	688
0.4655115768706006	0.6823555786132807	688
0.46524935339645807	0.68247769410851	688
0.4655115768706006	0.6823555786132807	688
0.4655115768706006	0.6823555786132807	688
0.4655115768706006	0.6823555786132807	688
0.4655115768706006	0.6823555786132807	688
0.4655115768706006	0.6823555786132807	688
0.45707323436072994	0.6863073018006097	689
0.4655115768706006	0.6823555786132807	688
0.2348649677808106	0.8098051415266165	689
0.46547984503609835	0.6823703535652293	688
0.4655115768706006	0.6823555786132807	688
0.4574802138514649	0.6861156607796751	689
0.44768790250788537	0.6907566183758679	688
0.4655115768706006	0.6823555786132807	688
0.4655115768706006	0.6823555786132807	688
0.4655115768706006	0.6823555786132807	688
0.4358695544172102	0.696442094564697	688
0.4655115768706006	0.6823555786132807	688
0.4655115768706006	0.6823555786132807	688
0.4655115768706006	0.6823555786132807	688
0.4655115768706006	0.6823555786132807	688
0.4655115768706006	0.6823555786132807	688
0.4655115768706006	0.6823555786132807	688
0.46157453240504287	0.6841936403711721	689
0.4627699075920736	0.6836345175066812	688
0.2348649677808106	0.8098051415266165	689
0.4655115768706006	0.6823555786132807	688
0.4655115768706006	0.6823555786132807	688
0.2348649677808106	0.8098051415266165	689
0.44918070266234966	0.6900450704062362	689
0.4655115768706006	0.6823555786132807	688
0.4655115768706006	0.6823555786132807	688
0.4655115768706006	0.6823555786132807	688
0.4560522294822606	0.686788550404938	688
0.4624704302387412	0.6837745087514384	688
0.4655115768706006	0.6823555786132807	688
0.46136869585934775	0.6842900103399006	688
0.46465184876731663	0.6827561108406903	688
0.4655115768706006	0.6823555786132807	688
0.4655115768706006	0.6823555786132807	688
0.4655115768706006	0.6823555786132807	688
0.4629024784737368	0.6835725653040876	688
0.4655115768706006	0.6823555786132807	688
0.4655115768706006	0.6823555786132807	688
0.4652715484584457	0.6824673563422837	688
0.4358695544172102	0.696442094564697	688
0.4655115768706006	0.6823555786132807	688
0.4655115768706006	0.6823555786132807	688
0.4655115768706006	0.6823555786132807	688
0.4647449614248635	0.6827127085845904	688
0.4602110394265702	0.6848325159852944	688
0.4447342880607746	0.6921688010480261	689
0.4507123063454311	0.6893165485851257	689
0.4492727349600293	0.6900012508877977	689
0.45324011929288016	0.6881175290471485	689
0.46130702476237756	0.6843188892235768	688
0.44281203015179	0.6930909772735925	688
0.45932653960715436	0.6852475939135572	688
0.45997159186064435	0.6849448342522618	688
0.44820135674184547	0.6905117132674105	689
0.44449779171949483	0.6922821244396812	689
0.4560486923126996	0.6867902188158698	689
0.2348649677808106	0.8098051415266165	689
0.444187891995486	0.6924306771595102	689
0.44432058377233186	0.6923670625728823	689
0.4511231932827973	0.6891213679368974	689
0.45348356018968605	0.6880022776931137	688
0.4584483111488137	0.685660226938248	689
0.45317866707586413	0.6881466282547584	689
0.4568098186096499	0.6864313977196969	689
0.45732851955440845	0.6861870790161708	689
0.4480506186821401	0.6905835936247121	689
0.46084986748346607	0.6845330394715035	688
0.4612608233482158	0.684340525676094	688
0.44958141046800143	0.6898543212396379	689
0.4554813468627445	0.6870579290868112	689
0.4608107106689265	0.6845513882781469	688
0.4358695544172102	0.696442094564697	688
0.45908363047310746	0.6853616743515588	688
0.4604484126166453	0.6847212071040069	688
0.2348649677808106	0.8098051415266165	689
