0.2348649677808106	0.8098051415266165	689
0.2348649677808106	0.8098051415266165	689
0.43586193249508876	0.6964457914573345	688
0.4648203018437795	0.6826775944744164	688
0.4655115768706006	0.6823555786132807	688
0.465507258069397	0.6823575894925021	688
0.46428754740236117	0.682925974323824	688
0.46442451233951393	0.6828621015107393	688
0.45923319080645686	0.6852914299786054	688
0.4542043580010999	0.6876612592294566	689
0.4655115768706006	0.6823555786132807	688
0.46393856375674375	0.683088774868947	688
0.4617356408672162	0.6841182304392069	688
0.4655115768706006	0.6823555786132807	688
0.4622514596376683	0.6838769032569749	689
0.46448946976502314	0.6828318131645218	688
0.4641375649921881	0.6829959314685949	688
0.4600034584917777	0.6849298843668675	688
0.4655115768706006	0.6823555786132807	688
0.4562953759682947	0.6866738825803779	689
0.4655115768706006	0.6823555786132807	688
0.464554004568517	0.6828017245390806	688
0.4358695544172102	0.696442094564697	688
0.4614945598075532	0.6842310792670196	688
0.4551727148254917	0.687203649306964	688
0.46218141795095496	0.6839096624558133	688
0.2348649677808106	0.8098051415266165	689
0.46037739965791186	0.6847545026609193	688
0.4655115768706006	0.6823555786132807	688
0.46296268968885285	0.683544431480124	688
0.2348649677808106	0.8098051415266165	689
0.2348649677808106	0.8098051415266165	689
0.2348649677808106	0.8098051415266165	689
0.4649241503860844	0.6826291994274567	688
0.4581400132129401	0.6858051976754612	688
0.2348649677808106	0.8098051415266165	689
0.2348649677808106	0.8098051415266165	689
0.45361386261189507	0.6879406049438545	689
0.46462055888542725	0.6827706971155707	688
0.46339097998073847	0.6833443786930833	688
0.463102826521633	0.6834789612001438	688
0.4536038159125469	0.6879453597005162	688
0.4630950501622605	0.6834825938951113	688
0.45609921360364325	0.6867663897195158	689
0.44536479600557605	0.6918668579472875	688
0.45464074695056766	0.6874549623997179	689
0.45843308599325194	0.6856673848145454	688
0.465015892841467	0.6825864517144952	688
0.43854345716859455	0.6951475779315313	684
0.45961586127330517	0.6851117657269383	688
0.4614977508646911	0.6842295853061373	688
0.46497388796817574	0.682606023365328	688
0.46391747398471117	0.6830986157150303	688
0.44432058377233186	0.6923670625728823	689
0.453723288600602	0.687888821649566	689
0.4358695544172102	0.696442094564697	688
0.4588792018034246	0.6854577121696085	688
0.4639471378361025	0.6830847741388569	688
0.46549017460798187	0.6823655438478117	688
0.4624984372586652	0.6837614143878464	688
0.4655115768706006	0.6823555786132807	688
0.4640724262575051	0.6830263189617077	688
0.4655115768706006	0.6823555786132807	688
0.4655115768706006	0.6823555786132807	688
0.46410783915118253	0.6830097983627699	688
0.46203300439221556	0.6839790873364804	689
0.4613427618848939	0.6843021542120364	688
0.4636068892987419	0.6832435726502559	688
0.4613805286403018	0.6842844696517343	688
0.4634005643883536	0.6833399031918252	688
0.4655115768706006	0.6823555786132807	688
0.45697927735655003	0.6863515600677149	688
0.45826222324043436	0.6857477236006838	688
0.462179975919503	0.6839103369413485	689
0.46136788112006055	0.6842903918440806	688
0.4358695544172102	0.696442094564697	688
0.4655115768706006	0.6823555786132807	688
0.4617870210691088	0.6840941844377773	688
0.46249850092030215	0.6837613846241435	688
0.4688812449411533	0.6807902296009384	688
0.45710700089337564	0.6862913975342126	688
0.4655115768706006	0.6823555786132807	688
0.46525573632771405	0.6824747211065301	688
0.462689940011295	0.6836718928909007	688
0.4532441175792864	0.6881156358408186	688
0.4655115768706006	0.6823555786132807	688
0.4629781521470914	0.683537206985889	688
0.4644300214920196	0.6828595325990109	688
0.45903716062519706	0.6853835028927572	688
0.4358695544172102	0.696442094564697	688
0.4655115768706006	0.6823555786132807	688
0.4635171500359198	0.6832854674613525	688
0.4625230398341886	0.6837499121472804	688
0.4645895437399229	0.682785155932792	688
0.46428274394976515	0.6829282146032766	688
0.463124833608262	0.6834686808875124	688
0.4644370175977209	0.6828562703505074	688
0.46047666253428443	0.6847079625803505	688
0.4655115768706006	0.6823555786132807	688
0.4619324188166698	0.684026147261601	688
0.2348649677808106	0.8098051415266165	689
