2.0144944453196705	0.3317305830676213	233
2.01461179702496	0.3317176695808307	233
2.0038529048131286	0.33290578190352854	233
2.0090622974372936	0.3323294439107036	233
1.9906146301894825	0.33437942485309147	233
2.0161607466560274	0.3315473159408646	233
1.9946761497378624	0.3339259238724476	233
2.0190875112581868	0.33122590725541967	233
1.9962093044754898	0.3337550545972482	233
1.9943325088088688	0.33396424647501666	233
1.992145024864945	0.3342083995561467	233
2.0056111813874664	0.33271103268200336	233
1.9921592757251025	0.33420680781027806	233
1.9953685155744667	0.3338487384108112	233
2.0096247949955184	0.3322673316829479	233
1.9936300372531959	0.33404261300021887	233
2.016019781834485	0.3315628120289559	233
2.009998623514569	0.3322260655496143	233
2.033197607847936	0.3296850813190188	232
1.9908082777634584	0.33435777459724203	233
2.0230340098062687	0.33079349976088596	233
1.9947663538208087	0.333915865831794	233
1.992549394922833	0.33416323944279835	233
2.00715787309681	0.33253990718158977	233
1.987013935123126	0.3347825024320751	233
1.994434929654308	0.3339528236519218	233
1.9988563826609418	0.33346045038431654	233
1.9959639712927955	0.333782385096069	233
2.023012522485505	0.33079585101348014	233
2.0242103390415878	0.33066483077923514	232
2.026759090672442	0.33038638690528693	233
2.011800591762791	0.3320272938171864	233
2.0262613890447616	0.33044072254302187	233
2.0195015235279103	0.3311804919480964	233
1.9950786842893011	0.333881044676891	233
2.0029706706708907	0.33300358533857777	233
1.990925825702467	0.3343446338275988	233
2.019523815239231	0.33117804699969616	233
2.018262854369728	0.33131640557820785	233
1.9934845535852055	0.3340588475067728	233
1.9937223184404498	0.33403231617050577	233
2.021451964620751	0.33096670465370737	233
2.0152255208731398	0.3316501512332726	233
1.9974100610974694	0.3336213529735937	233
1.967306463219035	0.3370059723845194	234
1.992878862980908	0.3341264534188329	233
1.996889844492231	0.3336792648010831	233
2.0097821980667367	0.33224995504403165	233
2.0290705504340094	0.33013427166848874	233
1.9961787137349265	0.33375846220916394	233
2.02651286340953	0.3304132660693357	232
2.024907451707449	0.3305886265827858	233
2.002071061030961	0.3331033741941416	233
2.011794543965533	0.33202796054053946	233
2.0066149580722037	0.3325999550807746	233
2.0229308409769966	0.33080478932716995	233
1.9947813019120721	0.3339141991308454	233
1.9938428082811182	0.3340188727457401	233
2.0273865054809685	0.3303179155319408	232
2.0173602412589053	0.3314155155642865	233
2.02023956426569	0.3310995630385134	233
2.0170566980707565	0.33144885896226134	233
2.026133573861079	0.33045467940930595	233
2.0229308409769966	0.33080478932716995	233
2.0187668407712263	0.3312610919445911	232
2.037645849207831	0.32920229995237393	232
2.0205358609073563	0.33106708413639035	232
1.9798035499370532	0.33559259301544375	233
1.9927518580547672	0.33414063291233953	233
1.9950786842893011	0.333881044676891	233
2.025828930883965	0.3304879498616798	233
1.9926727092182948	0.3341494701106846	233
2.0142882470882504	0.33175327574129065	233
2.002055139175313	0.33310514085850784	233
2.0120402027568978	0.3320008806936599	233
2.023219754571332	0.33077317601141165	233
1.9804813585192071	0.3355162739540938	233
1.9862394240745396	0.3348693316209595	233
1.9962384571875884	0.3337518072372142	234
2.0193789270663194	0.33119393893750765	233
2.027138947287345	0.33034492879691296	233
2.0281894048871463	0.33023033446524713	233
1.9932534675525837	0.33408463761595314	233
2.0017171307267434	0.33314265017299977	233
1.9885925486756904	0.33460566594905067	234
1.990359444199826	0.3344079595312946	234
2.021894899292944	0.3309181931621704	233
2.0137380549452373	0.3318138410732485	233
1.9938637072323546	0.334016541095132	233
1.9958118002353353	0.33379933943829354	233
1.9994588320742979	0.3333934739515803	233
2.0173602412589053	0.3314155155642865	233
1.9935600681564172	0.33405042064709584	233
2.0137380549452373	0.3318138410732485	233
1.9926878549525782	0.33414777900912956	233
2.0222569495621108	0.3308785509269449	233
2.01520774857322	0.33165210605245843	233
2.006553630183217	0.33260673947767255	233
1.9994615149732273	0.33339317574438887	233
1.9980649818719964	0.33354847411465993	233
1.967306463219035	0.3370059723845194	234
