2.0399981573827723	0.3289475678040972	232
2.038394773416234	0.32912115593051955	232
1.989528511262093	0.3345009074952186	233
2.0017171307267434	0.33314265017299977	233
2.01045259558091	0.33217596632078367	233
2.033229102331778	0.32968165814816147	232
2.026944181843317	0.3303661844834649	233
2.01938499789585	0.3311932730330449	233
2.0063042114062815	0.3326343342785734	233
1.9925927980766764	0.33415839289685345	233
1.9975820222482992	0.33360221424398667	233
2.0238605561574805	0.33070308019452227	233
2.040122307238943	0.3289341345309906	232
1.9982843183177756	0.3335240737146177	233
2.0176142272819284	0.33138762104151903	233
1.993784110919905	0.3340254216569839	233
2.0218474551023795	0.3309233887076276	233
2.004774707758693	0.3328036532715344	233
2.0135790444882598	0.33183134911591855	233
2.0378223620001403	0.32918317163930133	232
1.9951190935904348	0.3338765400481081	233
2.020456561108799	0.3310757760518508	233
2.00709720557249	0.3325466161010317	233
2.003228178708749	0.33297503236332654	233
2.001214237030769	0.33319847269195396	233
2.031529863202784	0.32986645196478753	232
2.006034554843282	0.33266417326734105	233
1.9824528556180308	0.33529448692417896	234
1.9982843183177756	0.3335240737146177	233
1.9951806807848764	0.33386967484644486	233
2.020107281335781	0.3311140654439613	232
2.0315498052416374	0.3298642820484001	232
2.019234478077387	0.33120978422212116	233
2.0099772938935514	0.3322284198052709	233
1.9923880757321337	0.33418125413273303	233
2.0222327780266065	0.3308811972626936	233
2.0105997862116207	0.33215972597219473	233
2.006537547858642	0.33260851863042057	233
2.032448024279304	0.32976657538513343	232
2.0236987792876606	0.33072077379201953	233
2.013540464590545	0.33183559728170825	233
2.0189845065736844	0.33123720834689646	233
2.0174656367188826	0.3314039397271729	233
1.993980555196434	0.33400350522129235	233
2.023045736110524	0.3307922166227655	233
2.0354869259791406	0.32943643783853077	232
1.9964495453058348	0.33372829573138507	233
2.0222083677190508	0.33088386978252243	233
2.0032774188772007	0.33296957307855296	233
2.0174818742713096	0.3314021563895855	233
2.0179270864810595	0.33135326710825624	233
2.0296954587401053	0.3300661778117622	233
2.038419447629347	0.3291184832233172	233
2.004869126310345	0.33279319596454177	233
2.001893554847221	0.3331230710646881	233
1.9798336710108393	0.3355892007424607	234
1.9932534675525837	0.33408463761595314	233
2.034186107684697	0.3295776740481724	232
2.005472823487122	0.3327263491405464	233
2.0176142272819284	0.33138762104151903	233
1.9973345932566493	0.33362975299780756	233
1.9998641837961515	0.3333484247058675	233
2.0010244648775184	0.3332195427606463	233
1.9999704031193868	0.3333366219080675	233
1.9936496226354021	0.3340404275900762	233
2.01824670913525	0.3313181778591278	233
2.0159531365744074	0.33157013876410035	233
2.018187757099441	0.33132464925277766	233
2.0173555246667045	0.3314160336178679	233
2.02083092144654	0.3310347470626211	233
2.0299654372264575	0.33003676798220216	232
2.026907638081292	0.33037017298416277	233
2.0010244648775184	0.3332195427606463	233
2.0181598958580613	0.3313277077772914	233
2.0188133277851246	0.3312559908212976	233
2.0275265358683825	0.3303026375335042	233
1.9936648133454606	0.3340387325735664	233
1.992549394922833	0.33416323944279835	233
1.9910945575372252	0.3343257729783605	233
2.0083844233453485	0.33240432713316326	233
1.9932534675525837	0.33408463761595314	233
1.9936569136879287	0.3340396140344906	233
1.9953595632329715	0.33384973619683683	231
2.0018247455943716	0.3331307070699747	233
1.9881414730472646	0.3346561764293623	233
1.9841055925079973	0.33510878519534826	231
2.005563787318296	0.33271627912853136	231
1.969908583658481	0.33671070062639785	232
1.9732225952168296	0.33633539635032694	232
1.9732225952168296	0.33633539635032694	232
1.9732225952168296	0.33633539635032694	232
1.964353566860683	0.3373416758308701	233
1.964353566860683	0.3373416758308701	233
1.9384568362602634	0.3403146807059066	233
1.9384568362602634	0.3403146807059066	233
1.9384568362602634	0.3403146807059066	233
1.9384568362602634	0.3403146807059066	233
1.9384568362602634	0.3403146807059066	233
1.9384568362602634	0.3403146807059066	233
1.9384568362602634	0.3403146807059066	233
1.9384568362602634	0.3403146807059066	233
