2.038623376502226	0.3290963953390975	232
2.016805892475092	0.3314764143408529	234
2.0032774188772007	0.33296957307855296	233
2.006329333743667	0.3326315546256997	233
2.002010660985621	0.3331100761886301	233
1.991831519562347	0.33424342027999043	234
2.0035463504798097	0.3329397596412162	233
1.9903588890030377	0.33440802161823197	233
1.9537367618773136	0.33855420459486973	234
2.0249781423037483	0.33058090107005694	232
1.998608898604748	0.3334879718609852	233
1.9989660367332491	0.3334482577499585	233
2.0010244648775184	0.3332195427606463	233
1.9904339169068357	0.33439963155392277	233
2.000840341851234	0.3332399881638137	233
1.9937382905466126	0.3340305340509289	233
2.0090751469267856	0.33232802478240375	233
2.0068831283758253	0.33257029199540333	233
1.9986007726883752	0.3334888755809453	233
1.988966152042001	0.33456384218898577	233
1.9935085913838175	0.3340561650226389	233
1.992549394922833	0.33416323944279835	233
1.998477414097457	0.3335025954500979	233
1.9441786698093986	0.3396532996636167	234
1.987623449044779	0.3347142024607304	233
2.00697476197594	0.33256015735325994	233
1.9936443834926014	0.3340410121904085	233
1.9545720255155472	0.33845849461920247	234
1.9893850351523392	0.33451696193061325	233
1.9930107538766488	0.33411172970386627	233
1.9978035170249349	0.3335775658147252	233
1.9825190793433938	0.3352870420598119	234
1.9938995820410244	0.33401253869652914	233
1.9936276214855027	0.3340428825625875	233
1.9934845535852055	0.3340588475067728	233
1.9991148252906978	0.3334317151071641	233
1.988915867314878	0.3345694708022544	233
1.9930905217080184	0.33410282540647857	233
2.0107009826102074	0.3321485613403638	233
1.9895313244134658	0.33450059272959654	233
1.9926214721192823	0.3341551911314166	233
1.973731219112524	0.33627786989384956	234
1.9958004480390554	0.3338006043274893	233
1.993784110919905	0.3340254216569839	233
1.9771077895448057	0.33589647090100766	234
1.9945773322736515	0.3339369430278642	233
1.9895313244134658	0.33450059272959654	233
1.9935085913838175	0.3340561650226389	233
1.9872420899999472	0.33475693294078407	233
1.9943864384566383	0.33395823169551164	233
1.9930905217080184	0.33410282540647857	233
1.9926052115109356	0.3341570067957979	233
1.9977072349167242	0.3335882798534126	233
1.9565038583201837	0.3382373397503958	234
1.99361435928808	0.33404436242676655	233
1.9647281241211405	0.3372990568220951	233
1.9706543234253464	0.33662617427898467	234
2.0026722263800503	0.3330366835295826	233
1.994722603585786	0.3339207440457529	233
2.003473009436794	0.33294788961247174	233
1.9967807765607961	0.3336914090685114	233
1.9805468088541698	0.33550890629509567	234
2.0057439119785103	0.3326963405015289	233
1.9786349339973277	0.335724256969618	234
1.9947813019120721	0.3339141991308454	233
1.99361435928808	0.33404436242676655	233
1.9883656162119363	0.33463107545307785	233
1.9932912008055856	0.334080426164641	233
1.9950033361901827	0.33388944443449525	233
1.9937906508425323	0.33402469197990625	233
1.978632165379828	0.33572456902293685	234
1.996258789960692	0.3337495423795216	233
1.9845495694311828	0.33505893493690153	233
1.9939251632075927	0.33400968477402854	233
2.0027519354238748	0.3330278429606067	233
1.9938995820410244	0.33401253869652914	233
1.9788905015572227	0.3356954542227206	233
1.9950786842893011	0.333881044676891	233
1.993980555196434	0.33400350522129235	233
1.9965764393125751	0.3337141635637379	233
1.992549394922833	0.33416323944279835	233
1.9784890632871974	0.3357406989758606	234
1.9950033361901827	0.33388944443449525	233
1.983663765377566	0.3351584088006162	233
1.99361435928808	0.33404436242676655	233
1.994949015327356	0.33389550035151344	233
1.990925825702467	0.3343446338275988	233
1.9984375496699216	0.3335070293893843	233
1.9957681437697403	0.33380420379984577	233
1.9614073073773879	0.3376772919783184	234
1.9938821023800957	0.33401448881537904	233
1.994949015327356	0.33389550035151344	233
1.999590865538101	0.3333787989185013	233
1.987434259520253	0.3347353993860231	233
1.9956454649235087	0.33381787388032386	233
2.0023687756246393	0.33307034369618743	233
1.9936648133454606	0.3340387325735664	233
1.99434801748488	0.3339625167684937	233
1.992878862980908	0.3341264534188329	233
1.993670314553976	0.33403811873953426	233
1.9441786698093986	0.3396532996636167	234
