0.023512006514151158
0.01914039176612178
0.018302822924412463
0.018362901662568685
0.033552230472156906
0.05442077084236164
0.06910119701979381
0.0775298963575513
0.0783003184354784
0.0783816014586467
0.08490898400347857
0.09395260719031842
0.09966009106157302
0.10741378739582369
0.10797570074050995
0.08912156640578318
0.08153043611786912
0.09386778984213597
0.10218693363795295
0.11472572806983466
0.1406868284622116
0.15196750246902227
0.15498204360068024
0.15203111532405852
0.14572637756371948
0.1296606054592778
0.11652102322956574
0.11876514228329661
0.10891222277351963
0.10055420452455852
0.11135071430110526
0.11306119252892206
0.1101067303435544
0.13533274899426834
0.15992617362776781
0.17048236845168968
0.1895520795452833
0.18511685194221764
0.1671391611104784
0.15100270812537447
0.12455037547710764
0.10759402381842643
0.10937871704378559
0.1220871455476299
0.12576608712402043
0.1584418743013239
0.18623007607281591
0.21165400131426465
0.23389728546897287
0.2582185885141952
0.2745246757793959
0.2784828071778236
0.2809990478198316
0.29267906912499186
0.293739282751194
0.2952235818695038
0.29880357025459403
0.30395267489804245
0.2844942188567393
0.27476852484890074
0.25506621973809274
0.2362544939733901
0.226111782707204
0.23094989130923116
0.2506415944856672
0.28387929500765696
0.3215274847308202
0.3490400310052892
0.3753085933222073
0.3824615018586276
0.38695327408296937
0.37870127725906877
0.36962584764471074
0.3605504180303527
0.34973977199441986
0.3366213940497199
0.32725617267895274
0.31485167198276953
0.31167103089602904
0.3300904775961421
0.34842157303932675
0.37068606147904704
0.38178296536264306
0.38474096166489075
0.36528957364921366
0.34051944670999146
0.3207959371060372
0.30553946153266676
0.31848820519727006
0.3455307235008612
0.3724919587812841
0.4006370992811016
0.44198543465753337
0.44661856864319976
0.4477848036944623
0.4467563962876442
0.4430562504262416
0.43246824938293565
0.4463782536905749
0.4602105088837917
0.4907941411193289
0.5410730104400482
0.5926983510264987
0.6340608226623166
0.6763103399436281
0.6844951900037465
0.6544946753979076
0.63037127894342
0.5940059480472198
0.5267813292103255
0.4671018981825749
0.4300650983997482
0.39205643624764763
0.3516269525279594
0.341424162523617
0.35205103802006704
0.36938553248395173
0.3609815715480864
0.37839734903513944
0.411359393851972
0.43580438849038683
0.42229019757235137
0.4269763422705479
0.40470478580520164
0.3665936363449207
0.3221494768136626
0.2922655857753902
0.2561829784018393
0.23733944641775262
0.2505885839812711
0.26596521703095394
0.2843316528104027
0.31817014113022285
0.36421522355549135
0.3703432588019735
0.3797473546258848
0.4041393385517695
0.40910467286386915
0.40124848901330396
0.43167662322813055
0.46124951822498167
0.4983994074584949
0.5386274504705684
0.5715082124723668
0.5637509820212359
0.5577466383679462
0.5431439613049364
0.5239752970200425
0.48258455286545243
0.4389178832296133
0.39044844532801126
0.3454423722439328
0.3415125133642773
0.33638814691458696
0.33711262630560984
0.3627026519184093
0.37774708484979297
0.3569032828814803
0.35199095928191093
0.37249549289816414
0.36274506048843347
0.3480540321684953
0.35140077341845244
0.37419890268408673
0.37116315726741667
0.3646251725800788
0.3634448012694301
0.33746603091705524
0.3079532146583603
0.2753905169317432
0.2562501249574874
0.26213431134259874
0.30146824068355255
0.3308114228702849
0.3747184076668829
0.4046270371070475
0.41525744672037757
0.4015206108097152
0.3874551084813654
0.36856563381037444
0.37087336571914165
0.371463551374466
0.3761638323320486
0.3880382261110637
0.4065566260024771
0.411836490472878
0.4032947018925683
0.39417686370818605
0.3807262856451868
0.362617834986495
0.3636427082764331
0.38939176561055505
0.41429618628547576
0.43843725290809543
0.4624122193674984
0.46709129583193487
0.4638505760070381
0.45452422929754915
0.44206318398008987
0.43721093911867653
0.45142840535085693
0.46914811085370517
0.4977703475581605
0.5234169175841021
0.5386910635337387
0.5446176582807403
0.5611605265898199
0.5851955717873789
0.6066224913853898
0.6304207555390702
0.6556644445660502
0.6580322552129736
0.665450217312045
0.6842301366492295
0.7105093011086536
0.7205565930922855
0.736332573440318
0.7498997752790177
0.7651809890461462
0.7769528955169809
0.8013448796509995
0.8327802167794981
0.8558469335165296
0.8649400332990197
0.8719515800741153
0.8685164875672298
0.8525284643690765
0.8298116181266102
0.8096852275236945
0.7993728819774117
0.7991573050104107
0.8083316880242032
0.8150075003559856
0.836296592101418
0.8493336870229496
0.862296566946939
0.8777862894473084
0.910235897931373
0.9346702904272819
0.9507820050104936
0.9645471134399282
0.9736614175074303
0.9694559029226176
0.9491104014439551
0.9313518214879628
0.9184949629890338
0.9028426742341938
0.8894309706243388
0.9039134902110361
