686.0
687.4
687.5
687.05
687.25
688.65
688.1
687.7
687.85
688.1
686.35
689.1
688.45
678.5
685.3
678.25
685.5
684.95
687.65
685.35
686.2
685.2
686.45
688.3
687.35
688.85
688.75
688.45
689.2
689.0
688.8
689.5
689.2
689.6
688.75
688.4
689.65
689.6
688.1
690.15
689.05
688.5
689.35
688.05
688.95
689.1
689.05
689.4
689.45
688.6
688.65
689.4
688.95
689.15
689.9
689.55
688.85
689.3
689.75
688.3
688.3
689.25
689.7
688.95
689.25
689.3
689.15
689.1
688.8
689.7
689.65
688.25
688.8
689.05
688.9
688.85
688.85
688.75
689.35
688.0
688.95
689.05
688.85
688.7
688.4
688.9
689.25
688.0
688.8
689.3
689.25
689.65
689.25
688.9
688.95
687.95
688.7
688.8
689.85
689.15
688.7
