0.834235918
0.834866439
0.812617214
0.84619202
0.824738168
0.831351838
0.841588029
0.835785878
0.854219688
0.865994791
0.860612421
0.83778451
0.843847536
0.83155663
0.825123959
0.820701816
0.829895352
0.803425376
0.80812624
0.826951789
0.825220831
0.845942191
0.869048823
0.871717064
0.880108429
0.892898993
0.895244327
0.897900672
0.894971554
0.883566096
0.900296991
0.906048156
0.907666096
0.907450257
0.903622095
0.932873331
0.943449425
0.939992607
0.938106143
0.953810529
0.952544389
0.945408118
0.957909764
0.967243511
0.96228687
0.960924707
0.964796207
0.949785224
0.953640578
0.947049001
0.925577305
0.90779101
0.929634052
0.929506588
0.951119344
0.950517715
0.958238621
0.953759544
0.958000688
0.956745595
0.956473672
0.94941048
0.963297233
0.951267202
0.929267806
0.960097892
0.94807381
0.935683482
0.930159202
0.937091532
0.911799321
0.920098912
0.933361092
0.952539291
0.930318107
0.901417822
0.90979729
0.924589885
