0.4384223345393872
0.44064383289215847
0.43846034401289186
0.4443654284979791
0.45601083612882237
0.45877163183217107
0.45891492226292785
0.4585953672444786
0.4590205718321584
0.4601901737459636
0.46144215619904844
0.45873635625419745
0.4602983810894877
0.46411083999065267
0.45973393838733945
0.4638142973786278
0.4619287418572717
0.46035364027008113
0.46150999603994636
0.46087980730444966
0.45968234930463636
0.4613428656477095
0.459653749704852
0.4604945640932665
0.46217553206714185
0.46008091481547664
0.4596599860527791
0.462189920548041
0.460814600025257
0.4591166667874519
0.4618147923121737
0.4598747892160713
0.45978674966266075
0.4609184218441323
0.46115265040779885
0.4588175293395203
0.4608314625464855
0.4605884802808292
0.45870201712408115
0.45794301625774264
0.458631438486346
0.45701177392063175
0.45941130234899585
0.45793339994543547
0.4622629783251657
0.4608298506387496
0.45750649902053225
0.45600293609635223
0.4602613295525672
0.4554347432315158
0.4587608686976797
0.4574421542462817
0.4593558648721908
0.46008375068027707
0.45775007330317025
0.45853090366362326
0.45717531619913476
0.46114190768638785
0.4597395375441707
0.4578568985693289
0.46038895075827374
0.4621472054357417
0.45969799116417465
0.4601246813566428
0.45916512728717623
0.45905344422306615
0.45850883656957225
0.4567373322441456
0.4595923098120734
0.4568815811628764
0.4587592888916204
0.4582958680294073
0.45939910529063016
0.4554691197691346
0.4578874219237602
0.45514492041533394
0.45826505919014016
0.4572421076039537
0.4567908087585857
0.45775150152549243
0.4587682696174478
0.4538165777738158
0.4588404380461964
0.45625130166083816
0.45528413803732865
0.4567406984985628
0.4561604204955033
0.45869589366073454
0.4563062616159188
0.4587971243541773
0.45586473814166856
0.45880853042875563
0.45661935995967207
0.4562882564753011
0.4583234245572754
0.45838126325678497
0.4593174170657128
0.45885784088153947
0.45560407397261055
0.4547728741784157
0.4305323324263789
