0.5749588284106903
0.5686388245752959
0.5666536595216863
0.5661687323575657
0.5660672829961241
0.5660917591166825
0.5663346772964454
0.5669345190270416
0.56793936010716
0.5692950592754045
0.568170341597902
0.5706399701607396
0.5730187327779729
0.5752896729411294
0.5774571774486355
0.5795364403544023
0.5815455433125224
0.583501298747459
0.5854178862789285
0.5873069429864304
0.5891781363022953
0.5910397179075587
0.5928988878185164
0.594761968224812
0.5966344476195978
0.598520960585187
0.6004252522877509
0.6023501571418021
0.6042976051986335
0.6062686590834088
0.6082635780588996
0.6102819027817761
0.612322553393495
0.6143839338895101
0.616464036650751
0.6185605422259932
0.6206709106975768
0.6227924621193985
0.6249224445224543
0.6270580888168923
0.6291966505825746
0.6313354392485838
0.6334718355390715
0.6356032983336799
0.6377273622800745
0.6398416276257136
0.6419437438238765
0.644031388528809
0.6461022436358227
0.6481539700491837
0.6501841828745512
0.6521904287309601
0.6541701668543578
0.6561207556126963
0.6580394459623573
0.6599233832375528
0.6617696184692219
0.6635751301705619
0.6653368571983925
0.667051742903041
0.6687167903195197
0.67032912764069
0.6718860826664476
0.6733852643654118
0.6748246491462386
0.6762026689472169
0.6775182978497405
0.6787711336368442
0.6799614705815586
0.681090359783465
0.6821596535877481
0.6831720310193132
0.6841310017319173
0.6850408866821116
0.6859067745514491
0.6867344538100435
0.6875303211871951
0.6883012681376725
0.689054547618257
0.6897976240828683
0.6905380100465777
0.6912830928592881
0.6920399554890807
0.6928151951818744
0.6936147438898566
0.6944436944031616
0.6953061362295403
0.6962050054810686
0.6971419533539298
0.6981172381997452
0.6991296466173567
0.7001764493360141
0.7012533977778376
0.7023547669280263
0.7034734493620658
0.7046011038705438
0.7057283600347171
0.7068450773721466
0.7079406544183259
0.7090043795574322
0.7100258118605114
0.7109951769769829
0.7119037606056479
0.7127442805556626
0.7135112181261583
0.7142010906015404
0.7148126490629937
0.7153469893079522
0.7158075681838388
0.7162001227266173
0.7165324947429459
0.7168143684710798
0.7170569333163362
0.717272487070246
0.7174739972817881
0.7176746394754256
0.7178873307607916
0.7181242762357563
0.718396543729013
0.718713680194006
0.7190833807840075
0.7195112195785845
0.7200004492546316
0.7205518757195138
0.7211638127233504
0.721832120495982
0.7225503311987088
0.7233098621337695
0.7241003149910648
0.7249098558581306
0.7257256663952564
0.7265344518010086
0.7273229864455708
0.7280786739037659
0.7287900951493513
0.7294475173534046
0.7300433363630029
0.7305724285993213
0.7310323926520357
0.7314236668999493
0.7317495165452146
0.7320158909158633
0.7322311591596452
0.7324057389606959
0.732551638199169
0.7326819332222145
0.7328102094477164
0.7329499903997642
0.7331141801611436
0.7333145419395779
0.7335612323766577
0.7338624077884902
0.7342239150631884
0.7346490766819108
0.7351385763547907
0.7356904489974825
0.736300176032959
0.7369608840572315
0.7376636415658651
0.7383978446246455
0.7391516781725146
0.7399126353355636
0.7406680731193818
0.7414057796195701
0.7421145259159025
0.7427845754563925
0.7434081251799493
0.7439796558491506
0.7444961738462326
0.7449573326440789
0.7453654288184711
0.7457252743021235
0.7460439531015451
0.7463304764771086
0.7465953552918255
0.7468501116432092
0.7471067539010793
0.7473772398948171
0.7476729523452089
0.748004208921936
0.748379826782674
0.7488067583784923
0.7492898119254153
0.7498314664105531
0.7504317874086669
0.7510884463432652
0.7517968421037203
0.7525503200965924
0.7533404798845362
0.7541575586534367
0.7549908740471366
0.7558293066970279
0.7566618003634182
0.7574778562858778
0.7582679983173456
0.7590241867727325
0.7597401615947793
0.7604116992328753
0.7610367722503041
0.7616156057754048
0.7621506301405128
0.7626463340894009
0.7631090275145557
0.7635465266086539
0.763967777440716
0.7643824362124363
0.764800425778567
0.765231488434365
0.765684754528839
0.7661683452333621
0.766689025883642
0.7672519238343665
0.7678603218362694
0.7685155346733429
0.7692168732814779
0.7699616969017021
0.7707455501001567
0.7715623778306914
0.7724048082702284
0.7732644900952725
0.7741324683789748
0.7749995815529765
0.775856861040854
0.7766959153099157
0.777509281202112
0.7782907274031513
0.7790354976273925
0.7797404843210614
0.7804043271859734
0.7810274343803927
0.7816119276775633
0.7821615160158922
0.782681304663033
0.7831775495805815
0.7836573684815508
0.7841284214955098
0.7845985752764056
0.7850755647877075
0.7855666668653225
0.7860783989876218
0.7866162554867039
0.7871844917486774
0.7877859648280814
0.7884220364191398
0.7890925413806489
0.7897958221160165
0.7905288261939498
0.791287261797956
0.7920658030581355
0.7928583351861284
0.7936582277266865
0.7944586232506269
0.7952527284955306
0.796034095313662
0.7967968797601553
0.7975360691507677
0.7982476688058647
0.7989288423280155
0.799578001489609
0.8001948440084778
0.8007803395678509
0.8013366663300965
0.8018671018700173
0.8023758739031353
0.8028679774084408
0.8033489657446452
0.8038247241279652
0.8043012343613676
0.8047843399544942
0.8052795207209602
0.8057916855596339
0.8063249914043148
0.8068826952648344
0.807467044906644
0.8080792120729483
0.8087192703128878
0.8093862175287847
0.8100780413955616
0.8107918239426193
0.811523879927143
0.8122699222620557
0.8130252467669005
0.8137849279350735
0.8145440172743411
0.8152977360648268
0.8160416550440558
0.8167718545012758
0.817485059455817
0.8181787459134432
0.8188512155521532
0.8195016375101112
0.8201300571785809
0.8207373730088856
0.8213252833116739
0.8218962058613701
0.8224531738294468
0.8229997121692227
0.823539699069993
0.8240772174886398
0.8246164020422181
0.8251612866869655
0.8257156585948776
0.8262829234460831
0.8268659869670318
0.827467156954845
0.8280880692446819
0.8287296401229091
0.8293920466027381
0.8300747348126014
0.8307764555622232
0.8314953250132358
0.832228907355597
0.8329743155368188
0.8337283254552283
0.8344874986422025
0.8352483083338992
0.836007263963214
0.8367610294619693
0.8375065313110293
0.8382410529612058
0.8389623130150018
0.8396685253543519
0.8403584401751765
0.8410313656089548
0.8416871702506372
0.8423262674598792
0.8429495827590331
0.8435585060249559
0.8441548304754671
0.8447406806986949
0.84531843217531
0.8458906249052843
0.846459873871595
0.8470287791464972
0.8475998384603487
0.848175364995074
0.8487574130213937
0.8493477137616178
0.8499476235246746
0.8505580857312555
0.8511796079369363
0.85181225439036
0.8524556540591597
0.8531090234500611
0.8537712029752151
0.8544407051069167
0.855115772146146
0.8557944411289422
0.8564746132222023
0.8571541249212044
0.8578308184495196
0.8585026089637193
0.8591675464590209
0.8598238706317056
0.8604700573516313
0.8611048558061252
0.8617273157707276
0.8623368048235543
0.8629330156355285
0.8635159637319871
0.8640859763319376
0.8646436730340858
0.8651899392417134
0.8657258933110183
0.866252848478919
0.8667722706840907
0.8672857334438031
0.867794870990279
0.8683013309017298
0.8688067274800876
0.8693125971230099
0.8698203569046089
0.8703312675108313
0.8708464015666211
0.871366618240948
0.8718925448239772
0.8724245657433021
0.8729628192320154
0.8735072015920974
0.8740573787258102
0.8746128043499621
0.875172744077159
0.8757363043569057
0.8763024651275265
0.8768701149436482
0.8774380873159477
0.8780051970284725
0.8785702752789061
0.879132202610393
0.8796899387594401
0.8802425487212671
0.880789224519887
0.8813293023541396
0.8818622749634668
0.882387799211299
0.8829056990149853
0.8834159638573063
0.8839187431962606
0.8844143371494293
0.8849031838705695
0.8853858440636557
0.8858629830978205
0.8863353511995
0.8868037622084008
0.8872690713932829
0.8877321528321508
0.8881938768681334
0.8886550881549042
0.8891165848011023
0.889579099108732
0.8900432803731202
0.8905096801695161
0.8909787404926938
0.8914507850411463
0.8919260138481647
0.8924045013611988
0.892886197962456
0.8933709348126779
0.8938584317918736
0.8943483082110066
0.8948400958823733
0.8953332540680564
0.8958271857786327
0.8963212548702462
0.8968148033876587
0.8973071686230445
0.8977976994027688
0.8982857711738347
0.8987707995338524
0.8992522519286457
0.8997296573252075
0.9002026137501004
0.9006707936606445
0.9011339471851146
0.9015919033264355
0.9020445692702297
0.902491927972245
0.9029340342226974
0.9033710093972193
0.9038030351076313
0.904230345962737
0.904653221641885
0.9050719784741096
0.9054869607049228
0.905898531622511
0.9063070647059309
0.9067129349501328
0.9071165105160388
0.9075181448478584
0.9079181693934625
0.9083168870559735
0.9087145664947552
0.9091114373808976
0.9095076866954667
0.9099034561380183
0.9102988406882764
0.9106938883359923
0.9110886009637218
0.9114829363357897
0.9118768111154334
0.912270104802578
0.9126626644583348
0.9130543100605476
0.9134448403186332
0.9138340387664202
0.9142216799491216
0.9146075355250395
0.9149913801137471
0.9153729967396268
0.9157521817417144
0.9161287490465979
0.9165025337291952
0.9168733948151806
0.9172412173071987
0.9176059134435376
0.9179674232215316
0.918325714237783
0.9186807809128177
0.9190326431787051
0.9193813447145778
0.919726950817111
0.920069545991423
0.9204092313431649
0.9207461218455807
0.921080343546842
0.9214120307737704
0.921741323378907
0.9220683640693402
0.922393295848246
0.9227162595940019
0.9230373917971387
0.9233568224722584
0.9236746732601925
0.9239910557348191
0.9243060699287311
0.9246198030919704
0.9249323286978886
0.9252437057095179
0.925553978118345
0.9258631747648468
0.9261713094464934
0.9264783813141451
0.9267843755519836
0.927089264329557
0.9273930080074488
0.9276955565708948
0.9279968512587149
0.9282968263486224
0.9285954110546624
0.9288925314885425
0.9291881126342113
0.929482080284354
0.9297743628886181
0.9300648932663159
0.9303536101409506
0.9306404594600122
0.9309253954707932
0.9312083815311679
0.9314893906430097
0.9317684057048173
0.9320454194888048
0.9323204343558659
0.9325934617291157
0.9328645213529373
0.9331336403693863
0.9334008522473749
0.9336661956021611
0.9339297129433886
0.9341914493893022
0.9344514513829613
0.9347097654434476
0.9349664369814554
0.9352215092044258
0.9354750221318479
0.9357270117366312
0.9359775092238296
0.9362265404535846
0.9364741255111333
0.936720278423166
0.9369650070168039
0.9372083129150242
0.9374501916604558
0.9376906329581143
0.9379296210267217
0.9381671350477414
0.9384031497010189
0.9386376357759063
0.9388705608468361
0.9391018900024664
0.9393315866176335
0.9395596131574274
0.9397859320026735
0.9400105062859956
0.9402333007274369
0.9404542824583572
0.9406734218220647
0.9408906931394017
0.9411060754273688
0.9413195530588642
0.9415311163518284
0.9417407620765195
0.9419484938703679
0.9421543225508778
0.9423582663183676
0.9425603508419611
0.9427606092241317
0.9429590818412341
0.9431558160597564
0.9433508658304613
0.943544291165062
0.9437361575025295
0.9439265349744911
0.9441154975813593
0.9443031222927751
0.9444894880875973
0.9446746749499526
0.9448587628387779
0.9450418306487633
0.9452239551806775
0.9454052101387033
0.9455856651716477
0.9457653849737646
0.9459444284594636
0.9461228480244284
0.9463006889037018
0.946477988635156
0.9466547766345322
0.9468310738859663
0.9470068927496683
0.9471822368862717
0.9473571012953316
0.9475314724636117
0.9477053286171627
0.947878640069794
0.9480513696594102
0.9482234732627915
0.9483949003787937
0.9485655947695656
0.9487354951492585
0.9489045359097728
0.9490726478733659
0.9492397590623557
0.94940579547671
0.9495706818709468
0.9497343425224806
0.9498967019842843
0.9500576858154868
0.9502172212842604
0.9503752380380585
0.9505316687369223
0.9506864496461869
0.9508395211854564
0.9509908284312176
0.951140321570879
0.9512879563064126
0.9514336942060951
0.9515775030031512
0.951719356840364
0.9518592364599706
0.951997129338414
0.9521330297657599
0.9522669388698594
0.9523988645856049
0.9525288215699327
0.952656831063544
0.9527829207006642
0.952907124268526
0.9530294814186577
0.9531500373324474
0.9532688423438729
0.9533859515226847
0.9535014242217322
0.9536153235924963
0.9537277160732396
0.9538386708544995
0.9539482593269092
0.9540565545165454
0.95416363051315
0.9542695618966578
0.9543744231674831
0.9544782881859519
0.9545812296261539
0.9546833184492817
0.9547846234012665
0.9548852105391913
0.9549851427905784
0.9550844795492136
0.9551832763106988
0.9552815843504017
0.9553794504459483
0.9554769166458432
0.9555740200852474
0.955670792849389
0.9557672618845352
0.955863448955929
0.9559593706516003
0.956055038430489
0.9561504587129038
0.9562456330109449
0.9563405580961981
0.9564352262017175
0.9565296252550766
0.9566237391390982
0.9567175479767317
0.9568110284364723
0.9569041540546804
0.9569968955711756
0.9570892212745256
0.9571810973535501
0.9572724882516728
0.9573633570209205
0.9574536656725332
0.9575433755213598
0.9576324475214181
0.9577208425902353
0.957808521919808
0.9578954472722755
0.9579815812586265
0.9580668875990126
0.9581513313634672
0.9582348791920721
0.9583174994938191
0.9583991626236444
0.9584798410373054
0.958559509423963
0.9586381448165161
0.9587157266798999
0.9587922369777062
0.9588676602176447
0.9589419834764723
0.9590151964051521
