0.5679795683074138
0.5918858102628682
0.5738331604452378
0.5744404738149851
0.556914933183385
0.5415601139603119
0.5323118953003294
0.5693287173928894
0.5657656101271524
0.5753523790267443
0.5723803999692991
0.5858241211090949
0.5854446106447269
0.5879915070226618
0.553213436949041
0.5644026751311283
0.584443850897202
0.5889348004173991
0.6006188415516848
0.6005001927199755
0.6003695946710186
0.603687970016576
0.6056282269306131
0.6081741845132741
0.6133860573116845
0.6113196775919665
0.6165887466070975
0.6147957187472017
0.6173975779829727
0.6210497083106571
0.6221852935328253
0.6203537061423414
0.624465050911168
0.6225110805819827
0.6265854812371414
0.627462142959018
0.6286228535979979
0.6279998245582423
0.628446212034582
0.6297343857199793
0.6328160318178458
0.6323467714936044
0.6350487466197581
0.635086375812091
0.6356535660394986
0.636836099393638
0.6387599023150206
0.6410339136636558
0.6414444047351713
0.6421435312886606
0.6436814092451933
0.6457315318223934
0.6458863205245959
0.6475152172351595
0.6491705721078891
0.649480911490643
0.6505998058923286
0.6519102726632381
0.6538090435027599
0.6555223845216672
0.6558851948581808
0.657124827237417
0.6588701979225406
0.6602285994964636
0.6612140511902863
0.6620952751817066
0.6639118662163983
0.6655023455721137
0.6660682456049015
0.6672733579734332
0.6687906422761789
0.6700339304805458
0.6710787354198028
0.6724804878710009
0.6743069199850354
0.6751532616719182
0.6761925826700399
0.6779870722631848
0.6792378149630041
0.6802498248343962
0.681407505066868
0.6827599344633521
0.6842053072628039
0.6854348304568869
0.686339026469194
0.6873507277542312
0.6886924426197157
0.6901030182868018
0.6913784819064901
0.6925003569900618
0.693518995924196
0.6946993773270145
0.6962760056542793
0.6973743097612806
0.69826267887044
0.6998702141549573
0.7008234250003076
0.7018195831781759
0.7033011382145535
0.7045605199493375
0.7055981460227718
0.7066557175943738
0.7077955909659032
0.7089831741772051
0.7102005070914282
0.7113957448023562
0.7124998434063916
0.713542037230883
0.7145848647533132
0.7156533477648821
0.7167766108297484
0.7179504959956085
0.7190868710088654
0.7200340385674451
0.720887759005413
0.7221138868714565
0.7232461141852157
0.7239840653922651
0.7252355070453885
0.7260115143424394
0.7266867749686359
0.7271443877848868
0.7267576250968767
0.726652891547704
0.7268058586967594
0.726651362877537
0.7264377557099813
0.7264175155020411
0.7262879957022124
0.7262819477263798
0.7264333843269564
0.7263240768531639
0.7263901032526645
0.726605416818177
0.7264961152619308
0.7266610270432213
0.7269545746311548
0.7268986713111256
0.7272354378731886
0.7275900094119391
0.7273982728131079
0.7276144715281245
0.7280379192694116
0.7280452486999733
0.7283045075501391
0.7287646598601717
0.7286669924970625
0.7291416962469861
0.729598339547082
0.7293734206595263
0.7302076006736069
0.7303442080188216
0.730398530221096
0.7312138737367289
0.7312921728935113
0.731453708739305
0.7323422686146237
0.7324350278124871
0.7325077812956415
0.7334189798796331
0.733655138661024
0.7339230450281331
0.7348096923188282
0.7348733796282123
0.7351502318210934
0.7360370655068873
0.736078262324477
0.7365086538294596
0.7374755425640315
0.7375592740106655
0.7381458014559746
0.7390635532256409
0.7389817208841231
0.7395660414951511
0.7405361096630334
0.7405897067589078
0.7412335912772311
0.7420900471838717
0.7421704279514356
0.7428976908340719
0.7437922172380611
0.7437377423867991
0.7446883669128577
0.7454619042927147
0.7454035803899688
0.7465461094014656
0.7470848623106452
0.747265167154821
0.7482632859125993
0.7489506128955081
0.7489660180946714
0.7502105119931171
0.7506995074903302
0.7508071703689895
0.7521487471785047
0.7524902525617678
0.7527074075029445
0.7540581264667726
0.7543766178180946
0.7546655034434989
0.7559288189864329
0.7562263598486789
0.7567347310208205
0.757960882435286
0.7580655657093555
0.7586407210363353
0.759927935373021
0.7600818714856593
0.7607706060141676
0.7619105372757434
0.7619369578584924
0.7627823420917987
0.7639782984051207
0.7639890177589371
0.7648366795336995
0.7659350522852153
0.7660178549319785
0.7669627674965458
0.7679431650763511
0.768040899845088
0.7690648737635679
0.7700086039328101
0.770044404350818
0.7712149166338255
0.772046358137076
0.7720731960586154
0.7734085277724556
0.7740068033443813
0.7742349734209251
0.7754695924515816
0.7761165361264786
0.7762637615559213
0.7776796434069074
0.7780834594889912
0.7784487813671545
0.7797497105770922
0.7801878844945626
0.7805122918369801
0.7819509695991791
0.7821558983438297
0.7827266636296888
0.784010702953848
0.7842437520633587
0.7848629312692172
0.7861099995880546
0.7863205386500324
0.7869974074259996
0.7882177649340499
0.7883739019144156
0.7891632497103278
0.7903040435540116
0.790413407130056
0.7913458874053878
0.7923936380945743
0.7924384897356678
0.7935026129839653
0.7944992863570667
0.7944943963833933
0.7956154424851055
0.7965686902115857
0.7965964228347027
0.7977362754107079
0.7985875764717278
0.7986943698865645
0.799874693244014
0.8005981393855135
0.8007748193729605
0.8019981095118771
0.8026189008601736
0.8028436573355731
0.8041019890034534
0.8046465626683631
0.804885764951329
0.8062279511412145
0.8066195682298904
0.8069657946942743
0.8083173805581695
0.8085749582053151
0.8090792627758391
0.8103311673454519
0.8105918253947467
0.8111145714663784
0.8123968145670561
0.8125387971422404
0.8131920489658044
0.8144139891979076
0.8144838791072557
0.8152824665987681
0.8163659184568736
0.8164878795702333
0.8172845256608113
0.8183827135345143
0.8184019934389974
0.8193514841915291
0.8203169137351773
0.8203550082520571
0.821380946433944
0.8222367445880048
0.8223126694692708
0.823375365128217
0.8241623701540973
0.8242403136610778
0.8253726689355924
0.8260606175291908
0.8261559099813505
0.8273770699209139
0.8278981389553005
0.828121047069641
0.8293043076623358
0.8297676157254188
0.8300491286031757
0.8312206258081454
0.8316288859643973
0.8319537651140299
0.8331315834077996
0.8334654879934841
0.833852340519099
0.8350242433695351
0.8352827039859321
0.8357453100344001
0.8368942011147563
0.8370854144396517
0.8376286562578231
0.8387426654707223
0.8388743610534731
0.8395000130866316
0.8405723830611318
0.8406453651159106
0.8413642555048242
0.8423797507627866
0.8423953803520254
0.8432346504532335
0.844140876359206
0.8441522296892747
0.845090122236375
0.8458570760314494
0.8459433085823116
0.8468711696712161
0.8476156688798381
0.84766147660451
0.8486950642207208
0.8492964564780735
0.849424797490031
0.8504476609918143
0.8510094723658489
0.8511251318264673
0.8522381125336389
0.8526413818143164
0.8528804228422262
0.8539469785391429
0.8543055325306619
0.854592988682622
0.8556469361900065
0.8559599811577856
0.8562729425852165
0.8573553883457806
0.8575683820188069
0.8579637546752868
0.8590343632908553
0.8591524362867116
0.8596654805197856
0.8606638684794674
0.8607430540970946
0.8613493535585942
0.8622583480580167
0.8623468383025202
0.862988772495364
0.8638565458663034
0.8639247034195219
0.8646112496586628
0.8654520116842963
0.865456857136758
0.8662634015706745
0.8669757009350417
0.8670266187399248
0.8678582849368974
0.868508073570019
0.868567674467411
0.8694447528553768
0.8700176375458606
0.8700968805781174
0.8710174062664683
0.8715021135934987
0.8716202922055745
0.8725716497443632
0.8729592045680703
0.8731524758177667
0.8740775097384298
0.8744354778577239
0.8746317517587702
0.8756092348581749
0.8758484715301662
0.876143404387756
0.877086480877024
0.8772651470874364
0.8776423555886316
0.8785273178804134
0.87869566095998
0.8790943813187991
0.8799828313591519
0.8800818837213245
0.8805549878469021
0.8814099029410619
0.8814469561431688
0.8820265322998927
0.882779852823784
0.8828427918623966
0.8834415514853552
0.8841667973241714
0.8841978671159737
0.88486241062615
0.8855225318368257
0.8855437938577123
0.8862759308201535
0.886842130790676
0.886902261535776
0.8876476427039303
0.8881684402333792
0.8882273579672492
0.889022727076422
0.889460915262914
0.889551972213989
0.8903802193372812
0.8907251143241722
0.8908890379749985
0.8916891344222084
0.8920070960337694
0.8921841708564309
0.893004773810791
0.8932587978385544
0.8934724569782846
0.8943090051243423
0.8944817066385006
0.894765978638259
0.8955831042540479
0.8956940849477384
0.8960534168464821
0.8968295562437448
0.8969008725737387
0.8973274208460122
0.8980540712351228
0.8981006095193139
0.89858644088211
0.8992592888500702
0.8992920077959823
0.8998305192750716
0.9004459422803042
0.9004750382634198
0.9010593395044472
0.9016144546402585
0.9016503363778627
0.9022718042313074
0.9027659113918491
0.9028183442309701
0.90346622128553
0.9039027538418383
0.9039779948409359
0.9046415439934364
0.9050285398161538
0.9051252281281983
0.9058005413959118
0.906144254557026
0.9062550578322173
0.9069516509816721
0.9072413195167573
0.9073727042982624
0.9080973591755428
0.9083080484103683
0.908498152156462
0.909215004657311
0.9093627044571866
0.9096254407346236
0.9102941947023956
0.9104326554693576
0.9107147495577921
0.9113811744130498
0.9114727470993663
0.9118044888752179
0.9124495528692866
0.9124944348231981
0.9129005996647163
0.913476229173797
0.9135368940479324
0.9139513315876251
0.9145225426737013
0.9145326539817767
0.9150287775791943
0.9155135968959369
0.9155586442853318
0.9160560048180482
0.9165252597078003
0.9165415697457788
0.9171040809790157
0.9174887356128567
0.9175488144893799
0.9181077476097752
0.9184668978353494
0.9185211179642645
0.9191229148693607
0.9194074190319274
0.9195079199546232
0.9201039415880268
0.9203514731456237
0.9204744418089664
0.92107857561886
0.9212794108273307
0.9214323637302393
0.9220442319850786
0.9221841288737974
0.9224000214435706
0.922971572459663
0.9231053311905483
0.9233303054053688
0.923912231835079
0.9239911025631916
0.9242719052166326
0.9248254255698325
0.9248706800511202
0.925210755922084
0.9257096068760646
0.9257594749111827
0.9261232605715966
0.9265902491793646
0.926636898076777
0.9270216237591089
0.9274648550477557
0.9274981047909543
0.927915018253245
0.9283241470481438
0.9283499657482723
0.9288010207771571
0.9291666497779674
0.9291967321472612
0.9296754966802209
0.9299947177719912
0.9300389912322184
0.9305364176108526
0.9308104119829613
0.9308763144476545
0.9313832518210694
0.9316146858540458
0.9317083892180811
0.9322162160379954
0.9324077488341573
0.9325348624487897
0.9330360933881766
0.9331896754855328
0.9333548228585699
0.9338439950690065
0.9339611266659388
0.9341666531100347
0.9346406758531857
0.9347237605181841
0.9349686594372129
0.9354258286621582
0.935479772698929
0.9357600624847374
0.9361981916396747
0.936230780603612
0.9365413354538148
0.9369565537812132
0.9369770963368099
0.9373135031833078
0.9377007079866745
0.9377180293889664
0.9380771608917631
0.9384315318013248
0.9384527253915236
0.9388321065699357
0.9391503917353353
0.9391806969700129
0.9395776597782417
0.9398585541746922
0.9399018019840588
0.9403131831631731
0.9405569161654399
0.9406159953774627
0.9410384397044094
0.9412458985682165
0.9413232637050505
0.9417536582945665
0.9419253054352028
0.942023976719952
0.9424591276090954
0.9425943646299537
0.9427195011056969
0.9431540951848217
0.9432527201601223
0.9434120322218669
0.9437642200555966
0.9439026860474374
0.944102023500037
0.9443226548859969
0.9444832798075149
0.9446828884155315
0.9448668888087578
0.9450437824838814
0.9452326258903769
0.9454093323573095
0.9455955691399631
0.9457677936687051
0.9459557919195498
0.9461308267381139
0.9463039062669236
0.9464953941869912
0.946655955966526
0.9468443018500114
0.9470180248640985
0.9471868645635728
0.9473730973884162
0.9475362023997127
0.9477189979535217
0.947886235961359
0.9480623979302152
0.9482353707342037
0.9484012366520632
0.9485837500378993
0.9487412707524783
0.94892206164695
0.9490887401281058
0.949252776609818
0.9494329517276012
0.9495888079942966
0.9497660090501094
0.9499298839040067
0.9500944014292436
0.9502679734553846
0.9504244485945628
0.9505990438346281
0.9507587419857182
0.9509224267350775
0.9510940515913932
0.9512466408493769
0.9514189696572143
0.9515797820271092
0.9517352954190356
0.9519088232347044
0.9520608588617082
0.9522226183198446
0.9523913988029898
0.9525398296964315
0.9527058260093042
0.9528685581937706
0.9530165469701359
0.9531838264972089
0.9533419152297669
0.9534900193610973
0.9536567088382599
0.9538121866494699
0.9539595999071778
0.9541247440452226
0.9542795327816054
0.9544252673968976
0.9545879368020195
0.9547437697021973
0.9548875979916928
0.9550461719111139
0.9552041764917237
0.9553475261438331
0.9554998866536518
0.9556593079980905
0.9558054690038102
0.9559508649891867
0.9561078148481307
0.9562598394330124
0.9564016911903696
0.9565507724961959
0.9567069619588779
0.9568524882161777
0.9569928936978164
0.9571451894411905
0.9572980525083858
0.9574377930022384
0.9575798869564097
0.957732875358302
0.9578805179641761
0.9580184914724027
0.9581613417867596
0.9583120708095295
0.9584574687543337
0.958593882314399
0.9587352743182518
0.9588853665801734
0.9590284244603954
0.9591624909865766
0.9593037985890521
0.9594520578303004
0.95959253889465
0.9597261529241987
0.9598658044170928
0.9600118799238269
