0.5737331631065248
0.5801394456163435
0.5804697271405691
0.5783566539427234
0.5754855873302614
0.5726404344441748
0.5701627786554317
0.5681676874957029
0.5666492951555245
0.5655324369343433
0.5646960718500807
0.5687176208670152
0.5689432596829376
0.5693480006083965
0.5699535233221784
0.5707968487551947
0.5719230887650779
0.5733776072078112
0.5751986736323706
0.5774116526021399
0.5800254610504908
0.5830315698844141
0.5864053810907541
0.5901094865024105
0.5940981470059918
0.5983223023310177
0.6027344753750087
0.607292974831135
0.6119646244615452
0.6167242996008885
0.6215459723952619
0.6263666722550382
0.6309510217363149
0.6343375183748844
0.6323485067801757
0.6149840217876116
0.6325785368235063
0.62208819333166
0.6393779118620815
0.6290379919393277
0.6299120989370461
0.633159670121477
0.6366359380432847
0.6398906020334018
0.6428529035437577
0.6455398347259761
0.6479854674874777
0.6502233455054993
0.652282702423193
0.6541883222897769
0.655961225651894
0.6576194039099678
0.6591784169784562
0.6606518399246166
0.662051587196078
0.6633881477191006
0.6646707585913091
0.6659075380078283
0.6671055919128047
0.6682711041282968
0.6694094162547711
0.6705251012033802
0.6716220325592845
0.6727034508808719
0.6737720273513543
0.6748299247956303
0.6758788558663512
0.676920138122796
0.677954745726649
0.6789833575263213
0.6800064013726024
0.6810240945875539
0.682036480585646
0.6830434617153196
0.6840448284473565
0.6850402850825723
0.6860294721855592
0.6870119859744265
0.6879873949100553
0.6889552537338152
0.6899151152014967
0.690866539754859
0.6918091033619332
0.6927424037442378
0.6936660651942328
0.6945797421705144
0.6954831218419792
0.6963759257360244
0.6972579106300807
0.6981288688107282
0.6989886278104529
0.6998370497189008
0.7006740301533219
0.701499496961796
0.7023134087227753
0.7031157530954347
0.7039065450672464
0.7046858251380081
0.7054536574732252
0.7062101280541629
0.7069553428470222
0.7076894260094416
0.7084125181488674
0.7091247746441565
0.7098263640390774
0.7105174665140436
0.7111982724404723
0.7118689810204833
0.7125297990132909
0.7131809395484785
0.7138226210254015
0.7144550660972002
0.7150785007372807
0.7156931533856373
0.7162992541720069
0.7168970342125792
0.7174867249767622
0.7180685577203931
0.7186427629816879
0.7192095701362036
0.7197692070070993
0.7203218995270112
0.720867871447937
0.7214073440956121
0.7219405361649566
0.7224676635532998
0.7229889392282143
0.72350457312692
0.7240147720843695
0.7245197397872519
0.7250196767513106
0.7255147803195018
0.7260052446786691
0.7264912608925391
0.7269730169489926
0.727450697819684
0.7279244855302179
0.7283945592392186
0.728861095324738
0.7293242674765733
0.7297842467931709
0.7302412018818965
0.7306952989615575
0.7311467019661559
0.7315955726489433
0.7320420706859333
0.7324863537781127
0.7329285777516664
0.7333688966556086
0.733807462856276
0.7342444271282128
0.7346799387410266
0.7351141455418634
0.7355471940331959
0.7359792294456717
0.7364103958058172
0.7368408359984313
0.7372706918235501
0.7377001040478952
0.7381292124507554
0.7385581558642843
0.7389870722082256
0.7394160985190973
0.7398453709739028
0.7402750249084484
0.7407051948303663
0.741136014426968
0.7415676165680568
0.7420001333038518
0.742433695858176
0.7428684346170819
0.7433044791130855
0.743741958005192
0.7441809990548983
0.7446217290983599
0.7450642740149125
0.745508758692138
0.7459553069876615
0.7464040416878712
0.746855084463735
0.7473085558239013
0.7477645750652521
0.748223260221078
0.7486847280070363
0.7491490937650415
0.7496164714052437
0.7500869733462197
0.7505607104535194
0.7510377919766787
0.7515183254848171
0.7520024168009206
0.7524901699349061
0.7529816870155546
0.7534770682213903
0.7539764117105796
0.7544798135499097
0.7549873676429075
0.7554991656571474
0.7560152969507948
0.7565358484984253
0.7570609048161571
0.7575905478861307
0.7581248570803663
0.7586639090840319
0.7592077778181506
0.7597565343617788
0.7603102468736904
0.7608689805135996
0.7614327973629644
0.7620017563454172
0.7625759131468687
0.7631553201353468
0.7637400262806352
0.7643300770737828
0.7649255144465724
0.765526376691038
0.7661326983791394
0.7667445102827067
0.7673618392937878
0.767984708345534
0.7686131363337859
0.7692471380395174
0.7698867240523266
0.7705319006951598
0.7711826699504807
0.7718390293881031
0.7725009720949145
0.7731684866067423
0.7738415568426102
0.7745201620416562
0.7752042767029854
0.7758938705287406
0.7765889083706857
0.7772893501805992
0.7779951509647787
0.7787062607429671
0.7794226245120079
0.7801441822145389
0.7808708687130324
0.7816026137694899
0.7823393420310892
0.7830809730220794
0.7838274211422075
0.7845785956719551
0.7853344007848453
0.7860947355670682
0.7868594940446583
0.7876285652184384
0.788401833106922
0.78917917679735
0.7899604705050087
0.7907455836409537
0.7915343808882384
0.7923267222867172
0.7931224633264619
0.793921455049804
0.7947235441619804
0.7955285731503289
0.7963363804119472
0.7971468003896952
0.7979596637163842
0.7987747973669655
0.7995920248184959
0.8004111662176159
0.8012320385552557
0.8020544558482371
0.8028782293274087
0.8037031676319276
0.804529077009255
0.8053557615204112
0.8061830232499998
0.807010662520486
0.8078384781101765
0.8086662674743339
0.809493826968817
0.8103209520756239
0.8111474376296843
0.8119730780462243
0.8127976675480042
0.813621000391704
0.8144428710927101
0.8152630746475319
0.8160814067530513
0.8168976640217815
0.8177116441922888
0.8185231463338841
0.8193319710446788
0.8201379206420375
0.8209407993444201
0.8217404134435594
0.8225365714658387
0.8233290843216687
0.8241177654415582
0.8249024308974756
0.8256828995079417
0.8264589929251529
0.8272305357022164
0.8279973553383576
0.8287592822996585
0.8295161500125422
0.8302677948267978
0.8310140559444193
0.8317547753099195
0.8324897974570166
0.8332189693056761
0.833942139902376
0.8346591600950988
0.835369882132907
0.8360741591779413
0.8367718447152448
0.8374627918428502
0.838146852421004
0.8388238760551318
0.8394937088821
0.84015619212349
0.8408111603630622
0.8414584394986988
0.8420978443127638
0.8427291756007977
0.8433522168005039
0.843966730078311
0.8445724518734883
0.8451690879971177
0.8457563085883952
0.8463337436488375
0.8469009807170033
0.8474575679452145
0.8480030293066522
0.8485369058725245
0.8490588524926673
0.8495688531520253
0.850067696041223
0.8505580356408858
0.8510468374779464
0.8515512366742714
0.8521131976728725
0.8528368944809811
0.8539704737285907
0.8558033628445081
0.8548918524886334
0.8570776056895296
0.8561260484599258
0.8565008855536416
0.8568432042645603
0.8585059693427818
0.859450610144009
0.8600435481784855
0.860497932989584
0.8608992132051939
0.8612810587315675
0.8616568444641866
0.862031747347736
0.8624075392507032
0.8627845698209029
0.8631626166564428
0.8635412574958192
0.8639200329480127
0.8642985149509259
0.8646763322556312
0.8650531764480573
0.8654287994903677
0.8658030079469723
0.8661756562998554
0.8665466404306787
0.8669158917072455
0.8672833718071847
0.8676490682719327
0.8680129907254511
0.8683751676728765
0.8687356437934622
0.8690944776493328
0.8694517397414651
0.8698075108545539
0.8701618806418806
0.8705149464095914
0.8708668120668386
0.8712175872141323
0.8715673863471177
0.8719163281569968
0.8722645349120982
0.8726121319077811
0.872959246974058
0.8733060100321205
0.8736525526924337
0.8739990078882754
0.874345509539596
0.8746921922429108
0.8750391909836092
0.8753866408676455
0.875734676870043
0.8760834335980452
0.8764330450670748
0.8767836444879424
0.8771353640639882
0.877488334797025
0.8778426863011345
0.8781985466235016
0.878556042071604
0.8789152970461599
0.8792764338793541
0.8796395726779118
0.8800048311706744
0.8803723245603801
0.8807421653794048
0.8811144633492601
0.8814893252436825
0.8818668547551824
0.8822471523649505
0.8826303152160389
0.883016436989761
0.8834056077852774
0.8837979140023403
0.8841934382271971
0.8845922591216588
0.8849944513153549
0.885400085301211
0.8858092273341803
0.8862219393332924
0.8866382787870681
0.8870582986623731
0.8874820473167763
0.887909568414501
0.8883409008460417
0.8887760786515488
0.8892151309480617
0.8896580818607007
0.8901049504579109
0.8905557506908688
0.8910104913371556
0.8914691759488138
0.891931802804895
0.8923983648686163
0.8928688497492435
0.8933432396688156
0.8938215114338314
0.8943036364120178
0.8947895805142944
0.8952793041820556
0.895772762379887
0.8962699045938295
0.896770674835303
0.897275011650805
0.8977828481374859
0.898294111964705
0.8988087254016698
0.8993266053512465
0.8998476633900382
0.9003718058147999
0.9008989336952828
0.9014289429335575
0.9019617243298896
0.9024971636552128
0.9030351417302395
0.9035755345112433
0.9041182131825367
0.9046630442556449
0.9052098896751866
0.9057586069314344
0.9063090491795398
0.9068610653653731
0.9074145003579309
0.9079691950882383
0.908524986694666
0.9090817086745644
0.9096391910421008
0.9101972604921712
0.910755740570245
0.9113144518479799
0.9118732121044347
0.9124318365126859
0.912990137831642
0.913547926602833
0.9141050113519353
0.9146611987947799
0.9152162940475733
0.9157701008410467
0.9163224217382416
0.9168730583556095
0.9174218115871134
0.9179684818309827
0.9185128692187801
0.9190547738464164
0.9195939960067446
0.9201303364233494
0.9206635964851497
0.9211935784814126
0.9217200858367783
0.9222429233458883
0.9227618974072035
0.9232768162555957
0.923787490193296
0.9242937318187819
0.92479535625318
0.925292181363773
0.9257840279841943
0.9262707201308972
0.9267520852154977
0.9272279542525909
0.9276981620626467
0.9281625474696075
0.9286209534928113
0.9290732275328819
0.9295192215512353
0.9299587922428678
0.9303918012021043
0.9308181150810007
0.9312376057401103
0.9316501503913434
0.9320556317326636
0.9324539380743863
0.9328449634568604
0.9332286077593437
0.9336047767998854
0.9339733824260718
0.934334342596494
0.9346875814528303
0.9350330293824523
0.9353706230714863
0.9357003055482879
0.9360220262173025
0.9363357408833155
0.9366414117661098
0.9369390075055762
0.9372285031573399
0.9375098801789897
0.9377831264070161
0.9380482360245855
0.9383052095202948
0.9385540536380755
0.938794781318428
0.9390274116311873
0.9392519697000411
0.9394684866190305
0.9396769993612856
0.9398775506802572
0.9400701890037227
0.940254968320853
0.9404319480626423
0.9406011929760103
0.9407627729918965
0.9409167630876715
0.9410632431442056
0.9412022977979296
0.9413340162882363
0.9414584923005715
0.9415758238055693
0.9416861128945806
0.9417894656119566
0.9418859917844374
0.9419758048480026
0.9420590216725339
0.942135762384642
0.9422061501890001
0.9422703111885254
0.9423283742037464
0.9423804705916816
0.9424267340645561
0.9424673005086688
0.9425023078037155
0.9425318956428708
0.9425562053539123
0.9425753797216699
0.9425895628120686
0.9425988997980207
0.9426035367874185
0.9426036206534603
0.942599298867538
0.9425907193348956
0.9425780302332619
0.9425613798546467
0.9425409164504771
0.9425167880802371
0.9444381315239404
0.9444717934904813
0.9444995633992626
0.9445216027516714
0.9445380679545646
0.9445491104822705
0.944554877041143
0.9445555097347723
0.9445511462283561
0.9445419199110688
0.9445279600555153
0.9445093919735832
0.9444863371681783
0.9444589134804696
0.9444272352323879
0.9443914133642142
0.9443515555671708
0.9443077664109836
0.9442601474664389
0.9442087974229918
0.9441538122015071
0.9440952850622517
0.9440333067082549
0.9439679653841834
0.9438993469708716
0.9438275350756654
0.9437526111187318
0.943674654415494
0.9435937422553492
0.9435099499768232
0.9434233510393147
0.943334017091581
0.9432420180371085
0.9431474220965103
0.943050295867089
0.9429507043796937
0.9428487111530011
0.9427443782453415
0.9426377663041858
0.9425289346134087
0.9424179411384304
0.942304842569345
0.9421896943621275
0.9420725507780191
0.9419534649211719
0.9418324887746459
0.941709673234832
0.941585068144383
0.9414587223237201
0.9413306836011903
0.9412009988419368
0.941069713975544
0.9409368740225216
0.9408025231196783
0.9406667045444441
0.9405294607381893
0.9403908333285884
0.9402508631510774
0.9401095902694454
0.939967053995604
0.9398232929085732
0.9396783448727216
0.9395322470552943
0.9393850359432667
0.9392367473595518
0.9390874164785944
0.938937077841379
0.9387857653698811
0.9386335123809858
0.9384803515999
0.938326315173082
0.938171434680708
0.9380157411487026
0.9378592650603463
0.9377020363674852
0.9375440845013574
0.9373854383830562
0.9372261264336442
0.9370661765839364
0.9369056162839643
0.9367444725121383
0.9365827717841204
0.9364205401614191
0.9362578032597209
0.9360945862569683
0.9359309139011969
0.9357668105181398
0.9356023000186123
0.9354374059056835
0.9352721512816469
0.9351065588547954
0.9349406509460125
0.9347744494951833
0.9346079760674374
0.9344412518592276
0.9342742977042513
0.9341071340792231
0.9339397811095033
0.9337722585745881
0.9336045859134677
0.9334367822298555
0.9332688662972985
0.9331008565641683
0.9329327711585393
0.9327646278929599
0.9325964442691179
0.9324282374824087
0.9322600244264037
0.9320918216972289
0.9319236455978526
0.9317555121422881
0.9315874370597134
0.9314194357985103
0.9312515235302288
0.9310837151534741
0.9309160252977252
0.9307484683270818
0.9305810583439471
0.9304138091926429
