0.9233162121742433
0.9227375053311838
0.922137459160645
0.9214917192556219
0.9208174575897272
0.9200803290120193
0.9192973884707847
0.918440573149555
0.9175514045730551
0.9165853706123109
0.9155679059846533
0.914443746834491
0.9132457417593496
0.9119963315840728
0.9105557269262988
0.9090529174454863
0.9074549555842659
0.9057371844453707
0.9038296305329312
0.901703305756676
0.9090732540506873
0.9152724019667314
0.9196498321451442
0.92278396523306
0.9250328161903817
0.9266842203429291
0.9279004405607376
0.928837419218028
0.9295559989047039
0.930136613017006
0.9305861261646348
0.9309583703533145
0.9353238604839373
0.935633498324915
0.9358717754486382
0.936126534263076
0.9362764532226387
0.9364453720329041
0.9366131974188211
0.936738971427988
0.9368760939380785
0.9369946220165429
0.9371387111102365
0.9377196354772893
0.9373802077461715
0.9374847446446571
0.9376032000114957
0.9377148871791666
0.9378431305639912
0.9379558049691106
0.9380738749699687
0.940635845626362
0.9406640759839803
0.9407290802717946
0.9407766868875144
0.9408656575798877
0.9409726080803172
0.9411432471574166
0.9411972229800905
0.9413192057975528
0.941399171061067
0.941579719411418
0.9417096192053191
0.9418485957484526
0.9419698704093861
0.9421076099403711
0.9422402112040899
0.9423917613313074
0.9425298520921881
0.9426732607787717
0.9428025031481249
0.9429496576203719
0.9430914299830108
0.9432475085131113
0.9433875140558952
0.9435339304567644
0.9436488637192498
0.9438199802790512
