0.6180794417999119
0.6083244480798754
0.6001154448088899
0.5933335825129259
0.5876393152966185
0.5829974927530975
0.5793752493499456
0.5765224533641308
0.5744479228068122
0.5730423435294419
0.5721842418263468
0.5717691325458354
0.5717513562027374
0.5720889860749662
0.5728000530442776
0.573830317342039
0.5751541489786659
0.5767556374389544
0.578513301289457
0.5803704231143958
0.5824085066125338
0.5845659987108266
0.586860263425776
0.5892825503516123
0.5917494377126445
0.5942811051668702
0.5968780065278941
0.599531274390807
0.6022278216628708
0.6049702371375878
0.6077112159061938
0.6104176170345122
0.6131155627849124
0.6157447852979007
0.6183067631269583
0.6208715384367373
0.6233515315223888
0.6258033738664392
0.6282327124820973
0.6306177535590562
0.6329138321496088
0.6352000281014276
0.6374125363542223
0.6395543638350285
0.6416521003783676
0.643678858548795
0.6456735769934807
0.6475594670377609
0.6493858226910261
0.6511953456681342
0.6528811242504909
0.6545308693436572
0.656203590411679
0.6578240045319198
0.6593640618860039
0.6609096794189016
0.6623973024862383
0.6637957176038243
0.6651499861297108
0.6664553254824341
0.6677080826069457
0.6688836442504785
0.6700019054487032
0.6710801960868115
0.6720948874040684
0.673046210473739
0.6739548519563381
0.6748290492972535
0.6756380922244535
0.6764243078684544
0.67717187760492
0.6778948826585068
0.6785703401121211
0.6792253971748093
0.6798347587712175
0.6804245614866534
0.680959911635702
0.6814713980401014
0.6819442985440392
0.682391660536351
0.6828078730724122
0.6832112892186029
0.6835856443675661
0.6839335306419785
0.6842376560162032
0.6845215483221199
0.6847695919590163
0.6849901882623657
0.685190808404106
0.6853803057083114
0.6855483076013501
0.6856978091834774
0.6858286116875421
0.6859384878247404
0.6860291303458739
0.6860981163909309
0.6861474898903166
0.7307241100977251
0.7307241100977251
0.7307241100977251
0.7307241100977251
0.7307241100977251
0.7307241100977251
0.7307241100977251
0.7307241100977251
0.7307241100977251
0.7307241100977251
0.7307241100977251
0.7307241100977251
0.7307241100977251
0.7307241100977251
0.7307241100977251
0.7307241100977251
0.7307241100977251
0.7307241100977251
0.7307241100977251
0.7307241100977251
0.7307241100977251
0.7307241100977251
0.7307241100977251
0.7307241100977251
0.7307241100977251
0.7307241100977251
0.7307241100977251
0.7307241100977251
0.7307241100977251
0.7307241100977251
0.7307241100977251
0.7307241100977251
0.7307241100977251
0.7307241100977251
0.7307241100977251
0.7307241100977251
0.7307241100977251
0.7307241100977251
0.7307241100977251
0.7307241100977251
0.7307241100977251
0.7307241100977251
0.7307241100977251
0.7307241100977251
0.7307241100977251
0.7307241100977251
0.7307241100977251
0.7307241100977251
0.7307241100977251
0.7307241100977251
0.7307241100977251
0.7307241100977251
0.7307241100977251
0.7307241100977251
0.7307241100977251
0.7307241100977251
0.7307241100977251
0.7307241100977251
0.7307241100977251
0.7307241100977251
0.7307241100977251
0.7307241100977251
0.7307241100977251
0.7307241100977251
0.7307241100977251
0.7307241100977251
0.7307241100977251
0.7307241100977251
0.7307241100977251
0.7307241100977251
0.7307241100977251
0.7307241100977251
0.7307241100977251
0.7307241100977251
0.7307241100977251
0.7307241100977251
0.7307241100977251
0.7307241100977251
0.7307241100977251
0.7307241100977251
0.7307241100977251
0.7307241100977251
0.7307241100977251
0.7307241100977251
0.7307241100977251
0.7307241100977251
0.7307241100977251
0.7307241100977251
0.7307241100977251
0.7307241100977251
0.7307241100977251
0.7307241100977251
0.7307241100977251
0.7307241100977251
0.7307241100977251
0.7307241100977251
0.7307241100977251
0.7307241100977251
0.7307241100977251
0.7307241100977251
0.7307241100977251
0.7307241100977251
0.7307241100977251
0.7307241100977251
0.7307241100977251
0.7307241100977251
0.7307241100977251
0.7307241100977251
0.7307241100977251
0.7307241100977251
0.7307241100977251
0.7307241100977251
0.7307241100977251
0.7307241100977251
0.7307241100977251
0.7307241100977251
0.7307241100977251
0.7307241100977251
0.7307241100977251
0.7307241100977251
0.7307241100977251
0.7307241100977251
0.7307241100977251
0.7307241100977251
0.8029949716802245
0.8029949716802245
0.8029949716802245
0.8029949716802245
0.8029949716802245
0.8029949716802245
0.8029949716802245
0.8029949716802245
0.8029949716802245
0.8029949716802245
0.8029949716802245
0.8029949716802245
0.8029949716802245
0.8029949716802245
0.8029949716802245
0.8029949716802245
0.8029949716802245
0.8029949716802245
0.8029949716802245
0.8029949716802245
0.8029949716802245
0.8029949716802245
0.8029949716802245
0.8029949716802245
0.8029949716802245
0.8029949716802245
0.8029949716802245
0.8029949716802245
0.8029949716802245
0.8029949716802245
0.8029949716802245
0.8029949716802245
0.8029949716802245
0.8029949716802245
0.8029949716802245
0.8193820478577086
0.8193820478577086
0.8193820478577086
0.8193820478577086
0.8193820478577086
0.8193820478577086
0.8193820478577086
0.8193820478577086
0.8193820478577086
0.8193820478577086
0.8193820478577086
0.8193820478577086
0.8193820478577086
0.8193820478577086
0.8193820478577086
0.8193820478577086
0.8193820478577086
0.8193820478577086
0.8193820478577086
0.8193820478577086
0.8193820478577086
0.8193820478577086
0.8193820478577086
0.8193820478577086
0.8193820478577086
0.8193820478577086
0.8193820478577086
0.8193820478577086
0.8193820478577086
0.8193820478577086
0.8193820478577086
0.8193820478577086
0.8193820478577086
0.8193820478577086
0.8193820478577086
0.8193820478577086
0.8193820478577086
0.8193820478577086
0.8193820478577086
0.8193820478577086
0.8193820478577086
0.8193820478577086
0.8193820478577086
0.8193820478577086
0.8193820478577086
0.8193820478577086
0.8193820478577086
0.8193820478577086
0.8193820478577086
0.8193820478577086
0.8193820478577086
0.8193820478577086
0.8193820478577086
0.8193820478577086
0.8193820478577086
0.8193820478577086
0.8193820478577086
0.8193820478577086
0.8193820478577086
0.8193820478577086
0.8193820478577086
0.8193820478577086
0.8193820478577086
0.8193820478577086
0.8193820478577086
0.8193820478577086
0.8193820478577086
0.8193820478577086
0.8193820478577086
0.8193820478577086
0.8193820478577086
0.8193820478577086
0.8193820478577086
0.8193820478577086
0.8193820478577086
0.8193820478577086
0.8193820478577086
0.8193820478577086
0.8193820478577086
0.8193820478577086
0.8193820478577086
0.8193820478577086
0.8193820478577086
0.8193820478577086
0.8193820478577086
0.8193820478577086
0.8193820478577086
0.8193820478577086
0.8193820478577086
0.8193820478577086
0.8193820478577086
0.8193820478577086
0.8193820478577086
0.8193820478577086
0.8193820478577086
0.8193820478577086
0.8193820478577086
0.8193820478577086
0.8193820478577086
0.8193820478577086
0.8193820478577086
0.8193820478577086
0.8193820478577086
0.8193820478577086
0.8193820478577086
0.8193820478577086
0.8193820478577086
0.8193820478577086
0.8193820478577086
0.8193820478577086
0.8193820478577086
0.9068520454816555
0.9068520454816555
0.9068520454816555
0.9068520454816555
0.9068520454816555
0.9068520454816555
0.9068520454816555
0.9068520454816555
0.9068520454816555
0.9068520454816555
0.9068520454816555
0.9068520454816555
0.9068520454816555
0.9068520454816555
0.9068520454816555
0.9068520454816555
0.9068520454816555
0.9068520454816555
0.9068520454816555
0.9068520454816555
0.9068520454816555
0.9068520454816555
0.9068520454816555
0.9068520454816555
0.9068520454816555
0.9068520454816555
0.9068520454816555
0.9068520454816555
0.9068520454816555
0.9068520454816555
0.9068520454816555
0.9068520454816555
0.9068520454816555
0.9068520454816555
0.9068520454816555
0.9068520454816555
0.9068520454816555
0.9068520454816555
0.9068520454816555
0.9068520454816555
0.9068520454816555
0.9068520454816555
0.9068520454816555
0.9068520454816555
0.9068520454816555
0.9068520454816555
0.9068520454816555
0.9068520454816555
0.9068520454816555
0.9068520454816555
0.9068520454816555
0.9068520454816555
0.9068520454816555
0.9068520454816555
0.9068520454816555
0.9068520454816555
0.9068520454816555
0.9068520454816555
0.9068520454816555
0.9068520454816555
0.9068520454816555
0.9068520454816555
0.9068520454816555
0.9068520454816555
0.9068520454816555
0.9068520454816555
0.9068520454816555
0.9068520454816555
0.9068520454816555
0.9068520454816555
0.9068520454816555
0.9068520454816555
0.9068520454816555
0.9068520454816555
0.9068520454816555
0.9068520454816555
0.9068520454816555
0.9068520454816555
0.9068520454816555
0.9068520454816555
0.9068520454816555
0.9068520454816555
0.9068520454816555
0.9068520454816555
0.9068520454816555
0.9068520454816555
0.9068520454816555
0.9068520454816555
0.9068520454816555
0.9068520454816555
0.9068520454816555
0.9068520454816555
0.9068520454816555
0.9068520454816555
0.9068520454816555
0.9068520454816555
0.9068520454816555
0.9068520454816555
0.9068520454816555
0.9068520454816555
0.9068520454816555
0.9068520454816555
0.9068520454816555
0.9068520454816555
0.9068520454816555
0.9068520454816555
0.9068520454816555
0.9068520454816555
0.9068520454816555
0.9068520454816555
0.9068520454816555
0.9068520454816555
0.9068520454816555
0.9068520454816555
0.9068520454816555
0.9068520454816555
0.9068520454816555
0.9068520454816555
0.9068520454816555
0.9068520454816555
0.9068520454816555
0.9068520454816555
0.9068520454816555
0.9068520454816555
0.9068520454816555
0.9068520454816555
0.9068520454816555
0.9068520454816555
0.9068520454816555
0.9068520454816555
0.9068520454816555
0.9068520454816555
0.9068520454816555
0.9068520454816555
0.9068520454816555
0.9068520454816555
0.9068520454816555
0.9068520454816555
0.9068520454816555
0.9068520454816555
0.9068520454816555
0.9068520454816555
0.9068520454816555
0.9068520454816555
0.9068520454816555
0.9068520454816555
0.9068520454816555
0.9068520454816555
0.9068520454816555
0.9068520454816555
0.9068520454816555
0.9068520454816555
0.9068520454816555
0.9068520454816555
0.9068520454816555
0.9068520454816555
0.9068520454816555
0.9068520454816555
0.9068520454816555
0.9068520454816555
0.9068520454816555
0.9068520454816555
0.9068520454816555
0.9068520454816555
0.9068520454816555
0.9068520454816555
0.9068520454816555
0.9068520454816555
0.9068520454816555
0.9068520454816555
0.9068520454816555
0.9068520454816555
0.9068520454816555
0.9068520454816555
0.9068520454816555
0.9068520454816555
0.9068520454816555
0.9068520454816555
0.9068520454816555
0.9068520454816555
0.9068520454816555
0.9068520454816555
0.9068520454816555
0.9068520454816555
0.9068520454816555
0.9068520454816555
0.9068520454816555
0.9068520454816555
0.9068520454816555
0.9068520454816555
0.9068520454816555
0.9068520454816555
0.9068520454816555
0.9068520454816555
0.9068520454816555
0.9068520454816555
0.9068520454816555
0.9068520454816555
0.9068520454816555
0.9068520454816555
0.9068520454816555
0.9068520454816555
0.9068520454816555
0.9068520454816555
0.9068520454816555
0.9068520454816555
0.9068520454816555
0.9068520454816555
0.9068520454816555
0.9068520454816555
0.9068520454816555
0.9068520454816555
0.9068520454816555
0.9068520454816555
0.9068520454816555
0.9068520454816555
0.9068520454816555
0.9068520454816555
0.9068520454816555
0.9068520454816555
0.9068520454816555
0.9068520454816555
0.9068520454816555
0.9068520454816555
0.9068520454816555
0.9068520454816555
0.9068520454816555
0.9068520454816555
0.9068520454816555
0.9068520454816555
0.9068520454816555
0.9068520454816555
0.9068520454816555
0.9068520454816555
0.9068520454816555
0.9068520454816555
0.9068520454816555
0.9068520454816555
0.9068520454816555
0.9068520454816555
0.9068520454816555
0.9068520454816555
0.9068520454816555
0.9068520454816555
0.9068520454816555
0.9068520454816555
0.9068520454816555
