0.5595145625281706
0.5221137320447654
0.4718113891329985
0.44254650411913476
0.45584469196070515
0.4833069108439375
0.4985808412244782
0.4955362731557643
0.4810400212262431
0.4625461188410536
0.4860010901398176
0.5048916225067962
0.5196553353022849
0.5220392491172698
0.24163397422500982
0.621146384232538
0.5841714298126173
0.5549321178905402
0.555969045969414
0.56440234782836
0.5660885054119529
0.5644966172371806
0.5667179784069014
0.5742469155597485
0.5850100245281612
0.5941681588173984
0.5980996339038376
0.5986881577813727
0.6004740047738324
0.6046910772741759
0.6133259744173698
0.6201945897185234
0.624283237016498
0.6243580480285509
0.6239124350413631
0.6271623054947454
0.6331251266322183
0.640134901758232
0.6449655909508858
0.6459295494303566
0.6458203613933355
0.6465419153407657
0.6507543975406094
0.656361528485394
0.6607936154352452
0.6628768454204155
0.6633063243005811
0.664154995376755
0.6675338967336272
0.6721015563990221
0.6782747923660147
0.6793639635011864
0.6821661343317955
0.6832729329408629
0.6862417950740289
0.6861682813261765
0.6894377634353694
0.69368985356841
0.6947785337161247
0.6947792641070591
0.6943543746748713
0.696296121987494
0.6988431106812099
0.7014908923466575
0.7026373574191748
0.7029844111906841
0.7034341781416397
0.7049910404246907
0.7076973942843146
0.7102796566401389
0.711882729571886
0.7129528380263298
0.7133416954596433
0.7141676574339649
0.7163993697822482
0.7186286295732961
0.7203994986011981
0.7208355975777959
0.7211373915771823
0.7217983410683498
0.7235471000872485
0.7281861571734443
0.7331590114159104
0.7329236052629928
0.7338008576985946
0.7332681923072699
0.7364930564962073
0.7388752784819275
0.736058761361087
0.737287738295546
0.7365475803524605
0.7374354306116447
0.7380364158099418
0.7384475911939301
0.7396416556131462
0.7419496251066532
0.7421055519906005
0.7422998297192956
0.7451825273625968
0.7481043991991753
0.7470338243994207
0.7498090018056709
0.7470623552149155
0.7471292383517478
0.7460160246559616
0.7479641674273378
0.751423794732217
0.752125619790214
0.7545844048015282
0.7520749692057603
0.7523633755228537
0.7526840543691636
0.7526666803335854
0.7538814587704384
0.7555408617975745
0.7556646540117187
0.7558068842459461
0.7615755269193312
0.7573284517443146
0.7611713365934982
0.7644490410378861
0.7609779710582405
0.7638747602803441
0.7637534453808708
0.7641350046871206
0.7634941003313934
0.7628924316778884
0.7671194409178248
0.7655932506445902
0.7672311404773599
0.7682413068596903
0.7879188450199092
0.8003741696924932
0.8119971756270652
0.7813321742934766
0.7706908395336838
0.7752013996929441
0.7765189505443365
0.769633853875053
0.7694695117781484
0.7695488455515768
0.7737312127059365
0.7755243051338588
0.7828594287637499
0.7781802035757284
0.7769822730416068
0.7755371405077329
0.773765961291597
0.7757729925619955
0.7718650694811631
0.7734172321020711
0.7744491547170496
0.7751254439749096
0.7747773402819697
0.7739925828948885
0.7742835321294237
0.7748255483433876
0.7756353412843882
0.7761606195492691
0.7766499831861395
0.7782321855324181
0.7806018217602801
0.7807698896995181
0.7814432765345711
0.7795463037739987
0.7800261844322764
0.7824302798803376
0.7801695808298308
0.7798597831123368
0.7823718846069464
0.794102572875263
0.8042058868078389
0.8092160681736782
0.7944739325483627
0.7838008283330077
0.7854722200836537
0.7840054351259386
0.7841418068710173
0.7866351233538469
0.7886879316930575
0.7884187666595118
0.7870672347052866
0.7843561836585111
0.786179428979154
0.7875420389188577
0.787775976843157
0.7880421206424627
0.7958518371265051
0.8127391003566963
0.8122284661071888
0.7993003885774738
0.7959878202026476
0.7941628807511542
0.8060603431948685
0.7992521265757523
0.7941127641537953
0.7996904280554129
0.8093649130481616
0.806290163886102
0.7902324354388018
0.7917934483226318
0.7934449647130639
0.7927652281348363
0.7945736260130429
0.7972313916274176
0.7928024159397966
0.7992535534862876
0.8096355910921119
0.8065662920126363
0.8169928918315287
0.8358442489196773
0.8574843603357887
0.8331255692913591
0.8009729490476214
0.7987439911763424
0.8002464863204802
0.8013060695128248
0.7940337995523952
0.7939711566679767
0.7957823298485762
0.797003334081599
0.7963996939435296
0.8031955207057219
0.7961241014225489
0.7946747369103548
0.7973217287221334
0.7972586492012
0.7961312878126872
0.7991856284653532
0.7970293709843431
0.800414013752871
0.8031755828828601
0.800764517833447
0.8037367026341187
0.7968450204518092
0.8032321645408148
0.8064225895794314
0.8003152105565389
0.7991526472846333
0.7988382010689729
0.7996718120842755
0.8020701973532764
0.8027122843399448
0.7986794200778708
0.7977300396989141
0.7993962261597879
0.8043278052073418
0.8096877618895415
0.8125553344375649
0.806785221328637
0.8081693607983387
0.8086398951215036
0.8116989054598857
0.8215228896701696
0.8231278319305859
0.8119118274994441
0.8045456675717734
0.8444452901874544
0.8549378423608207
0.8445875111445702
0.8396420486728791
0.808859067898006
0.8218223797665635
0.820234956409311
0.8128841773567197
0.8094034610329186
0.8031293805168677
0.8034079390165441
0.8052969655776155
0.8062542177788871
0.8043098337182745
0.8044737787143669
0.8027918375094252
0.8183877591625902
0.8126989885412103
0.8142409409311293
0.813637179799165
0.8149600378984785
0.8038213464012031
0.803959513292488
0.8205255816671769
0.8971240712778862
0.9208389246560972
0.8947812718006932
0.8564402830530992
0.8110493396211038
0.8182074074695811
0.8842808051018928
0.8778802976940115
0.878888862092539
0.8404706685321468
0.8601369852358813
0.8636437656142434
0.8845225395140273
0.8467333536438933
0.8280354783636273
0.8361748648574451
0.8179995179698301
0.8161828317386038
0.8105493983999646
0.8074570536495896
0.8113052406717914
0.8129975834970886
0.8081253443734713
0.8120576332915821
0.8118025738059715
0.8138972721284911
0.8232393164397459
0.8220334909148528
0.8270118671583889
0.8330887867474698
0.809191135150396
0.809090008114088
0.8104000860195114
0.8461153726748649
0.8613803966256902
0.8447701365905421
0.8430681157822161
0.8336070238709046
0.8343190285638846
0.8119952917376644
0.8111450065966106
0.8134608510413223
0.8101205573753948
0.8106308998883336
0.8111262379120904
0.8224635251088038
0.8422278262074121
0.8500587640094422
0.8347266449954543
0.8190490671541053
0.8552637931933171
0.8704941018533412
0.8544844981054978
0.8426882949937373
0.8575623150693714
0.8594031135044882
0.8601262181348779
0.8573374223521779
0.8715738207680561
0.8461171004756117
0.831333690947551
0.8139836665446846
0.8136060056935781
0.8179258283926479
0.8181202236901716
0.8199519250829937
0.8269786914676689
0.8301137800495625
0.8161224566842447
0.8124412981811925
0.8230298421711637
0.8196114179091422
0.8191835501124212
0.823623155334763
0.842598088896363
0.8322473281523501
0.824455099793991
0.8434267895981341
0.8532615598212901
0.8456276397853765
0.833589083551078
0.8219386680115973
0.8243879880659144
0.8328270564692746
0.8487456426487341
0.8217716791386798
0.8221988159174338
0.8161741915081347
0.8156809718580234
0.8160435308101319
0.8133106048731653
0.8192372592431014
0.8318695311329107
0.8428480174538315
0.8367748978822952
0.8203633067720248
0.8375624485490902
0.847300743401581
0.8378582138140934
0.8188034388112918
0.8284798849515106
0.8335764838727456
0.8304557925226989
0.8226003885148198
0.8211718877246632
0.8223489640242482
0.8234266362401463
0.8193212710679342
0.8146742789164606
0.8217803603059262
0.8305266141751473
0.8485619018593048
0.842971302658409
0.8269256067867063
0.8260668839994786
0.8308668300977553
0.8219835217892275
0.827017118284717
0.8292354488154082
0.8450611641800474
0.8357200925602927
0.8265649941014965
0.8268113259077268
0.8288771510118014
0.8245329671871793
0.8164252872679172
0.8303309283382688
0.835016812058598
0.8391946258778038
0.8387470320511538
0.9165894514879707
0.9628053889630548
0.9415518632539182
0.9212582889526041
0.8319860325523166
0.8395798897595187
0.8454027905074987
0.8457965647653729
0.8484071996977268
0.8603016935411403
0.8358728603439649
0.8330893444330658
0.8592960247356849
0.8730131103593168
0.8891648554142619
0.9020304701492957
0.842460460916757
0.8311629686730949
0.8275240935772614
0.826166350158042
0.824978648449514
0.8177351175471039
0.8170321789318057
0.8171110048554088
0.8170654728518344
0.8178459860994509
0.8184069103679913
0.8243881191190743
0.8246311570564342
0.8256084178562374
0.8270078408223294
0.8203817920886689
0.8297978531998473
0.8409961446126942
0.8739813372898843
0.8676136373305128
0.8388765303996165
0.8577667927625859
0.8569943319199291
0.8996467592707191
0.8707684406908512
0.8633256713478223
0.8645239090035294
0.8916088961703209
0.9237328123484233
0.9027983204717309
0.8870576451268328
0.8995196283349238
0.9060158340200223
0.9483338922122729
0.9802237004909549
0.9999968069476282
0.9811214221335299
0.9836867883791397
0.9526915435714521
0.8915247661239235
0.9094842136593219
0.9861575722072605
0.9643946789764362
0.9108668213597806
0.9478210104893392
0.9289461505179348
0.9850010062671435
0.9147696663965507
0.9452590065601749
0.9975614578309346
0.9822385015376381
0.9691034182959574
0.8827346927356227
0.8579387481763636
0.8729845402809739
0.8681962992287541
0.8362787816124948
0.8227700700659855
0.822856725753449
0.8198018688970222
0.8200364411669139
0.8229808361442559
0.8216753803931076
0.825775646163412
0.8436142587359176
0.8470464700015455
0.8449660270078236
0.8320929121283247
0.8197358957979625
0.8213365074460849
0.827994147485059
0.8380597561778973
0.8411989219783511
0.8509365523195498
0.8300348418068488
0.8450458932745532
0.9690551601503299
0.9829598194455252
0.9952823651095164
0.9724238980884289
0.995651504610942
0.998137366282816
0.9156741541655364
0.5436784470944753
0.26479107382173184
0.9389403173410493
0.9194527734428651
0.8942574428754605
0.8297124087944406
0.8247787250318988
0.8872470431672124
0.9096893413649612
0.9991765494929349
0.9330494474622965
0.9999559219051627
0.9864667484372962
0.9984320018152948
0.9999744640698915
0.9421130027332271
0.9925031276768032
0.9881215780529595
0.9461272698628778
0.9145503372053746
0.8920913667391263
0.9948530377369309
0.9448860679704575
0.9286656673968908
0.9833007611239454
0.8933246904743822
0.9931367615202871
0.9924669200926782
0.9312113344714698
0.9949863415891319
0.9789783107027299
0.6843384941426816
0.9929054053018921
0.902740077425592
0.8968720039963334
0.8586921664806783
0.8921748210993186
0.930050297613215
0.8896455269787794
0.8754286760187283
0.8306930398110113
0.8553372781004064
0.8622083405420871
0.8980522069978688
0.9077355438244993
0.8464105046998791
0.8484240553662741
0.8540770109133193
0.8545952051437009
0.8800934259460391
0.8820969017683975
0.9977721438092606
0.973804418664621
0.9850725345204897
0.93538426315393
0.9953894904214515
0.9952014347100291
0.9910695829064794
0.975049125534466
0.9645267362477569
0.9675547635646933
0.9413627325993951
0.9591213707771331
0.8821455236521176
0.9997302072878106
0.8851385489198882
0.942149330793825
0.9999999999726357
0.9642495031122961
0.9688294090936921
0.9538736396674067
0.9514053594422834
0.8979955256436428
0.9172133012557341
0.8874637036956428
0.8960312294751629
0.8880264344228521
0.8744094188664849
0.8750598890273209
0.8649861923897142
0.9716496092473388
0.9702890819464182
0.9767857493214002
0.9581423197970464
0.9395893466769475
0.8591926566682371
0.8596623491688111
0.8368535956883307
0.8376299799040863
0.9602855660757715
0.9524805904871457
0.9593123696630836
0.9425580391499833
0.9622818572221592
0.9366569109555453
0.9999122549628052
0.9990494856673264
0.9997365220523778
0.9527813162752098
0.9279914790159967
0.9656512427933732
0.9873223316314896
0.967815428484183
0.8327307509723355
