0.9585532070483814
0.958483244810455
0.9584108112781169
0.9583359310368174
0.9582586277856
0.958178925340133
0.958096847470112
0.9580124176045046
0.9579256592755949
0.9578365956839413
0.9577452499290627
0.9576516449636379
0.9575558039412986
0.9574577497119248
0.9573575040322491
0.9572550901299881
0.9571505300646009
0.9570438460661843
0.9569350598596137
0.9568241932414898
0.9567112683063805
0.9565963067029215
0.956479329536395
0.956360358204366
0.95623941371766
0.9561165173352351
0.955991687900548
0.9558649507650877
0.9557363238174164
0.9556058271733434
0.955473481666592
0.9553393067873881
0.9552033228892487
0.9550655500965061
0.9549260080781875
0.9547847149926868
0.95464169006515
0.9544969591102365
0.954350537508453
0.9542024410721979
0.9540526904068051
0.9539013047135423
0.9537483024949236
0.9535937021481978
0.9534375215054066
0.9532797810236026
0.9531204985531012
0.9529596900277998
0.9527973735802218
0.95263356745162
0.9524682894273049
0.9523015562234513
0.9521333855687935
0.9519637945164501
0.9517928001704503
0.9516204193276336
0.9514466687873013
0.951271565213512
0.9510951250260378
0.9509173646614977
0.9507383003653117
0.950557948138371
0.9503763240078709
0.9501934404347898
0.9500092673914926
0.9498237077834024
0.9496370806067295
0.9494495813129712
0.9492607127228124
0.9490706076115283
0.9488793835464263
0.9486870436169533
0.9484935535049444
0.9482989604904565
0.9481032770239937
0.9479065176418491
0.9477086979322923
0.9475098305113798
0.9473099302484519
0.9471090120140999
0.9469070879870648
0.9467041723407379
0.9465002801630659
0.94629542336181
0.946089616657512
0.9458828712498915
0.9456752028424122
0.9454666233751023
0.9452571451526547
0.9450467813523948
0.9448355450844788
0.9446234488745652
0.9444105051273208
0.9441967253851135
0.943982119053348
0.9437667088499396
0.9435504978840045
0.9433335047776767
0.9431157359891188
0.9428972026450885
0.9426779188425578
0.9424578954533789
0.9422371443680504
0.9420156769907656
0.941793504722353
0.9415706389019343
0.9413470909765695
0.9411228710208255
0.9408979890987179
0.9406724586951623
0.9404462915663058
0.9402194966940797
0.9399920829073046
0.9397640621282282
0.9395354448189432
0.9393062414525757
0.939076462180114
0.9388461172589793
0.9386152168413693
0.9383837707141923
0.9381517889706913
0.9379192813989332
0.9376862570298242
0.9374527252299217
0.9372186992546961
0.936984186624832
0.9367491946828596
0.9365137336741127
0.9362778157465834
0.9360414469531029
0.9358046373832372
0.9355673957808169
0.9353297314560368
0.9350916533174194
0.9348531702001147
0.934614290881578
0.9343750235140434
0.9341353776953208
0.9338953616694416
0.9336549839940477
0.9334142524721847
0.933173176321297
0.9329317626909555
0.9326900213924844
0.9324479591835558
0.9322055835120843
0.9319629045992828
0.9317199275355175
0.93147666265431
0.9312331182303436
0.9309893024132636
0.9307452190850454
0.9305008795952541
0.9302562890298125
0.9300114557621817
