0.5879049280100873
0.5831632037876706
0.5810662772459392
0.581498686918614
0.5800984940289061
0.5779521724129734
0.5778175354790772
0.5749608276347674
0.5738588764778745
0.5757701894852282
0.5806688294555176
0.5840537100700183
0.5926803684332415
0.5947815085888146
0.5882802204720866
0.5820829014399419
0.5750340461082589
0.5666885428545815
0.5628984215035477
0.5632577419487799
0.5619686958027801
0.5611295180948841
0.5592507030838891
0.556296797798179
0.5546790484941216
0.5530950450665854
0.5511821387158423
0.5489712729164039
0.546657469548042
0.5442059756626414
0.5424169120289892
0.5414044980974806
0.5406964959167075
0.5404617902294393
0.5404164869533155
0.5403217660004801
0.5403226762436218
0.5403121761488411
0.5403034163626673
0.5403342914179666
0.5403246625584878
0.5403974432329753
0.5404445305259385
0.5404398236361195
0.5404803718127955
0.5404642620967873
0.5405672685573503
0.5404289296040095
0.5403338192533597
0.5403528878473451
0.5403166034891834
0.5404289437654876
0.5403119385719612
0.5403443218445122
0.5404321129582457
0.5412223104553538
0.5427823952187047
0.5441393786733274
0.5462376296040514
0.5491158065388206
0.5526966167733238
0.555191560562702
0.5573758863695789
0.560475878195024
0.5623146036595316
0.5623911734800406
0.5624838051732135
0.5634014514409348
0.5615091095148129
0.5614763520661978
0.5614085525393016
0.5630708722888709
0.5633066738588685
0.5659479806285477
0.567007550110022
0.5709017796309412
0.5707275599900735
0.57224055611916
0.5719866612690043
0.5727658549283909
0.5729870440765326
0.5780298882288278
0.5835633050295763
0.5903969866112115
0.5900612433960377
0.5920344927094665
0.5877310725409801
0.5804696823396231
0.5739723556423054
0.5733466883895393
0.5726246249706656
0.5737443472679735
0.5770164277857934
0.5804592491588939
0.5859791225433368
0.5887335473772587
0.5893067403021364
0.5923984159531743
0.5988295737179405
0.6026715934706794
0.6083946111786219
0.6196495398086127
0.6269956036467064
0.6313431124150973
0.6351024712104202
0.6400594377821763
0.6454818790088906
0.6503579886107584
0.6581562558956606
0.6664034345068348
0.6723505123831425
0.6734465545517614
0.6755884908606495
0.6737946400413228
0.6763885568968765
0.6734224997160833
0.6740281393310148
0.6678289943602788
0.6661460017979604
0.6582978110183986
0.6470442572032957
0.6380278146021285
0.642199918857896
0.6417105209626898
0.6399581218075323
0.6410501147237847
0.64536343390843
0.6397116037032108
0.6378720572917431
0.644067666621177
0.6478288078040613
0.6346295670886161
0.626436356999076
0.6115539170622586
0.5969441114297084
0.5920180106664278
0.5985487748969819
0.6013525119303547
0.6096909973534399
0.6144319869574951
0.6166355458447448
0.6198107933232482
0.6290804186623695
0.6390753245664043
0.6505784367616662
0.6663900797566645
0.6778011518343816
0.6870365762865347
0.6925089665875733
0.6990411986188584
0.7022680770204074
0.7052082185346197
0.7074857220912022
0.7118129337820737
0.7145039505539272
0.7147697477595991
0.7153373655096642
0.714450576960115
0.7126804833569957
0.7110810992396865
0.7137953619925367
0.7175421583171057
0.7209513938876186
0.7208812996675649
0.7197882035123452
0.7148953470600995
0.7061905013781085
0.6990805012402365
0.6965978833968489
0.6917539297083879
0.6779469973794429
0.6659985377091189
0.6522817424246222
0.6379247983422975
0.624571462796856
0.6202463581323957
0.6182120520375406
0.6163880270678131
0.6100959369489145
0.6081192108783681
0.6048510367098332
0.5996729884344913
0.5968466516730447
0.600749783187212
0.6036710294290575
0.6058168570433411
0.6126626060078548
0.6228147939893875
0.6346908635277091
0.6461308375028021
0.6610876899080361
0.6759464241737464
0.68798341414863
0.7007442093334338
0.7132364006205305
0.7160571714693673
0.7125473795652728
0.7052690582856973
0.6904752446128485
0.6794494699342005
0.6726844458988143
0.6633416410170472
0.6585221456755407
0.6538620319817925
0.6431002030390933
0.6372552777173071
0.6313072765505409
0.619053421086259
0.6098352895498771
0.6133960201311826
0.6180239431463034
0.6287048557261599
0.6407612290306842
0.6593642237516089
0.6677076738972373
0.6733332634702741
0.6765149642040004
0.6871626935792463
0.6885841543726442
0.6935651035032606
0.6998067723184878
0.706340606970974
0.7142893494717827
0.7220467370908358
0.7234340917735069
0.7251558823518841
0.72783176840083
0.7254627737014417
0.730354227217892
0.7322017347290002
0.7378221783103133
0.7433814210211735
0.748514827167102
0.7514191292099558
0.7624228398575921
0.7702431747050652
0.777800512293257
0.7862784297289488
0.78937985955012
0.794614599220235
0.798642804374779
0.802409688018813
0.8065303710054145
0.8141615484705034
0.8171190034809208
0.8149524107766265
0.8088255657391736
0.8016978918463223
0.7909180142332874
0.7883257206672519
0.7889820347416466
0.7912726336412325
0.7894624744339239
0.7862478739656291
0.7758702803218293
0.7703488886085158
0.7665184100261867
0.7792249744481479
0.7964396065966295
0.814571750851288
0.8303514940479246
0.8485776760411713
0.8601139998764036
0.8709604250955224
0.8809894783747659
0.8907298370990873
0.8935720116590087
0.8932378644829628
0.8914307832016891
0.892335399698209
0.8884512958240507
0.8885682044142715
0.8874372480315439
0.8816429147302469
0.8761175431349929
0.8767969410323051
0.8758146451977844
0.8765762576989203
0.882075136046484
0.8820569909680874
0.8720023178580885
0.8523911109492669
0.828977458436252
0.8102363646252196
0.7854592811344632
0.7717950256873157
0.7647403874221795
0.7466214818148026
0.7280135050419139
0.716684152945994
0.7084336996550967
0.7119923548276045
0.7282265929034076
0.7494075514554598
0.7698434356499515
0.7854780864943026
0.7995741202107237
0.8123652386630829
0.8141402408838174
0.8206830465576044
0.8235981036243518
0.8256247092885469
0.827513775173599
0.8335429749466984
0.8388347499200433
0.8470535605397993
0.8455886618428671
0.8536471538320056
0.8596080252469711
0.8650505813494506
0.8697803777285058
0.8786947587737326
0.8771210353030209
0.8764103149607506
0.8651931313529175
0.850970749837282
0.8445624218192784
0.8439967036124993
0.8395525313129286
0.8479034979667701
0.8567028890363914
0.8577876785707703
0.8589518729610286
0.860667432433932
0.8582174143952874
0.8589625152092918
0.8655629187090129
0.8714961660885412
0.8822408435487865
0.892838056112143
0.8961294634374996
0.8889556760339992
0.8793635873195124
0.874563574353101
0.8600392870571051
0.84637824069914
0.8436527741822025
0.8438941058545522
0.843430543199574
0.8523358131597292
0.866888262404473
0.8790542776080904
0.8873708708842932
0.8900025076019614
0.8887494890991339
0.888732015708957
0.8894507722788513
0.8921475522341767
0.8940825283359932
0.8986742249531184
0.9013790767193772
0.8969239660822939
0.8948355043780489
0.894569675202664
0.8971480614393069
0.9026032413538522
0.9127097249283961
0.9156968792374443
0.912434542464729
0.9091985259326336
0.9032630131101768
0.8918944332800209
0.8891367582311364
0.8924153889522451
0.8965294809658086
0.9019540586373473
0.9103244759697843
0.9155385283920259
0.92053452013973
0.9246696282761945
0.9260600547594589
0.9291209421914632
0.9330715707537882
0.9387318410727977
0.9440993406135719
0.9498669801382122
0.9525154591002434
0.949978539968558
0.9456368211234597
0.9413401643155569
0.9375909315719739
0.9393144686610669
0.9443390200367131
0.9497124335511763
0.9535873339496123
0.9538219722370463
0.952866820266853
0.9510032010499182
0.9483825090499524
0.9455264470728912
0.9490764769996054
0.95180215690123
0.9571666754385211
0.9613302325778386
0.9631101342240279
0.9637576536490707
0.9624110831261626
0.959592227815088
0.960304849065011
0.9637390936012078
0.9670017668700773
0.9682820221491127
0.9712140545405988
0.971141495521495
0.972172852259885
0.971166871490813
0.9732354620880576
0.9704773170404588
0.9690879158261724
0.9648741437815403
0.9603080331323604
0.9477027401078187
0.9360260610579403
0.9240767493703888
0.9091413113496234
0.8947981679181053
0.8881706921495182
0.8896210007204446
0.88964492120304
0.8940939914828089
0.901042886381484
0.9121861958033001
0.9156020065668637
0.9238058198875109
0.934248797441096
0.9432186703110265
0.9515941415357897
0.9596689896329004
0.9649571893084438
0.9688751629260626
0.9717231119653781
0.9724993070335468
0.9743405248866844
0.9741667955980982
0.9736330879515911
0.9726351866277514
0.9734953687337868
0.9737401607653476
0.972719976794103
0.9725362388827862
0.9721391797157806
0.9694249876200889
0.9677831710369629
0.9701847745439586
0.9719212071835923
0.9759891787556397
0.9809929873213512
0.9832166249433861
0.9820374590309119
0.9828659671051103
0.9776009467922618
0.9746000010569278
0.9726862286023293
0.9724369327030844
0.9641244721888356
0.9609167759869094
0.9585490233583889
0.9566922249184767
0.9487521258406518
0.9534739671455887
0.9499594085121502
0.9376621983515543
0.9180532079501874
0.9052711522446253
0.8762945755987309
0.8567006786595334
0.8506388859071
0.8535571513386838
0.864548977812386
0.8760148304863751
0.8953742145168337
0.9093049284555231
0.9222981838717726
0.933731473440191
0.9475908307062179
0.9601409525664863
0.9724525321441377
0.9820549328973612
0.9875303096868342
0.9933798144063092
0.9964094447309908
0.997604959168228
0.9988374209575211
0.9995910382720871
0.9998424384706545
0.9999558580753041
0.9999910639754169
0.9999991064081688
0.999988185409082
0.9999382790962711
0.999859931533881
0.9994996745070879
0.9989382601783635
0.9983830221407275
0.9976257764392638
0.9969453177133533
0.997161497801392
0.9967545650962898
0.996054528193978
0.9954924492413557
0.9943847717028189
0.9936878091610684
0.9944086270198448
0.9972871377653088
0.9988527057005668
0.9999529694002633
0.9977740199659052
0.9917331744255526
0.9897193235834703
0.9917928793177672
0.9964802955080403
0.999840759551028
0.9979968099357424
0.9927741487923862
0.989720973449862
0.9867271122110465
0.9864034519576261
0.9890370802760885
0.9913516798333238
0.9963922668873948
0.9995964313622558
0.9999850944758683
0.9999984729008025
0.9999796504776529
0.9999851441450774
0.9996614928487737
0.9999200909335979
0.9993061147559475
0.9984085009931485
0.9977508866693225
0.9974006328380991
0.9992283828518476
0.999955937890956
0.9999883951805082
0.9999816175541907
0.9993192442140711
0.9975085321316185
0.9935583376526489
0.9901676448352237
0.9931850274874422
0.9971081128380288
0.9993392441063979
0.9998064142662036
0.9987023826407655
0.997680872190266
0.9964618628582941
0.9958118826522293
0.9941682778297624
0.9909136140919446
0.9889996880806027
0.9874105541252395
0.9850845213815626
0.9836484809005778
0.9811292269418184
0.9778669229034261
0.9737252264985059
0.9738708439657618
0.9705507840350349
0.9706662642765482
0.973146607448294
0.9746247902862969
0.9794961534819299
0.9841266757310261
0.9911628225096565
0.9955783850152709
0.9972850783879633
0.9979146883689398
0.9980136784093795
0.9968952819090042
0.993267296589895
0.9926290550939211
0.9882662051791054
0.9864227325478696
0.9841035140566095
0.9889860075051783
0.9922085252913988
0.9959665218353679
0.9969586054898646
0.9983136548463831
0.9984124568802043
0.9979802473449534
0.9969729847658012
0.9976014220016101
0.9968026719643095
0.9947983232192854
0.99195906599203
0.9909006963887803
0.9889831461471583
0.9862190726757973
0.9841076724860816
0.987364187384283
0.9865830739244239
0.9877498443466404
0.9887048724093692
0.9892902223068982
0.9859559354128893
0.9859133642268327
0.98357719868979
0.9836185092549685
0.9867469862712973
0.9874994682477787
0.9870669147923642
0.989401250287757
0.9916358475883464
0.990702992508455
0.9886936612589988
0.9882514477026517
0.9863874664804418
0.9832155140210181
0.9778594470524391
0.9764220289657483
0.9728340607005713
0.9679780025148974
0.9631837631474688
