0.9465658021357504
0.9479270281657226
0.9480647045322615
0.9482019446244265
0.947130217320869
0.948475123409218
0.9474097339644756
0.9475488262664479
0.9476874770852916
0.9490163267642349
0.9491505643935828
0.9481007994318931
0.9482377030542807
0.9483741745090439
0.9485102156280274
0.9498154625048167
0.9499471964205848
0.9489157751354345
0.9490501130258329
0.9491840295873635
0.9493175265914408
0.9494506057996513
0.9507290249415501
0.9508579163535106
0.9498473541189645
0.9499787795653979
0.9512422011103865
0.9513695050182027
0.9503706079135813
0.9505004070149033
0.9517490664818212
0.95187480891319
0.9520001649762284
0.9521251362539355
0.9522497243207553
0.9523739307426353
0.9513978270027961
0.9526212048732261
0.9527442756718622
0.9517765395984763
0.9529892923985185
0.953111241367009
0.9532328194190435
0.9522760915149492
0.953474868765746
0.953595343036476
0.9526467616025777
0.9538351981535869
0.9539545819288414
0.9540736051215521
0.9541922691768447
0.9543105755322118
0.9533780111984808
0.9534985956416085
0.9546633626602556
0.9547802524399528
0.9538581662692924
0.9539773004340466
0.9540960756520633
0.9542144933572213
0.9543325549758542
0.9554742764807974
0.9555887408782429
0.955702864248285
0.9558166479336372
0.9559300932700505
0.9550335258071864
0.9561559742045256
0.9562684124396837
0.9563805176001843
0.9564922909876381
0.9566037338969594
0.9567148476164088
0.9558355876980553
0.9569360926057238
0.9570462264192268
0.9571560361302157
0.957265522994319
0.9573746882607624
0.9565099127591383
0.9566211409857899
0.9567320414207215
0.9578081581126633
0.9579157339079662
0.9580229954687868
0.9571723905910269
0.9572816710217827
0.9573906311976901
0.9574992723526348
0.958554631737318
0.958660032995919
0.958765128332364
0.9588699189103974
0.9589744058879411
0.9581444881568688
0.9582509301936338
0.9592860567102975
0.9584628873311599
0.9585684047840433
0.9595950162621719
0.9596974099766774
0.959799509148806
0.9599013148856915
0.9600028282889977
0.9601040504549528
0.9602049824743822
0.9603056254327428
0.9595044366662481
0.9596069471711394
0.9606058307161298
0.9607053281785474
0.9599127161314792
0.9600140552654641
0.9601151042921917
0.9611004914100388
0.9603163363523339
0.9612963916844371
0.9613939251081678
0.96061603555216
0.9615881636463924
0.9616848707931098
0.9609131815500481
0.9618774658855288
0.9619733558341506
0.9612078026135926
0.9621643255073971
0.9622594072061654
0.961499926600447
0.9624487692278766
0.9625430514967018
0.96263706922701
0.9627308233801558
0.9628243149129099
0.9629175447774847
0.9630105139215627
0.9631032232883229
0.9631956738164674
0.9624559883442221
0.9625501234621705
0.9634714816896351
0.9627376039020221
0.9628309511298888
0.9637449933843141
0.9638356579552932
0.963926071039258
0.9640162335357917
0.9641061463402585
0.9641958103438272
0.964285226433496
0.9643743954921178
0.9644633183984228
0.9645519960270438
0.9646404292485398
0.9639310469725442
0.9648165659321631
