# Data Deleted: 253
0.7555408990033562
0.8334998326561934
1.0557811346275445
0.8348208872637858
0.8354434201659408
0.8360768305769587
0.8370951583565424
0.8377466651314264
0.8378429563406229
0.8381183101556101
0.8387726291404193
0.8392085113233931
0.8398647949604788
0.8403656497844384
0.8405008798169961
0.8402566842717707
0.8401598893747037
0.8401102950147705
0.8398105317163136
0.8399520987079498
0.8397840231434074
0.8395103329558542
0.8386389117252709
0.8379096638485266
0.8378118223378299
0.838509550222348
0.8387100082249033
0.2798617348045944
0.8414709707235274
0.5482162802465619
0.8414709750946875
0.8270982662693966
0.8414709793536469
0.8412917374442036
0.8414355655477411
0.8413486526972072
0.8414050848063178
0.8414662366122789
0.8414617391460524
0.2060217087183014
0.8414709733709249
-0.8992882086575085
0.8414709530092708
-0.5494089302208152
0.8414709638606355
0.8380470519872301
0.8380833476841455
0.8386801040462276
0.5797434686300678
0.8414709793033484
-0.4182485701439476
0.8414709704725731
-0.4250395799138566
0.8414709710001481
0.509508682100001
0.8414709794077164
0.8234206827010797
0.8414709822149532
0.8414253960806866
0.8414507828736097
0.8414687086078526
0.8413532290903251
0.8410718119765831
0.8410911905943844
0.8409058799789364
1.0590986807665925
0.8406992165827041
1.060397428633494
0.8406805101216093
1.0616798410231127
0.8408414228221301
1.0629864884969737
0.840735203589963
1.0644158296729709
0.8408962783969881
1.0657535869006483
0.8408189669255155
1.0669524217624697
0.2090354441404216
1.0678869177755765
-0.9940515236879852
1.0689433010158178
0.8274836599892845
1.070095263926322
1.071434624788623
0.14477072545023525
1.0729152142037952
-0.8367730774123043
1.0743999929629184
0.06539026762450384
1.0757749955866431
0.11682693985088871
1.0772389311674528
-0.997571391357982
1.0788529833649572
-0.9830682491553283
1.0803050079573036
1.0817842399844042
1.083290345859836
1.0848062279558912
-0.7951667198828468
1.0863984678615757
-0.594047314727914
1.0878870852014448
0.378593376403088
1.0894022562139574
0.23983700279101938
1.0911276982833362
-0.8955504281007568
1.0925880796141234
0.5247598074347354
1.0940754092246823
-0.9179111303714158
1.0956976320139216
1.0972775934667482
0.2711510122770347
1.0989588666159003
0.09154793261330536
1.1005474668673112
-0.20077034355588272
1.1022188745967
0.0017630636367839548
1.1039836800127127
-0.3567735890178022
1.105701655826532
-0.411783380086645
1.1073638026664498
0.3659070805963465
1.1090712629253863
-0.9901763889313135
1.1108382025997967
0.0305142910435186
1.1125842842786116
1.1143197285459006
-0.20035154666963126
1.1160676872019608
-0.35882920285123465
1.1179487188281076
-0.9087754255403518
1.1198067849930164
1.1217579910484725
-0.9653778557447596
1.1237911548738286
0.6053973205238186
1.125743932612315
0.4429223293452198
1.1278527730679828
-0.5729480615717673
1.1298549391723445
-0.20440933960593832
1.1318333294071357
-0.7431056624010033
1.1338205548291447
-0.9782176320042311
1.1358609211062298
-0.430524326942505
1.1379619961813694
0.4048765798106266
1.1403854061314112
1.1422646276715902
0.29431931635406167
1.1443476227824303
0.1222565719136844
1.1465655945052473
-0.928498898895041
1.148862637189412
-0.9999361527861819
1.1512988000372462
-0.5464404848245369
1.1536891035935617
-0.4133965058183905
1.1560475309888387
-0.6680793225336167
1.158421262134777
-0.49272526604538813
1.1608866007215266
-0.5231353194226598
1.1633576216954267
-0.3910192440721627
1.165904933613925
0.7033623462261197
1.1686536839972248
0.2304741985386029
1.1711425972480856
0.2293141711559381
1.173800932511583
-0.002533796770148051
1.1764774356940515
-0.8348418230610947
1.1791364188790032
1.1818949594299268
0.4156255959645125
1.1847822737451619
-0.998949456175284
1.1877466112301183
-0.9401789004041674
1.1907305131006316
-0.15390759251288635
1.19377872370852
-0.9236600580397519
1.196946867661839
-0.4733742491110638
1.2001727895991303
0.734941379810508
1.20359860636881
0.7620962756973275
1.2069507232565149
0.6499434690081836
1.2105162478963303
0.7587604248158317
1.2138521453810944
0.6569706868208102
1.217379151562594
0.6035484119183632
1.2210315889330898
-0.549792416660942
1.224702256649859
-0.6732997901105436
1.2285695006885995
-0.6340310714029662
1.2325518464716432
-0.3345705102857564
1.2366505361823725
-0.5637150337021373
1.240854964919803
-0.24279969598824366
1.2452108192723756
-0.5874195012171791
1.2496615480073656
-1.6825176304285907e-05
1.2543058676407035
0.13506609192546207
1.2590875747778698
-0.7384747874120676
1.263995501614773
-0.6348226024113173
1.2691224783792885
-0.999420172328367
1.2744149712477757
-0.9663275404883567
1.2799297273952204
-0.9982727570245933
1.2856777775680814
-0.5951629844439558
1.2916767992365623
-0.6951830384919135
1.29792929669421
0.1428573593913871
1.3045044630445484
0.436027985248451
1.3113888883467069
0.6823249862498992
1.3186257001740975
