0.9486760356495836
0.9438757941515478
0.9583482579361833
0.9582779777094854
0.9579217435551143
0.958482359153213
0.9560872768754748
0.9568423725350231
0.9549610358532625
0.9571103400564924
0.9610263121415805
0.9629227057352556
0.9630853548650097
0.9621022597050989
0.96309730259907
0.9632684008520227
0.963427988574496
0.9621426066907248
0.9615420279148097
0.9634145438839687
0.9633341846917767
0.9622757831124058
0.9610990436276229
0.9599147440504661
0.962910693732265
0.9632125193900946
0.9620810330427614
0.9623247844498791
0.9621566097032718
0.9546219742747721
0.9605572083018954
0.9601401144321426
0.964139916835927
0.9636586182430799
0.9631634804955219
0.9625429919638643
0.962796106552399
0.96304372839613
0.9515139519600251
0.9588677245249043
0.950125458628445
0.9630219144512154
0.9618242491664619
0.962966142367552
0.9634963685667439
0.9631719088476771
0.9627030451858205
0.9517756125814231
0.9627348381969139
0.9504704801666396
0.9636146527022216
0.9652569661219662
0.9648921234366292
0.9636352988334833
0.9628565305095136
0.9620078130354565
0.9554170140942405
0.9558271825461184
0.9552948982582153
0.9568689359936262
0.9559489624553391
0.9566004219535886
0.9575005590394768
0.9468218838952668
0.9400578635176069
0.9348648975161704
0.9122050785322188
0.8932259962991626
0.8895199333453809
0.891823942524262
0.8994009229073403
0.9050585304436236
0.9059340329048892
0.8965965686969888
0.9011263737541884
0.9001778891505426
0.8982481804036728
0.8981133802869157
0.8989153470408926
0.9022172961919921
0.9036537451332823
0.9095987591295935
0.9129777679918699
0.9161362878439113
0.9141045314401742
0.9112231743140211
0.9060945227700982
0.9001436878212397
0.8993024867386646
0.8925575913110406
0.8891846313908807
0.8892507019560365
0.8896922370972189
0.8964485160098443
0.9023653447122394
0.9108191185542894
0.9167878066355569
0.9196206391230323
0.931366546121089
0.9342038435744026
0.9366709522629841
0.9367719351419121
0.9375210482884866
0.9384305595896207
0.9391747509842772
0.9399816127906117
0.9417808373918655
0.9469385277585879
0.9463507071293046
0.9478967379343339
0.9492888709346805
0.9510162308458325
0.9514823311784273
0.9515026960445108
0.9518201361251979
0.9519713189720598
0.9520611620515793
0.9491030261287475
0.9489227676456655
0.9490294940309733
0.949079596950021
0.9489211689909397
0.9486572561774564
0.9465905592457724
0.9466066401015798
0.9457457806066807
0.9458558262082631
0.9467224737012461
0.9481625400707849
0.9486266093968072
0.9488977602320059
0.9489183993391868
0.947664139371747
0.9488747336460845
0.9488777578601546
0.9488441085008235
0.9485485096770954
0.9485225753071133
0.9485165473787924
0.9481718931881561
0.9476534231527355
0.9478387367509611
0.9463661487481683
0.9451116921999212
0.9449214248183738
0.9458098119024694
0.9455354014661742
0.944871255314075
0.9442929274224543
0.9439147111496976
0.9355027625090369
0.935726534354587
0.9373915019548826
0.9388891343391279
0.9393804728223303
