0.904291108871337
0.833685750971446
0.9025539631642067
0.9025539631642067
0.9025539631642067
0.9025539631642067
0.8997077342394506
0.9025539631642067
0.8699183103737217
0.9001513201338622
0.9025539631642067
0.9025539631642067
0.9025539631642067
0.9025539631642067
0.9025539631642067
0.9025539631642067
0.9025539631642067
0.9025539631642067
0.9025539631642067
0.9025539631642067
0.9025539631642067
0.9025539631642067
0.9025539631642067
0.9025539631642067
0.9025539631642067
0.9025539631642067
0.903649731093024
0.9040335370229858
0.904186576849385
0.9025539631642067
0.9025539631642067
0.9025539631642067
0.9025539631642067
0.9025539631642067
0.9025539631642067
0.903826563599946
0.9033632826983696
0.902943685889425
0.8390008817726724
0.902375987415574
0.8376506644938706
0.902202852963735
0.9022376558586946
0.9025539631642067
0.9026897231040953
0.9031818381408652
0.9034614818145468
0.8414684882739002
0.9034522170477833
0.8331581473885518
0.9025539631642067
0.9025539631642067
0.9025539631642067
0.9025539631642067
0.9025539631642067
0.9025539631642067
0.9025539631642067
0.9025539631642067
0.9025539631642067
0.9025539631642067
0.9025539631642067
0.9025539631642067
0.9025539631642067
0.8414709607781264
0.8414706002002728
0.893729680289924
0.810909210499223
0.8414703298229294
0.8240613738406224
0.8363974372401136
0.8414707227319284
0.8414709453744174
0.8414709500251704
0.7777529831479184
0.8001826337435445
0.799739761957752
0.8414709806904234
0.841470980803011
0.84147097977607
0.8414709841572128
0.8414709821897949
0.8414709770474235
0.8414709792907358
0.8153902575184118
0.8414709813768675
0.8414709758032168
0.8414709790945237
0.8414709831706957
0.8414709832983338
0.8376562376213287
0.8299851907954828
0.8303070839070862
0.8249589444278889
0.7958963248292349
0.8414709355639169
0.8414709473006938
0.8414709409966934
0.8114746459753192
0.8414709810495171
0.8414709813211639
0.8414709843705779
0.8414709844698487
0.8414709842873864
0.8414709835490938
0.8414709826767889
0.8414709823461392
0.8414709847894222
0.838558740254033
0.8414709680793662
0.8414709619397621
0.8414709715692076
0.841470983681219
0.8414709843110466
0.8414709843375904
0.8414709839489679
0.8414709841094131
0.8414709839190573
0.8414709839937032
0.8414709847914388
0.8414709845162921
0.8414709844841098
0.8414709842272636
0.8414709777911235
0.84140036637951
0.8414709681792629
0.841470978541752
0.8414709763642131
0.8414709687623645
0.8414709793642176
0.8414709820814719
0.8414709847787928
0.8414709847917898
0.8408794220163942
0.8414709847876317
0.8414709846919338
0.8414709846076872
0.8414709799007716
0.8414709788655953
0.8414709788864061
0.8414709806205332
0.8414709787963294
0.8414709809671738
0.8414709773349935
0.8414709818847251
0.8414709825242175
0.8414709736575777
0.8414709747957001
0.8414709606233708
0.8414709529024117
0.8414709558268598
0.8400978525853682
0.8402172992956312
0.8409063351705846
0.8413667437044677
0.841447364048995
