0.9761083972741383
0.9761083972741383
0.9761083972741383
0.9761083972741383
0.9761083972741383
0.9761083972741383
0.9761083972741383
0.9761083972741383
0.9761083972741383
0.9761083972741383
0.9761083972741383
0.9761083972741383
0.9761083972741383
0.9761083972741383
0.9761083972741383
0.9761083972741383
0.9761083972741383
0.9761083972741383
0.9761083972741383
0.9761083972741383
0.9761083972741383
0.9761083972741383
0.9761083972741383
0.9761083972741383
0.9761083972741383
0.9761083972741383
0.9761083972741383
0.9761083972741383
0.9761083972741383
