4.401370239224599
4.3023898479962455
4.269662199607457
4.28143904694181
4.21044654352278
4.238264329058653
4.2035154585478445
4.173188119090699
4.156897043344658
4.137547898246412
4.120812887441597
4.110939074596963
4.092758445511552
4.079254853125889
4.078532208183761
4.095554799021235
4.093937467111352
4.067700952847844
4.023785529063678
4.033785129549818
4.009653506333772
4.016072074000981
4.014218341065293
3.99171733166501
3.9932640342467502
3.9974548323991916
4.004708823724729
4.007468300612059
3.986781698220611
3.9715097295271433
3.967663007579663
3.9676297235758446
3.9530893841156463
3.9570972685533112
3.9423652984547943
3.9370339582206535
3.936957361879331
3.9011146007018738
3.911499911290901
3.883175059612298
3.877483491646955
3.879176793672015
3.874975726202834
3.849720682902229
3.8395602872923797
3.835358621730524
3.8285601473714683
3.8367031627123582
3.828065923617963
3.8456207960636872
3.830111901935406
3.8217975629431704
3.813461609756861
3.799662675407757
3.812398938352009
3.769486009974294
3.7556045360270502
3.7529567140810096
3.7639896000941
3.7643053742884227
3.748021966439881
3.7504870590791426
3.722741526153116
3.7260289331562313
3.734021863403224
3.741862950109733
3.7275131723418533
3.7395923444279275
3.7292975519490894
3.739568803168331
3.7232168332693787
3.722642310242988
3.721665448070823
3.719165405163308
3.7193071878710215
3.7209892649648895
3.708390481108977
3.708022992727573
3.709646224420407
3.7058638396237846
3.7089832135290948
3.7061876139615264
3.698737819366476
3.7031946944345107
3.6991777126965317
3.7084151837156676
3.686896979824719
3.6803940585334987
3.6837461892887964
3.6924044259880353
3.687433539099471
3.6836220652226666
3.681441173546351
3.69067541128996
3.682449166785772
3.6811010574777976
3.683366947403241
3.678644267143839
3.6756915923775124
3.6678052569417665
3.5875519962747964
