0.8121653343888888
0.8343358183141545
0.8111050715
0.8165362674444444
0.827217334
0.8253836929444445
0.8283573692222223
0.8358253680555555
0.8396408593888888
0.8575747787222222
0.8619122702777777
0.8379137357777778
0.8404960798888889
0.8272175173888888
0.8257544950555556
0.8097436179444445
0.8245985116111112
0.8072472068333334
0.8027442308940558
0.8120577138333334
0.8144431115555556
0.8095329457777777
0.8497690846111111
0.870572057
0.8722382707777778
0.8802535419444444
0.894398680111111
0.8975177228333333
0.8952542952222223
0.8833462362222222
0.8863855157777778
0.901220879611111
0.9032880256111111
0.9048822865
0.9052815972222221
0.9072894757222222
0.9364598172222222
0.9432409237777778
0.9380924414444445
0.9392791599999999
0.9503949815555556
0.948576204611111
0.9475515885000001
0.9595289393888888
0.9626729353888889
0.9584253757222222
0.9575022887222223
0.9496497585555557
0.948010815
0.9513609837777778
0.9307169253333334
0.9131511682222223
0.9098856725555555
0.9303823863333334
0.9331023855
0.9500262166111112
0.9540554065
0.9559871211666666
0.9502953255555554
0.9599989067222222
0.955727330888889
0.9533492344444444
0.9529512333888888
0.9528008899444446
0.9295157114444444
0.9328642636666667
0.9471057723333333
0.9341258955555555
0.9268855088333332
0.9322720252777779
0.9131194797222223
0.9043501193333334
0.9210320552222222
0.9332141231881216
0.9350229396111112
0.9042458586666667
0.9020337357777777
0.9125921797222222
