0.5244934567309736
0.47238875752033965
0.4834854506765075
0.4847768079304461
0.4795874266188993
0.47578080454999866
0.47954708457568057
0.47733266259961205
0.4833748887849575
0.47503266417830226
0.47821901626479846
0.4805568647338954
0.472642910897261
0.47284641895248597
0.4817320227061355
0.4794243485209032
0.47482087212243557
0.4683038471571138
0.4692606840062646
0.47133117199421115
0.47431377907223127
0.4739722095633203
0.47644277882806507
0.48218594238691315
0.47888403463233564
0.47113960447278985
0.4744731673990361
0.4717396432438717
0.4728248836006975
0.4726718564306248
0.47237377320318463
0.47652587289185255
0.47673354889217434
0.4794038610079571
0.4725769775092042
0.4779888776581567
0.47531859079904565
0.4809627108709189
0.4719053196613333
0.47790991553781037
0.47139065922082485
0.4773033094573587
0.4725060591628759
0.4650431092723061
0.47159828005555804
0.4680461564925668
0.47185329462389236
0.47630020582821475
0.4765351604548461
0.47004309648294
0.4705921286243096
0.46810671279159227
0.4710866022189199
0.4696127640810651
0.4724544216020819
0.47533648211670226
0.4698628623992988
0.46994289513273674
0.47259337011540337
0.47389188149706485
0.4690437015017033
0.4771418440061729
0.4697035182359449
0.47217867729354274
0.4674383958304428
0.47182673498151695
0.4737229145301149
0.46735315362158947
0.46951605515404127
0.4742392273649048
0.4676604158978163
0.47672658481149693
0.46739283793265163
0.46726888379706333
0.4682126939632048
0.4732979412388524
0.46607618401653567
0.4679594824683727
0.46509910761694745
0.46999064717549965
0.46778309923423567
0.46879540664357605
0.4707349487471304
0.46764915014734293
0.4733393832537621
0.4691375549101763
0.4678499173602975
0.4687292784607046
0.47347265593962823
0.4683031414830986
0.4692795240541129
0.4697256095378536
0.46750294623537164
0.4669468213338287
0.4701259426055646
0.4690625329112116
0.4663385922311042
0.4652535187795125
0.4681224605674926
0.4684203959587948
0.4349219477804255
