688.2
688.3
688.05
688.05
688.05
688.1
688.15
688.1
688.25
688.15
688.45
688.4
688.3
688.35
688.3
687.95
688.0
688.15
688.1
688.2
688.2
688.3
688.15
688.1
688.25
688.15
688.35
688.3
688.2
688.4
688.15
688.3
688.25
688.25
688.3
688.15
688.15
687.95
688.35
688.15
688.4
688.35
688.45
688.2
688.45
688.2
688.35
688.35
688.35
688.3
688.4
688.3
688.4
688.25
688.25
688.2
688.2
688.25
688.3
688.1
688.4
688.0
688.3
688.45
688.45
688.25
688.35
688.15
688.2
688.2
688.4
688.35
688.35
688.25
688.2
688.4
688.2
688.4
688.35
688.25
688.35
688.5
688.3
688.5
688.55
688.15
688.2
688.5
688.3
688.45
688.25
688.3
688.35
688.45
688.1
688.15
688.3
688.55
688.25
688.1
689.05
