5.130898620327409	0.16310822636740924	90
5.130898620327409	0.16310822636740924	90
5.307210724362788	0.1585486903326873	85
5.261818589625588	0.15969801515118515	67
5.261818589625588	0.15969801515118515	67
5.261818589625588	0.15969801515118515	67
5.094095137597803	0.16409327019370826	77
4.958485773656795	0.16782787405839317	72
4.958485773656795	0.16782787405839317	72
4.958485773656795	0.16782787405839317	72
4.958485773656795	0.16782787405839317	72
3.9661790565544313	0.201362050907163	88
3.8583186485257284	0.2058325260948977	89
3.8196804563087183	0.20748263480643211	91
3.7986700649149396	0.20839107220798808	91
3.7501145327558114	0.21052123966784508	91
2.815834629080257	0.26206586427489736	110
2.6253577382267514	0.2758348478153562	114
2.6148183776358116	0.27663907160227147	113
2.500932706127953	0.2856381667232914	122
2.439688412931888	0.2907240075119565	121
2.31844710757085	0.30134577035100435	124
2.178707629015077	0.31459326138461186	127
2.05985397248164	0.32681298159760475	129
1.9553377196708304	0.3383708038996576	130
1.9435217380600838	0.33972910309099535	130
1.878421762188691	0.3474126040652295	131
1.878421762188691	0.3474126040652295	131
1.7989029580732312	0.35728284080574246	134
1.7666709039061077	0.3614452295674762	135
1.7014718620132636	0.3701685788630621	135
1.6672618323304338	0.37491632350404924	136
1.6672618323304338	0.37491632350404924	136
1.63746433230549	0.379152046816826	137
1.63746433230549	0.379152046816826	137
1.6338997712581953	0.3796651683227517	136
1.6109843075363075	0.3829973229305187	137
1.6109843075363075	0.3829973229305187	137
1.5774331370478867	0.3879829065693512	139
1.5855477142132501	0.386765246877019	139
1.5855477142132501	0.386765246877019	139
1.5586259837533496	0.3908347708300298	139
1.5586259837533496	0.3908347708300298	139
1.5510023332619647	0.3920027774813129	138
1.4989216556253981	0.4001726095529525	140
1.4989216556253981	0.4001726095529525	140
1.4989216556253981	0.4001726095529525	140
1.4989216556253981	0.4001726095529525	140
1.4989216556253981	0.4001726095529525	140
1.4989216556253981	0.4001726095529525	140
1.4966211767895679	0.40054134335506625	139
1.4821185715613197	0.40288163968370494	140
1.48892043511384	0.40178062178763907	141
1.428306897660586	0.41180956202998603	140
1.487071762818511	0.4020792704697573	141
1.4745812107235599	0.4041087823937704	141
1.4590964340197439	0.4066534301647363	140
1.444151735465873	0.40913990137743755	139
1.444151735465873	0.40913990137743755	139
1.444151735465873	0.40913990137743755	139
1.444151735465873	0.40913990137743755	139
1.444151735465873	0.40913990137743755	139
1.444151735465873	0.40913990137743755	139
1.444151735465873	0.40913990137743755	139
1.444151735465873	0.40913990137743755	139
1.444151735465873	0.40913990137743755	139
1.444151735465873	0.40913990137743755	139
1.444151735465873	0.40913990137743755	139
1.444151735465873	0.40913990137743755	139
1.444151735465873	0.40913990137743755	139
1.444151735465873	0.40913990137743755	139
1.444151735465873	0.40913990137743755	139
1.444151735465873	0.40913990137743755	139
1.444151735465873	0.40913990137743755	139
1.444151735465873	0.40913990137743755	139
1.444151735465873	0.40913990137743755	139
1.444151735465873	0.40913990137743755	139
1.444151735465873	0.40913990137743755	139
1.444151735465873	0.40913990137743755	139
1.444151735465873	0.40913990137743755	139
1.444151735465873	0.40913990137743755	139
1.444151735465873	0.40913990137743755	139
1.444151735465873	0.40913990137743755	139
1.444151735465873	0.40913990137743755	139
1.444151735465873	0.40913990137743755	139
1.444151735465873	0.40913990137743755	139
1.444151735465873	0.40913990137743755	139
1.444151735465873	0.40913990137743755	139
1.444151735465873	0.40913990137743755	139
1.444151735465873	0.40913990137743755	139
1.444151735465873	0.40913990137743755	139
1.444151735465873	0.40913990137743755	139
1.444151735465873	0.40913990137743755	139
1.444151735465873	0.40913990137743755	139
1.444151735465873	0.40913990137743755	139
1.444151735465873	0.40913990137743755	139
1.4239317170281793	0.4125528755513101	141
1.4239317170281793	0.4125528755513101	141
1.4239317170281793	0.4125528755513101	141
1.4239317170281793	0.4125528755513101	141
1.4239317170281793	0.4125528755513101	141
