6.3194071530889735	0.13662308696380893	64
6.3069470666584335	0.13685606189252356	64
6.307038738086572	0.13685434494656326	64
6.181897326051874	0.13923897190406273	73
6.181897326051874	0.13923897190406273	73
6.1733664131483215	0.1394045615970577	73
6.181776441627395	0.13924131558923872	74
5.8513954413057  	0.14595566823821013	72
5.48764403721608	0.15413915964925706	74
5.055053121700541	0.16515131740399222	78
4.751478093951013	0.17386834891220873	71
4.709487998235876	0.17514705352020726	76
4.618648464184381	0.17797874459924284	74
4.269530345130211	0.18977023273509394	86
4.121442213065894	0.1952574994302945	87
4.130070312485038	0.19492910215407824	87
4.028565583999787	0.19886386749769444	94
4.0265149581312905	0.19894499635026858	95
4.024348954100799	0.19903076182314425	94
3.977726832220529	0.20089491322164557	90
3.938604583943269	0.20248634670029442	94
3.938604583943269	0.20248634670029442	94
3.897840906901373	0.20417159703797966	97
3.760653628793321	0.2100551894705831	103
3.760653628793321	0.2100551894705831	103
3.760653628793321	0.2100551894705831	103
3.8544839165522364	0.20599512063276593	99
3.8135742587765935	0.2077458342263442	100
3.8479891307392773	0.20627108952439183	99
3.6517877800023624	0.21497111375091413	99
3.7503674867233308	0.21051002954926581	99
3.087181769779873	0.24466736649538784	103
3.087181769779873	0.24466736649538784	103
2.774796514974891	0.26491494204599575	113
2.721560027812903	0.26870451975154164	116
2.1732319578643584	0.31513611777470496	125
2.1857312259192527	0.313899676113275	125
2.1857312259192527	0.313899676113275	125
2.1777359351682457	0.31468945828157835	125
2.1158077189573077	0.3209440665788728	127
1.8926577996318814	0.3457028343025088	132
1.7567789170381438	0.362742182124053	132
1.6964409185344806	0.37085922896597395	133
1.6699033829366996	0.374545388567609	134
1.6699033829366996	0.374545388567609	134
1.5393529788131006	0.39380110143939195	136
1.5393529788131006	0.39380110143939195	136
1.3756781756591452	0.4209324353129373	135
1.3756781756591452	0.4209324353129373	135
1.244262323278041	0.44558071025287643	143
1.2637698280816154	0.44174102313547886	143
1.2485600514926192	0.4447290608655031	139
1.2012410093640487	0.45428919220840147	142
1.1821404349391862	0.45826564779634305	145
1.169318016137874	0.4609743673176795	145
1.169318016137874	0.4609743673176795	145
1.167616587267293	0.4613362002644096	141
1.092779005876871	0.477833539610171	146
1.0971742394027792	0.4768321016019985	146
1.0971742394027792	0.4768321016019985	146
1.090976476327253	0.47824545676213187	144
1.0520952315399301	0.48730681921110536	146
1.0513495090855365	0.48748396875858874	146
1.032086632433175	0.4921050038120779	145
1.0138775165932696	0.496554528148081	146
1.0138775165932696	0.496554528148081	146
1.0061206700176575	0.4984745010334788	145
1.0061206700176575	0.4984745010334788	145
0.9979611887945214	0.5005102229254785	146
0.9970907293254724	0.5007283771918339	147
0.9936977932736398	0.501580532101611	147
0.9876960775888747	0.503095021052225	145
0.9828915357548222	0.5043140191827651	145
0.9828915357548222	0.5043140191827651	145
0.9828915357548222	0.5043140191827651	145
0.9828488038343057	0.5043248875387091	147
0.9828488038343057	0.5043248875387091	147
0.9828488038343057	0.5043248875387091	147
0.975810990631027	0.5061212862676828	148
0.975810990631027	0.5061212862676828	148
0.975810990631027	0.5061212862676828	148
0.9745881610512876	0.5064347187555259	146
0.9745881610512876	0.5064347187555259	146
0.9687010826721851	0.5079491288960262	146
0.9687010826721851	0.5079491288960262	146
0.9733897678842154	0.5067422646425077	147
0.9733897678842154	0.5067422646425077	147
0.9733897678842154	0.5067422646425077	147
0.9727333335823959	0.5069108850024066	145
0.9227336889823248	0.5200928270671148	151
0.9227336889823248	0.5200928270671148	151
0.9227336889823248	0.5200928270671148	151
0.9227336889823248	0.5200928270671148	151
0.9227336889823248	0.5200928270671148	151
0.9227336889823248	0.5200928270671148	151
0.9227336889823248	0.5200928270671148	151
0.9227336889823248	0.5200928270671148	151
0.9227336889823248	0.5200928270671148	151
0.9069045635393969	0.5244100932581044	152
0.9069045635393969	0.5244100932581044	152
0.9069045635393969	0.5244100932581044	152
