6.150914521519953	0.13984225332166975	70
6.150914521519953	0.13984225332166975	70
6.3069470666584335	0.13685606189252356	64
6.094567688370098	0.14095291551580635	82
6.150914521519953	0.13984225332166975	70
5.573095574428511	0.15213532021203627	77
5.573095574428511	0.15213532021203627	77
5.572852583328648	0.15214094448678117	71
5.572852583328648	0.15214094448678117	71
4.57623595964027	0.17933243988199368	97
4.708188503395793	0.1751869265363436	98
4.55768529888139	0.17993102275893036	101
4.429086105475834	0.18419306317344816	91
4.364678668175976	0.18640445436781514	92
4.309823463519393	0.18833017837041083	102
4.1407870111285625	0.19452274483172352	92
3.748780236145573	0.21058039123151062	98
3.748780236145573	0.21058039123151062	98
3.748780236145573	0.21058039123151062	98
3.748780236145573	0.21058039123151062	98
3.748780236145573	0.21058039123151062	98
3.748780236145573	0.21058039123151062	98
3.748780236145573	0.21058039123151062	98
3.748780236145573	0.21058039123151062	98
3.748780236145573	0.21058039123151062	98
3.3474095139425533	0.23002203882401817	102
3.748780236145573	0.21058039123151062	98
3.748780236145573	0.21058039123151062	98
3.732322043613434	0.21131275318626355	99
3.594141548393841	0.2176685218481373	105
3.732322043613434	0.21131275318626355	99
3.732322043613434	0.21131275318626355	99
3.656975818627554	0.2147316281952925	108
3.732322043613434	0.21131275318626355	99
3.732322043613434	0.21131275318626355	99
3.732322043613434	0.21131275318626355	99
3.732322043613434	0.21131275318626355	99
3.732322043613434	0.21131275318626355	99
3.4587451436432266	0.22427834912827135	105
3.4587451436432266	0.22427834912827135	105
3.4587451436432266	0.22427834912827135	105
3.4587451436432266	0.22427834912827135	105
3.4587451436432266	0.22427834912827135	105
3.4587451436432266	0.22427834912827135	105
3.4587451436432266	0.22427834912827135	105
3.4587451436432266	0.22427834912827135	105
3.4587451436432266	0.22427834912827135	105
3.4587451436432266	0.22427834912827135	105
3.4587451436432266	0.22427834912827135	105
3.4587451436432266	0.22427834912827135	105
3.4587451436432266	0.22427834912827135	105
3.4587451436432266	0.22427834912827135	105
3.4587451436432266	0.22427834912827135	105
3.4587451436432266	0.22427834912827135	105
3.4587451436432266	0.22427834912827135	105
3.4587451436432266	0.22427834912827135	105
3.4587451436432266	0.22427834912827135	105
3.4587451436432266	0.22427834912827135	105
3.4587451436432266	0.22427834912827135	105
3.4587451436432266	0.22427834912827135	105
3.4587451436432266	0.22427834912827135	105
3.4587451436432266	0.22427834912827135	105
3.4587451436432266	0.22427834912827135	105
3.4587451436432266	0.22427834912827135	105
3.4587451436432266	0.22427834912827135	105
3.4587451436432266	0.22427834912827135	105
3.4587451436432266	0.22427834912827135	105
3.4587451436432266	0.22427834912827135	105
3.4587451436432266	0.22427834912827135	105
3.4587451436432266	0.22427834912827135	105
3.4587451436432266	0.22427834912827135	105
3.4587451436432266	0.22427834912827135	105
3.4587451436432266	0.22427834912827135	105
3.4587451436432266	0.22427834912827135	105
3.4587451436432266	0.22427834912827135	105
3.4587451436432266	0.22427834912827135	105
3.4587451436432266	0.22427834912827135	105
3.4587451436432266	0.22427834912827135	105
3.4587451436432266	0.22427834912827135	105
3.4587451436432266	0.22427834912827135	105
3.4587451436432266	0.22427834912827135	105
3.4587451436432266	0.22427834912827135	105
3.4587451436432266	0.22427834912827135	105
3.4587451436432266	0.22427834912827135	105
3.4587451436432266	0.22427834912827135	105
3.4587451436432266	0.22427834912827135	105
3.4587451436432266	0.22427834912827135	105
3.4587451436432266	0.22427834912827135	105
3.4587451436432266	0.22427834912827135	105
3.4587451436432266	0.22427834912827135	105
3.3950353390494246	0.2275294560467138	108
3.3950353390494246	0.2275294560467138	108
3.3950353390494246	0.2275294560467138	108
3.3950353390494246	0.2275294560467138	108
3.3950353390494246	0.2275294560467138	108
3.3950353390494246	0.2275294560467138	108
3.3950353390494246	0.2275294560467138	108
3.3950353390494246	0.2275294560467138	108
3.3950353390494246	0.2275294560467138	108
3.3950353390494246	0.2275294560467138	108
3.3474095139425533	0.23002203882401817	102
