6.3682158483537625	0.1357180653473153	71
6.253576058761952	0.13786303361251043	79
5.681471450115859	0.14966763047122794	85
5.467932230291996	0.1546089174089653	70
5.32355777195335	0.1581388256521138	69
4.6365706724466875	0.17741283807338945	80
4.74010831380178	0.17421274048009758	76
4.589175744501894	0.17891725823502796	73
4.549537859818455	0.18019518476313515	81
4.499852744669448	0.18182304989332984	80
4.213497716503353	0.1918098087651396	90
4.332912587035966	0.18751479302903787	88
4.097069236273763	0.19619117450542126	92
4.097069236273763	0.19619117450542126	92
3.7424456558920642	0.21086166770463452	97
3.7277718850503763	0.2115161273246043	96
3.6141876860178916	0.2167228704264117	98
3.134019307428828	0.24189533856385267	112
3.134019307428828	0.24189533856385267	112
2.8203002152263985	0.261759532932607	111
2.8734107942055527	0.25817039635867045	118
2.618664273224   	0.2763450611871942	121
2.612937273082844	0.2767831059371592	119
2.047429766789242	0.3281453803785593	128
2.075751032978884	0.3251238443156739	129
2.0729426208755517	0.3254209802703954	128
1.6890333996042073	0.37188084021090545	136
1.8868113264743962	0.34640296400017234	133
1.7946057952482495	0.35783222152488536	134
1.7946057952482495	0.35783222152488536	134
1.7927985528550758	0.3580637776318313	138
1.7255090567494327	0.36690393580737024	133
1.5166815320556033	0.39734864632761413	137
1.5639228973073478	0.3900273292345132	133
1.6101082004445229	0.3831258795438794	140
1.559672494860603	0.39067497971237874	138
1.4787097678774177	0.4034356958444253	141
1.5268738469719736	0.39574591394751624	142
1.4503732917568966	0.40810108539952644	137
1.423071216097383	0.41269938471334233	140
1.3572557145120387	0.424222112961132	142
1.4139691967878054	0.4142554931233875	139
1.3906088323944967	0.41830348254773814	142
1.3906088323944967	0.41830348254773814	142
1.3906088323944967	0.41830348254773814	142
1.4037570298171893	0.41601542401981123	143
1.3929249268123638	0.4178986096868943	140
1.3832355628408972	0.41959763255964766	140
1.3224776930864357	0.43057464146019814	148
1.3224776930864357	0.43057464146019814	148
1.3246887080914382	0.43016512125659906	147
1.3246887080914382	0.43016512125659906	147
1.3246887080914382	0.43016512125659906	147
1.3246887080914382	0.43016512125659906	147
1.3246887080914382	0.43016512125659906	147
1.3358873015845525	0.4281028452535568	140
1.3458497316817528	0.4262847643199611	139
1.3458497316817528	0.4262847643199611	139
1.3417437359655122	0.42703220879448417	140
1.3093297911333408	0.4330260683595277	141
1.3243378649679707	0.4302300517802647	141
1.345791961758164	0.42629526245392324	141
1.3392426186361437	0.4274887914717599	141
1.3392426186361437	0.4274887914717599	141
1.3376145064015634	0.42778653078234125	139
1.3253025067591526	0.43005157268493704	142
1.3114530177291512	0.4326283045036466	142
1.3114530177291512	0.4326283045036466	142
1.3191883514625968	0.4311853323035836	141
1.3253025067591526	0.43005157268493704	142
1.293708049905387	0.43597527594728064	144
1.293708049905387	0.43597527594728064	144
1.293708049905387	0.43597527594728064	144
1.293708049905387	0.43597527594728064	144
1.293708049905387	0.43597527594728064	144
1.293708049905387	0.43597527594728064	144
1.293708049905387	0.43597527594728064	144
1.293708049905387	0.43597527594728064	144
1.293708049905387	0.43597527594728064	144
1.282255786300664	0.43816298155646793	141
1.278333727795874	0.43891726124224517	139
1.2661294664700333	0.44128105423637043	141
1.2853012281550145	0.4375790760885063	141
1.2795786144034211	0.4386775668457066	142
1.2773043747000539	0.4391156540643413	140
1.2708487060966764	0.44036399136377663	141
1.2327980311298388	0.44786854254523895	142
1.2327980311298388	0.44786854254523895	142
1.2405132893242816	0.4463262970877494	141
1.2333044161564424	0.4477669917122263	141
1.2333044161564424	0.4477669917122263	141
1.2311306618313422	0.4482032438114523	141
1.227811006973433	0.44887111019284287	142
1.2160966752633096	0.45124385193221916	141
1.2160966752633096	0.45124385193221916	141
1.2160966752633096	0.45124385193221916	141
1.2157503496607085	0.45131438212483066	141
1.1940095582565695	0.4557865284755789	142
1.1940095582565695	0.4557865284755789	142
1.1940095582565695	0.4557865284755789	142
1.1940095582565695	0.4557865284755789	142
