4.500539654608031	0.18180034374668283	176
4.431886963393802	0.18409808722809054	177
4.202776652034385	0.1922050602746864	182
4.3103356206290995	0.18831201480284837	181
4.196786947835048	0.19242659166864523	182
4.202776652034385	0.1922050602746864	182
4.122588813461903	0.19521379451187862	183
3.926148008633702	0.20299836672535468	187
3.9038930093946935	0.20391962020464918	191
3.8990113024567195	0.20412281953677625	191
3.9047451555317965	0.20388419138803862	191
3.632668586961318	0.21585830741583975	190
3.8290776791628245	0.20707888057277252	190
3.855972266999005	0.20593198334264803	193
3.816256479672838	0.20763013851536594	193
3.8259733232900173	0.20721208614519832	193
3.8338677921612794	0.20687367611121366	194
3.82818358290625	0.20711722800690718	194
3.734367649631752	0.21122145004471335	193
3.734367649631752	0.21122145004471335	193
3.773706779644352	0.20948081777123762	193
3.7810883392208403	0.20915739870285832	196
3.779951877571106	0.20920712710357703	191
3.743085072025415	0.21083324140609924	191
3.743085072025415	0.21083324140609924	191
3.731378189566791	0.21135490758382197	192
3.731378189566791	0.21135490758382197	192
3.743085072025415	0.21083324140609924	191
3.743085072025415	0.21083324140609924	191
3.743085072025415	0.21083324140609924	191
3.743085072025415	0.21083324140609924	191
3.7226990907785407	0.21174332320951433	192
3.7226990907785407	0.21174332320951433	192
3.7226990907785407	0.21174332320951433	192
3.734770094003185	0.21120349671603872	189
3.734770094003185	0.21120349671603872	189
3.734770094003185	0.21120349671603872	189
3.734770094003185	0.21120349671603872	189
3.734770094003185	0.21120349671603872	189
3.734770094003185	0.21120349671603872	189
3.734770094003185	0.21120349671603872	189
3.734770094003185	0.21120349671603872	189
3.7133454987544012	0.21216352594229948	193
3.7133454987544012	0.21216352594229948	193
3.7133454987544012	0.21216352594229948	193
3.7133454987544012	0.21216352594229948	193
3.734770094003185	0.21120349671603872	189
3.734770094003185	0.21120349671603872	189
3.734770094003185	0.21120349671603872	189
3.743085072025415	0.21083324140609924	191
3.743085072025415	0.21083324140609924	191
3.7074516827757984	0.21242915857403755	193
3.7074516827757984	0.21242915857403755	193
3.7074516827757984	0.21242915857403755	193
3.7074516827757984	0.21242915857403755	193
3.7074516827757984	0.21242915857403755	193
3.7074516827757984	0.21242915857403755	193
3.706609265592001	0.21246718042021684	192
3.706609265592001	0.21246718042021684	192
3.706609265592001	0.21246718042021684	192
3.706609265592001	0.21246718042021684	192
3.706609265592001	0.21246718042021684	192
3.706609265592001	0.21246718042021684	192
3.706609265592001	0.21246718042021684	192
3.706609265592001	0.21246718042021684	192
3.706609265592001	0.21246718042021684	192
3.706609265592001	0.21246718042021684	192
3.706609265592001	0.21246718042021684	192
3.706609265592001	0.21246718042021684	192
3.706609265592001	0.21246718042021684	192
3.706609265592001	0.21246718042021684	192
3.706609265592001	0.21246718042021684	192
3.706609265592001	0.21246718042021684	192
3.706609265592001	0.21246718042021684	192
3.706609265592001	0.21246718042021684	192
3.706609265592001	0.21246718042021684	192
3.706609265592001	0.21246718042021684	192
3.706609265592001	0.21246718042021684	192
3.706609265592001	0.21246718042021684	192
3.706609265592001	0.21246718042021684	192
3.706609265592001	0.21246718042021684	192
3.706609265592001	0.21246718042021684	192
3.706609265592001	0.21246718042021684	192
3.706609265592001	0.21246718042021684	192
3.697578813192775	0.21287561949819336	190
3.697578813192775	0.21287561949819336	190
3.697578813192775	0.21287561949819336	190
3.697578813192775	0.21287561949819336	190
3.697578813192775	0.21287561949819336	190
3.697578813192775	0.21287561949819336	190
3.697578813192775	0.21287561949819336	190
3.697578813192775	0.21287561949819336	190
3.697578813192775	0.21287561949819336	190
3.697578813192775	0.21287561949819336	190
3.697578813192775	0.21287561949819336	190
3.697578813192775	0.21287561949819336	190
3.697578813192775	0.21287561949819336	190
3.697578813192775	0.21287561949819336	190
3.706609265592001	0.21246718042021684	192
3.706609265592001	0.21246718042021684	192
3.632668586961318	0.21585830741583975	190
