4.4939340400629755	0.18201893082584902	177
4.2132978533455425	0.19181716221302558	189
4.096623651922691	0.19620832698187396	191
4.192267738894386	0.19259407455227545	190
4.166308096092731	0.19356182043349254	191
4.102560133925769	0.19598005192554735	191
4.058216832300129	0.1976981282443894	191
4.024324369186494	0.19903173571612248	190
4.126974244319317	0.19504681559654782	191
4.073987326414185	0.19708366136316416	191
4.020389365837398	0.1991877376692675	190
4.053676009413719	0.1978757637286706	191
3.9350279647189352	0.20263309694476128	190
3.995948037949919	0.20016220993570397	191
3.9616229068353492	0.20154695727125013	192
4.088771339059388	0.19651108948920482	191
4.009752457905199	0.19961066108606584	191
4.010295910041133	0.1995890099017705	191
4.0848828772177  	0.1966613635252836	191
3.974571584827363	0.20102233588316207	191
4.056693224623109	0.19775769570726395	191
4.001293076344633	0.1999482903191277	191
3.9917928446794617	0.2003288259579636	192
3.992975055901743	0.20028139311811516	191
4.0332706348922684	0.1986779715494881	190
4.011651909796967	0.19953500721890963	192
4.049659677337334	0.19803314755803428	190
4.044389859493119	0.19824003057933434	191
4.057275028366909	0.19773494508225692	190
3.991519799936245	0.20033978429030225	191
3.9227055691692345	0.20314032313103825	191
4.052730454535982	0.1979127936860893	191
3.9969480365634644	0.20012215309881964	191
3.9931542977740047	0.2002742035121585	191
4.078814367445851	0.1968963477794725	192
4.100289257548945	0.19606731099023425	191
4.053817262775761	0.1978702331335897	192
3.996996802187994	0.2001202001094214	191
4.003188686479596	0.19987253383074627	192
4.0274352841861205	0.19890857733077466	190
4.013285529230739	0.19946998713106304	191
3.984400228197714	0.20062594378814266	191
3.998594068385217	0.2000562530821887	191
4.007057021735757	0.19971811698148745	191
4.077608171981507	0.1969431208808213	191
4.081380283687488	0.19679692212965288	191
3.9899966977044166	0.20040093422507416	191
4.007588147967164	0.1996969340232086	188
4.006940417010983	0.1997227681405034	193
3.9639896577795386	0.20145086290274702	192
3.91968124967443	0.20326520139209772	194
3.906754316366422	0.20380070725459223	192
3.9196633978628173	0.2032659389734705	191
3.9028884964653097	0.20396139963634508	192
3.873189337120286	0.20520442174958262	191
3.8453103979289796	0.20638512662211025	188
3.7469670696373383	0.2106608251816667	190
3.635417273497144	0.21573030883702088	192
3.7045575307271466	0.21255984084978077	194
3.7350710705592594	0.21119007193315262	191
3.763064892912977	0.2099488506839183	193
3.7226608266389953	0.2117450388051001	190
3.6646777122125593	0.21437708276863526	190
3.6661634755715418	0.21430882249094657	191
3.636657070656364	0.21567262464343526	192
3.6112050774735027	0.21686305059065034	192
3.636657070656364	0.21567262464343526	192
3.636657070656364	0.21567262464343526	192
3.5804297531175644	0.2183201258177517	200
3.6180869068510835	0.21653988332624646	194
3.6180869068510835	0.21653988332624646	194
3.634609673604798	0.21576790073503652	190
3.636657070656364	0.21567262464343526	192
3.621978763228215	0.21635754970486953	191
3.5687509741108814	0.21887820230661809	194
3.563139599954578	0.219147360736006	203
3.563139599954578	0.219147360736006	203
3.518647377552953	0.22130516423291788	197
3.518647377552953	0.22130516423291788	197
3.518647377552953	0.22130516423291788	197
3.518647377552953	0.22130516423291788	197
3.518647377552953	0.22130516423291788	197
3.4570107662415825	0.22436562360904047	201
3.518647377552953	0.22130516423291788	197
3.3730440345581276	0.22867366349331644	192
3.518647377552953	0.22130516423291788	197
3.4928540862861577	0.22257566811536736	196
3.461229148880821	0.22415347130305285	198
3.355987526949946	0.22956906873886254	194
3.355987526949946	0.22956906873886254	194
3.3650803341771924	0.2290908582301035	195
3.3236773702249534	0.23128460205807905	197
3.226114512410606	0.2366239715141067	198
3.226114512410606	0.2366239715141067	198
3.3447246788043183	0.23016418160591087	193
3.3097446510586592	0.23203230840007116	194
3.3097446510586592	0.23203230840007116	194
3.3097446510586592	0.23203230840007116	194
3.3097446510586592	0.23203230840007116	194
3.294513205802617	0.23285526253565367	195
3.226114512410606	0.2366239715141067	198
