4.4101092604958625	0.1848391505328573	179
4.37244181656893	0.18613510097325586	178
4.277900717156189	0.18946927075559214	210
4.115929179750538	0.19546791303486374	179
3.5496668190667178	0.21979631471236658	191
4.056839480085856	0.19775197609852188	183
3.991266641736238	0.20034994557055857	185
3.954672485287256	0.20182968762707695	191
3.708128164570218	0.21239863594309885	191
3.6098943051865127	0.21692471319242984	192
3.670485079963325	0.21411052232883965	191
3.6478333530714346	0.21515401350161759	192
3.62874198439516	0.2160414219179405	191
3.6505270363017686	0.21502939176442856	188
3.6120159087289485	0.21682492423916977	190
3.623229820318167	0.21629900283243558	193
3.6932299639325867	0.21307287469077532	187
3.6932299639325867	0.21307287469077532	187
3.7046642797548817	0.2125550178581714	188
3.699434868456937	0.21279154366242994	193
3.6490529612078157	0.2150975711277339	192
3.663302020622979	0.21444032481224715	188
3.6782425311837597	0.21375548474331985	193
3.6782425311837597	0.21375548474331985	193
3.6782425311837597	0.21375548474331985	193
3.6782425311837597	0.21375548474331985	193
3.6782425311837597	0.21375548474331985	193
3.6782425311837597	0.21375548474331985	193
3.6782425311837597	0.21375548474331985	193
3.6782425311837597	0.21375548474331985	193
3.6782425311837597	0.21375548474331985	193
3.6782425311837597	0.21375548474331985	193
3.6782425311837597	0.21375548474331985	193
3.6782425311837597	0.21375548474331985	193
3.620489675733682	0.21642727723251784	190
3.620489675733682	0.21642727723251784	190
3.6032912382744158	0.21723587499427013	191
3.6032912382744158	0.21723587499427013	191
3.6249957502770247	0.21621641488861967	192
3.6249957502770247	0.21621641488861967	192
3.672966889962016	0.21399680835490117	199
3.672109911348454	0.21403606057533486	195
3.640130834957354	0.21551116457025304	191
3.6090349868560208	0.2169651570994331	193
3.6090349868560208	0.2169651570994331	193
3.6046821707514916	0.21717025473590904	189
3.581574395947424	0.21826558156177445	190
3.6046821707514916	0.21717025473590904	189
3.583478937646022	0.21817488715538394	192
3.583478937646022	0.21817488715538394	192
3.507495108950247	0.2218527088391873	196
3.507495108950247	0.2218527088391873	196
3.583478937646022	0.21817488715538394	192
3.583478937646022	0.21817488715538394	192
3.583478937646022	0.21817488715538394	192
3.583478937646022	0.21817488715538394	192
3.583478937646022	0.21817488715538394	192
3.5543830329537167	0.2195687083770502	193
3.5543830329537167	0.2195687083770502	193
3.5618226866524902	0.21921062450014023	191
3.5618226866524902	0.21921062450014023	191
3.5618226866524902	0.21921062450014023	191
3.5618226866524902	0.21921062450014023	191
3.4972451534120195	0.22235834736323168	196
3.4972451534120195	0.22235834736323168	196
3.5660504935785613	0.21900765254487312	191
3.5660504935785613	0.21900765254487312	191
3.5660504935785613	0.21900765254487312	191
3.5660504935785613	0.21900765254487312	191
3.5660504935785613	0.21900765254487312	191
3.5660504935785613	0.21900765254487312	191
3.5660504935785613	0.21900765254487312	191
3.5660504935785613	0.21900765254487312	191
3.5660504935785613	0.21900765254487312	191
3.5660504935785613	0.21900765254487312	191
3.5660504935785613	0.21900765254487312	191
3.558681457320429	0.2193616749409368	195
3.558681457320429	0.2193616749409368	195
3.558681457320429	0.2193616749409368	195
3.5434040392944155	0.22009928928867586	193
3.5434040392944155	0.22009928928867586	193
3.5434040392944155	0.22009928928867586	193
3.5434040392944155	0.22009928928867586	193
3.5434040392944155	0.22009928928867586	193
3.5434040392944155	0.22009928928867586	193
3.5434040392944155	0.22009928928867586	193
3.5434040392944155	0.22009928928867586	193
3.504079619890968	0.22202094198863373	197
3.504079619890968	0.22202094198863373	197
3.5434040392944155	0.22009928928867586	193
3.5434040392944155	0.22009928928867586	193
3.5434040392944155	0.22009928928867586	193
3.5434040392944155	0.22009928928867586	193
3.537657142381649	0.22037804281421247	196
3.5434040392944155	0.22009928928867586	193
3.5434040392944155	0.22009928928867586	193
3.5434040392944155	0.22009928928867586	193
3.5434040392944155	0.22009928928867586	193
3.5434040392944155	0.22009928928867586	193
3.5434040392944155	0.22009928928867586	193
3.4972451534120195	0.22235834736323168	196
