26.062502121000012	0.03695149825869272	31
25.158569175221086	0.038228390601243514	40
25.19586022985626	0.03817397066656616	39
24.882049805981655	0.0386368161523624	44
24.879415468393937	0.03864074910120292	44
24.702378747469805	0.038906904680892314	44
24.755897919265305	0.03882605852588056	44
24.648314898390772	0.038988916190464504	44
24.578891179722646	0.039094736084288824	39
24.520143179304423	0.03918473313311779	45
24.624969399921817	0.03902443684490999	44
24.559801717698576	0.03912393417776641	44
24.561408734969113	0.0391214744996412	39
24.361650316746093	0.03942961075130462	40
24.464802025363177	0.03926989100500333	40
24.593138987568224	0.03907297188069609	40
24.519004769627514	0.039186481174618176	39
24.528297178006255	0.039172217129372175	40
24.660808034741393	0.03896993417534359	38
24.49066027241507	0.03923005482451776	39
24.601541320790567	0.039060148272710336	39
24.611658719284826	0.03904471830428653	39
24.491116176121366	0.039229353202538196	39
24.604945937692968	0.03905495455578771	39
24.35242187903897	0.03944396337246131	39
24.42680751679189	0.03932857081407483	39
24.43777059795059	0.03931162112455585	39
24.464802025363177	0.03926989100500333	40
24.65603456864315	0.03897718477594358	39
24.445177727573963	0.03930017745234054	40
24.487906044657677	0.039234294031368744	39
24.502292787287644	0.03921216058261549	40
24.512228614292546	0.039196889269006344	39
24.15849116861098	0.03974801164736187	40
24.577611043471897	0.039096692740396774	39
24.1500260622713	0.03976139020786724	40
24.484533809457815	0.03923948570049495	40
24.358723706361808	0.03943416126061295	39
24.63922949479754	0.039002732129797824	39
24.385418798093447	0.03939269263011348	40
24.30090744777651	0.039524274062663386	40
24.30935251912883	0.03951108584244497	39
24.56033877215547	0.03912311213532759	39
24.375734697452273	0.03940772599976781	39
24.262633717070294	0.03958415465305531	39
24.212672053055556	0.03966259497984501	40
24.145219203824873	0.03976899115072692	40
24.36060350749635	0.03943123828675487	40
24.38392501864854	0.03939501078991293	40
24.414102355804992	0.039348232174392886	38
24.348715436210256	0.03944973079667442	39
24.362586535895915	0.03942815527054744	39
24.221330868732657	0.039648978287649295	40
24.252465769461885	0.03960009327918037	40
24.38549522449096	0.039392574033191914	40
24.27071066922963	0.03957150287892892	39
24.33606961094167	0.03946942108053487	39
24.753658300989642	0.03882943496076333	39
24.753658300989642	0.03882943496076333	39
24.38089827983171	0.03939970874847344	39
24.108051173268734	0.03982786211080568	41
24.41858240822792	0.03934129700625252	40
24.17802928217892	0.03971716724897936	39
24.211617751455698	0.0396642535936537	39
24.335056943506032	0.03947099871256944	40
24.41772708106665	0.039342620872850884	39
24.429308858843996	0.03932470227763239	40
24.394212278025506	0.03937905177178245	40
24.203914805414655	0.03967637598049514	39
24.209964083396848	0.03966685540256659	40
24.443330588831692	0.0393030305725363	39
24.15204079441336	0.03975820523566083	40
24.452367961107655	0.039289075245495596	39
23.821156605186545	0.040288211218611925	42
24.240725301648318	0.03961851286162114	41
24.161979868230404	0.039742500599589274	40
24.2126406537066	0.03966264437489559	40
24.211917560082107	0.03966378192443778	39
24.27013792046563	0.039572399768745464	39
24.35415163284098	0.039441272359699464	40
24.38074542703668	0.03939994602895927	40
24.289057347959016	0.039542794586635954	39
24.457198586748582	0.039281619954857766	39
24.26153227612695	0.03958588058195645	40
23.786846219238626	0.040343978865041624	38
24.038077537685787	0.039939168592111794	41
24.366203909486266	0.03942253257792457	40
24.243202994070295	0.03961462419150625	40
24.504719760964797	0.03920842923867405	39
24.41798178926549	0.03934222662880023	39
24.432210607069493	0.03932021543270903	39
23.739033122438208	0.040421951619968685	39
24.310639594555425	0.0395090766578301	39
24.373971816622173	0.039410463889020024	39
24.145345852070037	0.03976879084833415	41
24.070644106800053	0.03988728792686919	40
24.45908397600087	0.03927871092858859	41
24.276094319848397	0.039563074395348195	39
24.358727023638743	0.039434156102071925	39
24.3782654063017	0.03940379627961843	39
23.739033122438208	0.040421951619968685	39
