26.06450572100002	0.03694876271928643	31
25.8700704320858	0.037216128723127226	30
25.82609433700001	0.03727713723203998	31
25.710428904000015	0.0374385601816467	31
25.860885657000015	0.0372288543560885	31
25.86236288800001	0.03722680704483824	32
25.873094032000015	0.03721194138677211	31
25.94031649900001	0.03711908878416921	33
25.785105442000013	0.03733418194546152	32
25.85699731500001	0.03723424433011675	31
25.594305021000014	0.03760203544369205	31
25.89076985600001	0.037187481256765686	31
26.13469962800001	0.036853181118987235	31
26.13469962800001	0.036853181118987235	31
26.13469962800001	0.036853181118987235	31
25.806092298000014	0.03730495250419657	32
25.915271502000014	0.037153628560859665	31
25.794223519000017	0.03732147711953255	31
25.77639487800001	0.03734632703753629	31
25.776259041000014	0.03734651649690094	33
25.790946444000017	0.037326042291572555	32
25.75556083600001	0.037375407906026205	31
25.820389173000013	0.037285066728513255	31
25.81088056300001	0.03729829005989592	32
25.85305803400001	0.03723970650694046	32
25.778466394000016	0.03734343801794639	32
25.667776002000014	0.037498440062081015	34
25.734930552000012	0.037404249023762326	33
25.79011444100001	0.03732720150196837	32
25.908445681000014	0.03716305326048979	31
25.757445578000013	0.03737277525557972	32
25.802713348000015	0.037309655444814085	31
25.845264370000013	0.037250517864801325	32
25.69085135700001	0.03746602109556679	32
25.572418240000008	0.03763300693855102	34
25.830848643000014	0.03727053189057042	32
25.850171494000012	0.03724370997866668	31
25.722824055000014	0.03742119462904945	31
25.596087885000014	0.03759951479796366	31
25.784001764000013	0.037335720360655196	31
25.77279519100001	0.0373513483693388	31
25.760077425000016	0.0373690996523714	32
25.791591670000013	0.03732514336278698	33
25.678099636000017	0.037483929276978106	30
25.762216862000013	0.037366112275246964	32
25.815278294000013	0.0372921731050523	31
25.788110842000012	0.037329993365270826	32
25.790454035000007	0.03732672834486359	33
25.797364755000014	0.03731710222787537	32
25.731178047000018	0.03740949980736924	32
25.633375214000015	0.037546874624975926	33
25.659354091000015	0.03751028613021019	33
25.904302644000015	0.037168776059059536	31
25.657876862000013	0.03751236473844882	31
25.76887288900001	0.03735682126575171	31
25.67562060500001	0.03748741275067327	32
25.730991272000008	0.03740976119533109	34
25.761079225000014	0.03736770074152342	32
25.80040411500001	0.03731287019811416	33
25.711396745000012	0.0374372036605381	32
25.903538559000015	0.03716983168615457	31
25.75966991400001	0.037369668729614045	31
25.795242298000016	0.037320058123700546	31
25.677216694000013	0.03748516989123946	30
25.806635650000015	0.03730419635856092	33
25.777617413000012	0.03734462198696287	32
25.76613916300001	0.037360636657764346	32
25.79687234400001	0.03731778795535093	30
25.876422044000012	0.03720733356407623	31
25.657537269000013	0.03751284261216799	31
25.788110842000012	0.037329993365270826	32
25.552602982000014	0.03766109110575333	34
25.74007538800001	0.03739705238261087	32
25.615580532000013	0.03757197776684586	32
25.77462899300001	0.0373487901648027	31
25.761690494000018	0.037366847218571655	32
25.694909496000015	0.037460325540711825	31
25.795530953000014	0.03731965609317551	32
25.677454408000013	0.03748483587325037	31
25.347811321000012	0.03795381664977118	31
25.63753523100001	0.03754101088287734	32
25.585492578000018	0.03761449960221983	32
25.658606988000013	0.037511337349702314	32
25.73596631100001	0.037402799972431476	31
25.797398714000014	0.03731705493778248	32
25.876897476000007	0.03720667539447066	31
25.81719699600001	0.0372895049452468	31
25.859391448000014	0.03723092542643818	33
25.722331643000015	0.03742188418883547	32
25.75556083600001	0.037375407906026205	31
25.70047882400002	0.03745251186660889	32
25.770655754000014	0.03735433338612119	32
25.87975005800001	0.03720272687961166	33
25.88662681900001	0.03719321158180128	32
25.68113899200001	0.03747965933162886	32
25.685655584000013	0.03747331583637663	34
25.578344143000013	0.037624616289851594	32
25.763812951000016	0.0373638839066328	32
25.89615240800001	0.03718003916807667	32
25.625683431000017	0.03755772138549916	33
25.347811321000012	0.03795381664977118	31
