25.99859068400001	0.03703897035605726	32
26.001867760000014	0.037034475129212305	31
25.754983528000015	0.03737621437716325	31
25.760722652000016	0.037368198647104285	31
25.83353142800001	0.03726680562650539	33
25.884742078000013	0.03719581899274784	32
25.874842937000015	0.037209519785629974	31
25.828046998000016	0.037274424041174085	32
25.829766126531336	0.037272035666800804	33
25.691275850000007	0.03746542524305745	31
25.829766126531336	0.037272035666800804	33
24.98021358738374	0.038490830594464794	43
24.98021358738374	0.038490830594464794	43
24.98021358738374	0.038490830594464794	43
24.53535420734913	0.039161391374481026	45
24.53535420734913	0.039161391374481026	45
24.53535420734913	0.039161391374481026	45
24.53535420734913	0.039161391374481026	45
24.53535420734913	0.039161391374481026	45
24.53535420734913	0.039161391374481026	45
24.501737897812273	0.039213013795651445	43
23.72158099761193	0.04045048737362706	47
23.72158099761193	0.04045048737362706	47
23.637042899737196	0.04058928679345146	46
23.69123020656942	0.04050020965475982	45
23.69123020656942	0.04050020965475982	45
23.535625917235002	0.04075706091107103	48
23.535625917235002	0.04075706091107103	48
23.535625917235002	0.04075706091107103	48
23.27794912356561	0.04118964064511285	45
23.365633425275785	0.04104141199804172	44
22.565378008970374	0.042435135121504985	53
23.278419844309187	0.041188842042139656	50
22.17400238454172	0.04315180362055424	56
22.17400238454172	0.04315180362055424	56
22.17400238454172	0.04315180362055424	56
22.17400238454172	0.04315180362055424	56
22.17400238454172	0.04315180362055424	56
22.17400238454172	0.04315180362055424	56
22.17400238454172	0.04315180362055424	56
22.17400238454172	0.04315180362055424	56
22.17400238454172	0.04315180362055424	56
22.17400238454172	0.04315180362055424	56
22.17400238454172	0.04315180362055424	56
22.17400238454172	0.04315180362055424	56
22.17400238454172	0.04315180362055424	56
22.17400238454172	0.04315180362055424	56
22.17400238454172	0.04315180362055424	56
22.17400238454172	0.04315180362055424	56
22.17400238454172	0.04315180362055424	56
22.17400238454172	0.04315180362055424	56
22.17400238454172	0.04315180362055424	56
22.17400238454172	0.04315180362055424	56
22.232625334308697	0.04304291855140682	53
22.232625334308697	0.04304291855140682	53
22.232625334308697	0.04304291855140682	53
22.232625334308697	0.04304291855140682	53
22.678002976560254	0.042233291421997776	47
22.71545375979377	0.04216659778592809	48
22.71545375979377	0.04216659778592809	48
22.68346971356206	0.042223542922317746	46
22.71545375979377	0.04216659778592809	48
22.512724946640816	0.04253016195568037	52
22.71545375979377	0.04216659778592809	48
22.71545375979377	0.04216659778592809	48
22.71545375979377	0.04216659778592809	48
22.591529239270375	0.0423880957379992	48
22.71545375979377	0.04216659778592809	48
22.71545375979377	0.04216659778592809	48
22.659834092892506	0.04226572325375702	47
22.659834092892506	0.04226572325375702	47
22.659834092892506	0.04226572325375702	47
22.659834092892506	0.04226572325375702	47
22.659834092892506	0.04226572325375702	47
22.659834092892506	0.04226572325375702	47
22.659834092892506	0.04226572325375702	47
22.659834092892506	0.04226572325375702	47
22.659834092892506	0.04226572325375702	47
22.577094063622102	0.04241404802905435	43
22.577094063622102	0.04241404802905435	43
22.577094063622102	0.04241404802905435	43
22.577094063622102	0.04241404802905435	43
22.577094063622102	0.04241404802905435	43
22.577094063622102	0.04241404802905435	43
22.577094063622102	0.04241404802905435	43
22.577094063622102	0.04241404802905435	43
22.577094063622102	0.04241404802905435	43
22.577094063622102	0.04241404802905435	43
22.577094063622102	0.04241404802905435	43
22.477950936223504	0.04259315485906084	50
22.477950936223504	0.04259315485906084	50
22.577094063622102	0.04241404802905435	43
22.577094063622102	0.04241404802905435	43
22.577094063622102	0.04241404802905435	43
22.577094063622102	0.04241404802905435	43
22.577094063622102	0.04241404802905435	43
22.577094063622102	0.04241404802905435	43
22.577094063622102	0.04241404802905435	43
22.577094063622102	0.04241404802905435	43
22.577094063622102	0.04241404802905435	43
22.17400238454172	0.04315180362055424	56
