6.184435883244821E-4
0.002782900493504342
0.0039379581944762095
0.005390835056741659
0.007753610140302491
0.011314609593595303
0.01605103262526041
0.021746961420674088
0.028114520585272966
0.03487928665644497
0.041823515921356615
0.0487973161860825
0.055711477252085174
0.06252285820404509
0.06919774341885807
0.0757813355068676
0.08226731132261897
0.08866981009062454
0.09500046843969262
0.10126659750784026
0.10747073079688266
0.11361102640350504
0.11968212995462171
0.12567621760769865
0.13158403349389874
0.13739581087067543
0.14310202188740787
0.1486939395956383
0.15416402065517343
0.1595061312495464
0.16470299706161926
0.16977641070519925
0.1747124235263505
0.17951067300992002
0.18417196923918688
0.18869813670428728
0.1930918541864595
0.19735650023500884
0.20149600906482734
0.20551473963851924
0.20941735917916926
0.21320874129304845
0.21689387817218814
0.22047780591011612
0.223965541728318
0.22736203181802714
0.23067210850627595
0.2339004555223412
0.23705158024538975
0.2401297919380795
0.24313918510137997
0.2460836272143534
0.24896675024347117
0.2517919454157414
0.2545623608465352
0.25728090169554774
0.2599502325926074
0.26257278212932456
0.26515074925350446
0.2676861114317825
0.27018063446324747
0.2726358838342981
0.27505323750414584
0.2774339000029196
0.27977891771194346
0.28208919518017217
0.2843655123135944
0.28660854225708826
0.28881886977193943
0.29099700989784105
0.2931434266761742
0.2952585517017904
0.29734280226306914
0.29939659882408026
0.3014203815973895
0.30341462595048724
0.305379856382164
0.3073166587969112
0.30922569079560197
0.31110768969010905
0.31296347793986173
0.3147939657025038
0.31660015019274157
0.31838311155831334
0.3201440050156725
0.32188404904684204
0.3236045095490468
0.32530667995502527
0.32699185750689896
0.32866131606905835
0.33031627609984265
0.33195787265630816
0.33358712256350026
0.3352048921162913
0.3368118668710167
0.33840852519764336
0.33999511727536413
0.341571651106424
0.34313788688662433
0.3446933407123178
0.34623729814414184
0.34776883762298977
0.34928686319031693
0.35079014545480935
0.35227736932142095
0.35374718670045024
0.3551982722762537
0.35662938045958953
0.3580302091728198
0.35941725486474885
0.3607815511775253
0.3559172076556733
0.35726336217280946
0.35858571983331794
0.35988492686620016
0.3611620530226913
0.3624186513188366
0.36365686725330826
0.36480407182505314
0.36600603039806295
0.3671939076191206
0.3683699931698167
0.3695366868416133
0.37069643726321305
0.371851676771947
0.37300475524040516
0.37415787624643787
0.3753130393612557
0.3764719924209965
0.37763619736279985
0.3788068125170038
0.37998469318667955
0.38117041101527055
0.3823642911977127
0.38356646521218674
0.3847769356130053
0.38599564866219893
0.38722257025386053
0.38845776069174603
0.3897014443408642
0.39095407086719364
0.3922163655700308
0.393489367075605
0.394774451310296
0.396073341166337
0.39738810162120936
0.3987211203258448
0.4000750739173823
0.4014528806312227
0.4028576402650904
0.4042925632315196
0.4057608913171442
0.40726581377226523
0.40881038333870606
0.4103974375925891
0.4120295313202118
0.41370888538345874
0.4154373565782178
0.41721643138557607
0.4190472444401192
0.42093062028189604
0.42286713485667754
0.4248571915909666
0.42690110590069597
0.42899919175967727
0.4311518443758464
0.433359613912933
0.4356232663167103
0.4379438284370439
0.44032261562180447
0.442761240729299
0.44526160408825977
0.4478258644292469
0.45045639135967375
0.45315570069464883
0.4559263749760145
0.458770972809674
0.46169193210616716
0.4646914736839665
0.4677715126709288
0.4709335853908608
0.4741787987109321
0.4775078070906919
0.48092081998112546
0.4844176391502743
0.4879977224644613
0.4916602681314568
0.495404311780474
0.4992288281612736
0.5031328296059114
0.5071154544501203
0.5111760400173485
0.5153141762146872
0.519529737071197
0.5238228886054186
0.5281940723181968
0.5326439645409948
0.5371734130242283
0.5417833536634364
0.54647471213982
0.551248297320975
0.5561046951705547
0.5610441731756409
0.5660666054465548
0.5711714273663304
0.5763576259549104
0.5816237683086758
0.5869680662144544
0.5923884710793861
0.5978827903347854
0.6034488148628205
0.6090844468057875
0.6147878180824027
0.620557391607212
0.626392039127999
0.6322910914297966
0.6382543582745057
0.6442821169275849
0.6503750696802041
0.6565342726448393
0.6627610404208489
0.669056833918161
0.6754231413478877
0.6818613645599589
0.6883727238535831
0.6949581935496996
0.7016184777859108
0.7083540314551385
0.7151651257131569
0.7220519520570888
0.7290147546264769
0.7360539777762405
0.7431704153040415
0.7503653487018005
0.7576406638662538
0.7649989382175911
0.7724434926698301
0.7799784051807463
0.7876084847694789
0.7953392071877873
0.8031766161355881
0.8111271971173967
0.8191977345232393
0.8273951657099597
0.8357264479286881
0.8441984540561746
0.8528179107186121
0.8615913876067705
0.870525340300835
0.8796262019856954
0.8889005134052329
0.8983550763419783
0.9079971142828157
0.9178344245549719
