0.003872258648123608
0.007036507255504749
0.008272629048735594
0.011627904684720075
0.023627535569439032
0.03174629105035236
0.035306957117828074
0.03921134546228668
0.047546729654523
0.050629212863807324
0.0571200500331083
0.05515612575491177
0.06142835908624405
0.06769416587049991
0.07049558911840333
0.07225166135970068
0.08119152306762513
0.08837294900816488
0.08529833591576148
0.09869334126683658
0.09396758128150415
0.1054878748598537
0.10717084989281164
0.1068370909375995
0.12006805869987691
0.12055836923979192
0.11852517923712261
0.12820184401670853
0.13799268224820332
0.13727833594795535
0.13543756339044588
0.14082058056745608
0.1512152379815396
0.15906515210168806
0.16044512413877512
0.15892410117930558
0.15958595910051815
0.1644675347849156
0.17261370143780896
0.18134496531051256
0.18788588516639906
0.19104736476749287
0.19168364928490783
0.19165692816671076
0.19260379685611964
0.1953995739446637
0.2001776491120399
0.2065252350693356
0.2136921851010297
0.22080487862993817
0.2270895857831236
0.2320609607456775
0.23560886216686952
0.23795679962216823
0.23953164103180655
0.24081650633250656
0.24224089442952493
0.244124164753416
0.24666176406285126
0.24993585743861424
0.2539357669465694
0.25858015887832675
0.2637379048290284
0.269247117654572
0.27493262358817916
0.2806219147906719
0.2861591076462275
0.2914160552255383
0.2962997474842964
0.3007554939449367
0.30476597526955646
0.30834685287168623
0.3115400460973152
0.31440592778595605
0.317015565903577
0.31944384295996436
0.3217639302226896
0.3240432729669736
0.3263410074506529
0.32870659191511975
0.33117937870519487
0.33378885757993915
0.3365553362984745
0.3394908738585459
0.3426003314385365
0.3458824492282582
0.3493308912912478
0.3529352253415237
0.35668182110809415
0.3605546615301825
0.3645360670876413
0.3686073365942753
0.3727493089209397
0.376942850216085
0.3811692708341019
0.3854106757343475
0.38965025178318907
0.3938724952686905
0.3980633830344251
0.40221049091735733
0.40630306357032125
0.41033204018880515
0.41429004107443007
0.4181713202955601
0.4219716899070693
0.42568842124280487
0.429320128689259
0.4328666410958597
0.43632886559582
0.4397086481289968
0.44300863440566596
0.44623213445910975
0.4493829933347291
0.3708119429025512
0.37427788593233013
0.3776910473829776
0.38105503855656153
0.38437355398479645
0.38765031263379446
0.3908890070365429
0.39409326004711087
0.39726658878533133
0.40041237525320256
0.403533843049413
0.4066340395806728
0.4097158231629271
0.4127818544170381
0.38261597856638796
0.3855298371878633
0.3884338578095344
0.3913297221420438
0.3942189355897409
0.39710283280763103
0.39998258434509576
0.40285920411723547
0.4057335574792196
0.408606369710858
0.41147823474757594
0.4143496240200685
0.4172208952881117
0.42009230137454007
0.4229639987233271
0.42583605572130573
0.42870846073648733
0.4315811298374368
0.43445391416789364
0.43732660695906783
0.44019895016889904
0.44307064074323793
0.4459413364986201
0.4488106616300473
0.4516782118502864
0.3234154900841217
0.326256915326428
0.3291003949924083
0.3319455275430111
0.33479190321641666
0.33763910626622234
0.34048671703031086
0.3433343138368919
0.3461814747544181
0.34902777919227984
0.35187280935922277
0.35471615158648173
0.35755739752256793
0.3603961452065782
0.3632320000267783
0.3660645755710786
0.3688934943758352
0.3717183885792623
0.37453890048551064
0.37735468304529224
0.3801654002587012
0.38297072750566785
0.3857703518092702
0.3885639720368955
0.3913512990440306
0.39413205576523663
0.39690597725665316
0.39967281069414173
0.40243231533100304
0.40518426241895866
0.40792843509591015
0.4106646282437858
0.4133926483195874
0.41611231316257613
0.4188234517803487
0.42152590411637847
0.4242195208014437
0.4269041628911873
0.42957970159190606
0.4322460179765245
0.4349030026925508
0.4375505556636979
0.4401885857867012
0.44281701062475776
0.44543575609889086
0.4480447561784274
0.4506439525716754
0.45323329441778576
0.4558127379806998
0.45838224634597313
0.4609417891212079
0.4634913421407331
0.46603088717509916
0.4685604116458956
0.4710799083463204
0.47358937516788613
0.4760888148335849
0.47857823463778054
0.4810576461930541
0.6668007954873053
0.6703716971729846
0.6739309654654155
0.6774786275745679
0.6810147150148727
0.6845392633254529
0.7426052153036782
0.7464570064549814
0.7502996314026817
0.7541331557531897
0.7579576476467486
0.7617731775304153
0.7655798179408249
0.7693776432965728
0.7731667296999895
0.7769471547481106
0.7807189973526198
0.7844823375685248
0.7882372564313446
0.79198383580255
0.7957221582230298
0.7994523067743143
0.8031743649473339
0.8068884165184321
0.8105945454324129
0.8142928356923477
0.8179833712559226
0.8216662359380595
0.8253415133195829
0.8290092866616894
0.8326696388259961
0.8363226521999271
0.839968408627221
0.8436069893433437
0.847238474915581
0.8508629451876207
0.8544804792283998
0.8580911552850394
0.861695050739664
0.8652922420699216
0.8688828048130306
0.8724668135331661
0.8760443417920406
