155.52380952380952
161.33333333333334
174.14285714285714
175.66666666666666
175.23809523809524
176.33333333333334
185.42857142857142
182.04761904761904
183.8095238095238
183.71428571428572
185.71428571428572
187.0952380952381
190.23809523809524
194.1904761904762
192.8095238095238
196.61904761904762
196.47619047619048
198.52380952380952
200.9047619047619
202.1904761904762
203.42857142857142
208.04761904761904
210.0952380952381
211.8095238095238
213.52380952380952
215.23809523809524
217.33333333333334
219.28571428571428
220.66666666666666
221.47619047619048
223.47619047619048
224.47619047619048
225.71428571428572
226.0
226.66666666666666
227.38095238095238
228.52380952380952
229.28571428571428
229.95238095238096
230.1904761904762
231.66666666666666
231.85714285714286
232.04761904761904
231.57142857142858
232.9047619047619
232.52380952380952
233.33333333333334
233.61904761904762
233.71428571428572
233.76190476190476
234.85714285714286
235.28571428571428
234.9047619047619
235.33333333333334
235.76190476190476
236.76190476190476
236.9047619047619
237.14285714285714
236.95238095238096
237.1904761904762
237.1904761904762
237.66666666666666
238.28571428571428
238.14285714285714
238.52380952380952
239.1904761904762
239.14285714285714
239.66666666666666
239.28571428571428
239.38095238095238
239.38095238095238
239.8095238095238
239.52380952380952
239.71428571428572
239.42857142857142
239.71428571428572
239.76190476190476
239.85714285714286
239.8095238095238
240.33333333333334
240.33333333333334
240.71428571428572
240.61904761904762
240.66666666666666
240.71428571428572
240.57142857142858
241.04761904761904
241.52380952380952
241.42857142857142
241.52380952380952
241.47619047619048
241.71428571428572
241.9047619047619
241.85714285714286
242.0
242.28571428571428
242.14285714285714
242.14285714285714
242.33333333333334
241.9047619047619
242.0952380952381
