3.1219887841209943	0.24260133939526185	642
7.574160221740018	0.11662949771622794	420
7.946819610784652	0.11177156168372755	444
6.861080301938578	0.1272089791212787	552
6.852503426244378	0.1273479227857237	433
5.1325516321704105	0.16306426100909704	526
7.432124121740177	0.11859407968411467	435
7.100917404210308	0.12344280901818205	442
7.333993203780271	0.11999049861792585	449
5.895561171114715	0.14502082936903932	595
7.328876439974735	0.12006421360754793	438
7.28085475292016	0.1207604806312247	444
7.28085475292016	0.1207604806312247	444
7.28085475292016	0.1207604806312247	444
7.28085475292016	0.1207604806312247	444
7.065434067248775	0.12398588738834153	447
7.218548202170993	0.12167599135524232	441
7.218548202170993	0.12167599135524232	441
6.588762119812576	0.13177379712420048	609
7.111210752944422	0.12328615671057412	441
7.158093860837228	0.1225776531942689	444
7.112823171692644	0.12326165366073942	445
7.008658572880554	0.12486485606793948	439
6.9440424435756904	0.12588049561702622	453
6.724931255633106	0.12945099016522496	460
6.506333173523911	0.13322083857497383	454
6.498492416988777	0.1333601401975648	456
6.324868849349154	0.13652121567867448	465
6.132320035381467	0.14020683242469165	470
5.950884824628474	0.14386657601587438	473
5.93289821809297	0.14423982129007365	472
5.890789306813951	0.14512125613986643	469
5.909322756636136	0.1447319853511748	473
5.909322756636136	0.1447319853511748	473
5.768231917441714	0.1477490742335532	480
5.768231917441714	0.1477490742335532	480
5.768231917441714	0.1477490742335532	480
5.768231917441714	0.1477490742335532	480
5.634321011836002	0.15073132551408708	480
5.768231917441714	0.1477490742335532	480
5.768231917441714	0.1477490742335532	480
5.768231917441714	0.1477490742335532	480
5.768231917441714	0.1477490742335532	480
5.768231917441714	0.1477490742335532	480
5.768231917441714	0.1477490742335532	480
5.768231917441714	0.1477490742335532	480
5.693549477745433	0.1493975660185643	479
5.693549477745433	0.1493975660185643	479
5.693549477745433	0.1493975660185643	479
5.693549477745433	0.1493975660185643	479
5.693549477745433	0.1493975660185643	479
5.693549477745433	0.1493975660185643	479
5.693549477745433	0.1493975660185643	479
5.693549477745433	0.1493975660185643	479
5.693549477745433	0.1493975660185643	479
5.693549477745433	0.1493975660185643	479
5.693549477745433	0.1493975660185643	479
5.339028119618685	0.15775288910694305	599
5.185572681290116	0.16166651844941726	617
5.693549477745433	0.1493975660185643	479
5.693549477745433	0.1493975660185643	479
5.693549477745433	0.1493975660185643	479
5.693549477745433	0.1493975660185643	479
5.693549477745433	0.1493975660185643	479
5.693549477745433	0.1493975660185643	479
5.693549477745433	0.1493975660185643	479
5.643175936602897	0.15053041038551318	479
5.643175936602897	0.15053041038551318	479
5.617740061484073	0.1511089874653891	482
5.617740061484073	0.1511089874653891	482
5.617740061484073	0.1511089874653891	482
5.617740061484073	0.1511089874653891	482
5.617740061484073	0.1511089874653891	482
5.617740061484073	0.1511089874653891	482
5.617740061484073	0.1511089874653891	482
5.617740061484073	0.1511089874653891	482
5.617740061484073	0.1511089874653891	482
5.617740061484073	0.1511089874653891	482
5.617740061484073	0.1511089874653891	482
5.617740061484073	0.1511089874653891	482
5.617740061484073	0.1511089874653891	482
5.617740061484073	0.1511089874653891	482
5.617740061484073	0.1511089874653891	482
5.617740061484073	0.1511089874653891	482
5.617740061484073	0.1511089874653891	482
5.617740061484073	0.1511089874653891	482
5.617740061484073	0.1511089874653891	482
5.617740061484073	0.1511089874653891	482
5.617740061484073	0.1511089874653891	482
5.617740061484073	0.1511089874653891	482
5.617740061484073	0.1511089874653891	482
5.617740061484073	0.1511089874653891	482
5.617740061484073	0.1511089874653891	482
5.617740061484073	0.1511089874653891	482
5.617740061484073	0.1511089874653891	482
5.617740061484073	0.1511089874653891	482
5.617740061484073	0.1511089874653891	482
5.178829097938004	0.16184296153031966	603
5.617740061484073	0.1511089874653891	482
5.617740061484073	0.1511089874653891	482
3.1219887841209943	0.24260133939526185	642
