8.980841130477945	0.10019195646210169	409
8.650325447879213	0.10362344828689309	590
8.150588710232393	0.1092825862539071	434
8.22134797464817	0.10844401520789089	436
6.009952895130627	0.14265431094332132	463
5.913410870836977	0.1446464008407668	468
3.98127594876435	0.20075177731281058	575
3.2304755104330622	0.23638004700271453	609
3.1846641346956024	0.23896780429972103	614
3.1846641346956024	0.23896780429972103	614
3.15369598608128	0.24074944419402003	612
2.9559472255875887	0.25278395867666487	629
2.6627060166321246	0.27302218508912834	680
2.787322761198958	0.26403875852488173	644
2.1141817720749243	0.32111163483360755	696
2.6951175480581524	0.2706273851898209	644
2.521066001176293	0.2840049006936896	692
1.8625977179637374	0.3493330528857313	700
2.62657404094754	0.27574233662653225	642
2.60846987996296	0.27712577166094143	643
1.982600027791762	0.3352779422926424	695
2.561261048500674	0.28079940964198896	645
2.561261048500674	0.28079940964198896	645
2.561261048500674	0.28079940964198896	645
2.550902164592151	0.2816185728718487	641
2.556559501343877	0.28117060873637606	643
1.8163089290154288	0.3550746829289059	702
2.257072601313223	0.30702416630099333	691
2.487853740127825	0.28670927008635155	646
1.8566832812450909	0.35005630710456226	695
1.8566832812450909	0.35005630710456226	695
2.4752637762420933	0.2877479421378857	645
2.4616780170804824	0.2888772425008442	648
2.4518159236222923	0.2897025861537288	646
2.449778323006774	0.28987369806660945	646
2.4384453971515687	0.2908291057430799	646
2.429182766488659	0.2916146697610867	647
2.4132144542053555	0.2929789538327776	647
2.4242821536168986	0.2920320099626574	645
2.42450206472597	0.29201325655501403	645
2.421163114018624	0.29229825257450626	644
2.410271419670737	0.2932317921183383	647
2.4014085447754603	0.2939958510823385	645
2.4014085447754603	0.2939958510823385	645
2.4014085447754603	0.2939958510823385	645
2.4014085447754603	0.2939958510823385	645
2.399120485891038	0.29419374928037073	647
2.3952193909686526	0.29453177684482446	646
2.3868818655494453	0.2952568290532249	646
2.382559533473877	0.2956341167402909	644
2.382559533473877	0.2956341167402909	644
2.382559533473877	0.2956341167402909	644
2.3645308269682026	0.29721826056238143	648
2.3217416437872136	0.30104689263547635	649
2.3217416437872136	0.30104689263547635	649
2.3217416437872136	0.30104689263547635	649
2.318759682339604	0.3013173883367887	649
2.3139357043519766	0.3017560053101709	649
2.3139357043519766	0.3017560053101709	649
2.3139357043519766	0.3017560053101709	649
2.3137571553533123	0.30177226426641396	649
2.3137571553533123	0.30177226426641396	649
2.2045488313530273	0.3120564087574784	691
2.311859065379155	0.3019452157410919	650
2.311782839372659	0.30195216549567816	650
2.311782839372659	0.30195216549567816	650
2.3105406721436585	0.3020654627246959	650
2.30788452699218	0.30230801342672264	649
1.9285570024818424	0.34146509668500136	699
2.30788452699218	0.30230801342672264	649
2.30788452699218	0.30230801342672264	649
2.3051109167127497	0.3025617067625059	649
2.3013644950343433	0.3029050568345672	649
2.3013644950343433	0.3029050568345672	649
2.182132874747598	0.3142546334050612	694
2.3008445938171143	0.30295276605058064	650
2.2994266761447975	0.30308295899712073	649
2.299211531582048	0.3031027233105229	649
2.299211531582048	0.3031027233105229	649
2.2978228162684378	0.30323036006268006	650
2.2978228162684378	0.30323036006268006	650
2.2978228162684378	0.30323036006268006	650
2.2978228162684378	0.30323036006268006	650
2.2974287857174747	0.30326659496981795	650
2.2966593098075996	0.3033373806704831	650
2.2966593098075996	0.3033373806704831	650
2.2966593098075996	0.3033373806704831	650
2.2966593098075996	0.3033373806704831	650
2.2966260733316464	0.3033404389080066	650
2.2965183965738363	0.30335034715393305	650
2.295897195713935	0.30340752172137664	650
2.295897195713935	0.30340752172137664	650
2.295897195713935	0.30340752172137664	650
2.295894654373484	0.30340775566750927	650
2.295894654373484	0.30340775566750927	650
2.2955394868607097	0.3034404545862649	650
2.294975583627325	0.3034923854880692	650
2.294975583627325	0.3034923854880692	650
2.294975583627325	0.3034923854880692	650
2.2949428938664065	0.3034953964942814	650
1.8163089290154288	0.3550746829289059	702
