2.5397913225270945	0.28250252878920823	300
0.4832058758563485	0.674215236251432	382
2.538652288094614	0.28259346174372213	297
2.4170801846419785	0.2926475078034419	273
2.533735830771403	0.28298663168086996	303
2.538563576747088	0.2826005463265619	297
2.5385924319286306	0.28259824188200516	297
2.5370447707558617	0.2827218949185937	297
2.3353656724915166	0.2998172009286767	306
1.8646667266146244	0.3490807467093282	314
1.8552891714542818	0.3502272239174538	316
1.8433481952083854	0.35169804446926395	322
1.768590474028653	0.36119462570600847	326
1.7013533070788276	0.3701848245394357	330
1.5303508059901003	0.39520211886537615	346
1.3937816306412387	0.41774904911945676	352
1.4846552989645692	0.4024703146616475	344
1.408734009552451	0.4151558437063802	353
1.3668730477643012	0.42249836802382756	348
1.0851612577762166	0.4795792154063328	363
1.0178555267279792	0.4955756181521745	377
0.5032274217417534	0.6652353366740238	382
0.4127942508351882	0.7078171498849457	381
0.4034287034308415	0.7125406495929476	382
0.32404844774003017	0.7552593726512525	382
0.3079751692431776	0.7645405077365661	382
0.3024763296453693	0.7677682712838815	382
0.28619391507898445	0.7774877398161152	382
0.2845636963145184	0.7784744367827405	382
0.26953873613649615	0.7876876628776484	382
0.26645587136714616	0.7896050881903168	382
0.263105174389846	0.7916997097910383	382
0.24706894058114812	0.8018802870144363	382
0.2433231086002245	0.8042961584827568	382
0.23870849744343325	0.8072924356811122	382
0.23540934716329515	0.8094483033467132	382
0.23540934716329515	0.8094483033467132	382
0.23038126751647534	0.812756197124571	382
0.22748882870936826	0.8146713653202373	382
0.2264839495838822	0.815338839402894	382
0.21909069554282634	0.8202835143079559	382
0.209622921120618	0.8267039112267984	382
0.205550423530709	0.8294966187074023	382
0.205550423530709	0.8294966187074023	382
0.20179845149161982	0.832086277660654	382
0.20312050171541254	0.8311719387826882	382
0.2007163070188686	0.8328361946568329	382
0.19929870255938867	0.8338206302282567	382
0.19153659339244203	0.83925244557776	382
0.18532929767916775	0.8436474167625521	382
0.18532929767916775	0.8436474167625521	382
0.18532929767916775	0.8436474167625521	382
0.18487857991085754	0.8439683330888077	382
0.18487857991085754	0.8439683330888077	382
0.18406066512296368	0.8445513219511864	382
0.18225850318254275	0.8458387038943532	382
0.18078148786165824	0.846896746163386	382
0.18078148786165824	0.846896746163386	382
0.18078148786165824	0.846896746163386	382
0.17217701093957316	0.8531134723401864	382
0.17217701093957316	0.8531134723401864	382
0.17217701093957316	0.8531134723401864	382
0.17217701093957316	0.8531134723401864	382
0.17217701093957316	0.8531134723401864	382
0.17217701093957316	0.8531134723401864	382
0.17217701093957316	0.8531134723401864	382
0.17256837780857945	0.8528287295866758	382
0.1693185756051313	0.8551989345439864	382
0.17256837780857945	0.8528287295866758	382
0.16468757525414396	0.8585993542360854	382
0.17143900624804587	0.8536509324568754	382
0.15711532708088818	0.8642180918325135	382
0.15711532708088818	0.8642180918325135	382
0.15711532708088818	0.8642180918325135	382
0.15711532708088818	0.8642180918325135	382
0.15711532708088818	0.8642180918325135	382
0.15711532708088818	0.8642180918325135	382
0.15711532708088818	0.8642180918325135	382
0.15711532708088818	0.8642180918325135	382
0.15711532708088818	0.8642180918325135	382
0.15711532708088818	0.8642180918325135	382
0.15711532708088818	0.8642180918325135	382
0.15711532708088818	0.8642180918325135	382
0.15711532708088818	0.8642180918325135	382
0.15711532708088818	0.8642180918325135	382
0.15711532708088818	0.8642180918325135	382
0.15711532708088818	0.8642180918325135	382
0.15711532708088818	0.8642180918325135	382
0.15711532708088818	0.8642180918325135	382
0.15711532708088818	0.8642180918325135	382
0.15711532708088818	0.8642180918325135	382
0.15711532708088818	0.8642180918325135	382
0.15711532708088818	0.8642180918325135	382
0.15711532708088818	0.8642180918325135	382
0.15711532708088818	0.8642180918325135	382
0.15711532708088818	0.8642180918325135	382
0.15711532708088818	0.8642180918325135	382
0.15711532708088818	0.8642180918325135	382
0.15711532708088818	0.8642180918325135	382
0.15711532708088818	0.8642180918325135	382
0.15711532708088818	0.8642180918325135	382
