2.547489430559934	0.28188949384471046	284
2.5400127478513883	0.2824848584533912	291
2.5338464999783  	0.28297776940966185	303
2.5387758892284693	0.2825835914175458	294
2.53867979221357	0.28259126530758083	297
2.5190395093816416	0.28416844918451	295
2.5263912404170257	0.28357602200762655	291
2.5058881708219185	0.285234425992989	295
2.5381058742653457	0.28263710458004326	293
2.5381700042087982	0.28263198173362475	294
2.5377576972879408	0.2826649209940534	294
2.537492639405521	0.28268610056190846	296
2.5371332301203697	0.2827148243907029	295
2.537218778396103	0.2827079868815563	296
2.5358262799104687	0.28281932449048974	296
2.5365521351547002	0.28276127759000413	296
2.216361346941689	0.3109103400184996	340
2.5334695126297926	0.28300796042690285	296
2.5342304765199968	0.2829470252841735	296
2.533082884243352	0.2830389302384455	297
2.5324633926856537	0.28308856705227514	298
2.532276551085758	0.2831035411688301	297
2.532054435875166	0.28312134429270813	297
2.5303673954903934	0.2832566381837131	298
2.5303673954903934	0.2832566381837131	298
2.5303673954903934	0.2832566381837131	298
2.530133495151542	0.2832754062625249	297
2.530133495151542	0.2832754062625249	297
2.5278650236809987	0.28345755670566813	298
2.530133495151542	0.2832754062625249	297
2.530133495151542	0.2832754062625249	297
2.530133495151542	0.2832754062625249	297
2.5284652749913463	0.28340933580604744	296
2.5284652749913463	0.28340933580604744	296
2.5284652749913463	0.28340933580604744	296
2.528155348303907	0.28343423156827	296
2.528155348303907	0.28343423156827	296
2.528155348303907	0.28343423156827	296
2.528155348303907	0.28343423156827	296
2.528155348303907	0.28343423156827	296
2.528155348303907	0.28343423156827	296
2.528155348303907	0.28343423156827	296
2.528155348303907	0.28343423156827	296
2.528155348303907	0.28343423156827	296
2.528155348303907	0.28343423156827	296
2.528155348303907	0.28343423156827	296
2.528155348303907	0.28343423156827	296
2.528155348303907	0.28343423156827	296
2.528155348303907	0.28343423156827	296
2.528155348303907	0.28343423156827	296
2.528155348303907	0.28343423156827	296
2.0109093936818954	0.33212557046665175	306
2.0109093936818954	0.33212557046665175	306
2.006366448730183	0.3326274481350655	306
2.0057412746967467	0.33269663241420916	305
1.721058557013959	0.3675040353035924	332
1.7202502443352115	0.3676132378197378	331
1.670905353826188	0.37440488056510746	325
1.6681821879344412	0.37478700087348404	326
1.6399992088892037	0.37878799229669324	327
1.6353131532402494	0.3794615447391707	328
1.6316375358198945	0.37999154001595703	328
1.6307668880647654	0.3801172975594262	327
1.3897533790180971	0.4184532214829969	366
1.3897533790180971	0.4184532214829969	366
1.3781630155920226	0.42049262117174874	368
1.2951563668984953	0.43570016161963127	368
1.2847762856149758	0.437679612790115	367
1.2632706215920089	0.44183845734567495	369
1.2389063771176316	0.4466466352592198	368
1.2362710120864533	0.4471729922693916	368
1.2080826833156615	0.45288159159800934	369
1.2013247851769022	0.45427190332554146	369
1.1908136014661888	0.456451429428207	369
1.1935748871462877	0.4558768455363479	370
1.1888857002439832	0.45685345739548455	370
1.1676187849396245	0.46133573253188676	372
1.1505409163361933	0.4649992903662896	367
1.1163942956129003	0.4725017460465247	369
1.1163942956129003	0.4725017460465247	369
1.099041883318667	0.4764078353781875	371
1.0890626263654404	0.478683591089753	372
1.068800839274409	0.48337180699845916	373
1.0598322854695625	0.48547641817937537	366
1.0573219336568787	0.4860687982957073	373
1.0212225863227948	0.4947500620499683	367
1.0212225863227948	0.4947500620499683	367
1.0148098659638864	0.49632474850007713	367
1.0009953805697431	0.4997512786437668	368
1.0009953805697431	0.4997512786437668	368
0.9887804064076379	0.502820722075754	377
0.9558268205166952	0.5112927123761487	378
0.8953490153648204	0.5276073123701273	375
0.8750704017587705	0.5333133086960491	376
0.8255725052877753	0.5477733681371173	380
0.7998130792426847	0.5556132531389173	382
0.7681793861238337	0.5655534771232569	377
0.728472214471169	0.5785456032372223	379
0.6945329631663686	0.590133105543973	378
0.6720343622142606	0.5980738330495246	379
0.6720343622142606	0.5980738330495246	379
