1.2548123562776439	0.4434958843541418	364
2.0031129439465847	0.33298780920501625	325
0.8054429790700249	0.553880688336718	375
2.0624029282284173	0.3265409625827697	334
2.0695564885081223	0.3257799632434925	311
2.499508111245711	0.28575444554235724	331
1.0087570092992468	0.4978202915388204	367
1.9626323681300026	0.33753766101974864	322
1.7453007924443684	0.36425881009185057	338
1.1490545844094462	0.4653208937802746	329
0.1027078244757593	0.9068585329712447	380
0.08153989855768135	0.9246075908374519	381
1.1579578425408565	0.4634010823967555	355
0.589734048550653	0.6290360333614867	367
0.6236513316870916	0.6158957779198366	360
0.5155326866322538	0.6598340034632664	363
1.092644773429282	0.4778641901851641	358
0.4893011577055412	0.67145586695214	371
0.48167018445452486	0.6749140331578912	364
0.27882330951907025	0.7819688557100762	373
0.44684877943548	0.6911572337160018	373
0.47729094407344036	0.6769147296351985	364
0.47729094407344036	0.6769147296351985	364
0.47729006645618177	0.6769151317715579	364
0.44933605146752337	0.6899711071062169	371
0.3251456296320427	0.7546340399414614	369
0.4769022511039218	0.6770928808948204	364
0.4772900445293191	0.6769151418187557	364
0.47729006056271694	0.6769151344720267	364
0.4754292514819185	0.677768858788452	364
0.4754292514819185	0.677768858788452	364
0.45617882902016194	0.6867288413146915	366
0.4754292514819185	0.677768858788452	364
0.4754292514819185	0.677768858788452	364
0.4754292514819185	0.677768858788452	364
0.4754292514819185	0.677768858788452	364
0.4754292514819185	0.677768858788452	364
0.4754292514819185	0.677768858788452	364
0.4754292514819185	0.677768858788452	364
0.4754292514819185	0.677768858788452	364
0.47350354571535375	0.6786546275424955	365
0.47350354571535375	0.6786546275424955	365
0.47350354571535375	0.6786546275424955	365
0.47350354571535375	0.6786546275424955	365
0.4725765703395062	0.6790818352959721	365
0.4725765703395062	0.6790818352959721	365
0.4725765703395062	0.6790818352959721	365
0.46885969920125214	0.6808002156664709	365
0.43786001470759395	0.6954779949168849	369
0.43786001470759395	0.6954779949168849	369
0.43786001470759395	0.6954779949168849	369
0.43786001470759395	0.6954779949168849	369
0.43786001470759395	0.6954779949168849	369
0.43786001470759395	0.6954779949168849	369
0.43786001470759395	0.6954779949168849	369
0.43669195588249815	0.6960434322093374	368
0.43786001470759395	0.6954779949168849	369
0.43786001470759395	0.6954779949168849	369
0.42590693286305475	0.7013080425888082	369
0.4359360002481716	0.6964098677289036	371
0.4359360002481716	0.6964098677289036	371
0.4359360002481716	0.6964098677289036	371
0.4330920210564852	0.6977918970358883	370
0.4330920210564852	0.6977918970358883	370
0.4330920210564852	0.6977918970358883	370
0.4330920210564852	0.6977918970358883	370
0.4131540969241427	0.7076369110605772	370
0.4131540969241427	0.7076369110605772	370
0.4131540969241427	0.7076369110605772	370
0.4330920210564852	0.6977918970358883	370
0.42222295203687055	0.7031246391909413	371
0.4330920210564852	0.6977918970358883	370
0.4124078381472701	0.7080107975836163	370
0.4124078381472701	0.7080107975836163	370
0.4124078381472701	0.7080107975836163	370
0.4124078381472701	0.7080107975836163	370
0.4124078381472701	0.7080107975836163	370
0.4124078381472701	0.7080107975836163	370
0.4124078381472701	0.7080107975836163	370
0.4124078381472701	0.7080107975836163	370
0.4124078381472701	0.7080107975836163	370
0.4124078381472701	0.7080107975836163	370
0.4124078381472701	0.7080107975836163	370
0.4124078381472701	0.7080107975836163	370
0.4124078381472701	0.7080107975836163	370
0.4124078381472701	0.7080107975836163	370
0.4124078381472701	0.7080107975836163	370
0.4124078381472701	0.7080107975836163	370
0.4124078381472701	0.7080107975836163	370
0.4124078381472701	0.7080107975836163	370
0.4124078381472701	0.7080107975836163	370
0.4124078381472701	0.7080107975836163	370
0.40833140056121237	0.710060146071802	372
0.40833140056121237	0.710060146071802	372
0.40833140056121237	0.710060146071802	372
0.40833140056121237	0.710060146071802	372
0.40833140056121237	0.710060146071802	372
0.40833140056121237	0.710060146071802	372
0.40833140056121237	0.710060146071802	372
0.40833140056121237	0.710060146071802	372
0.08153989855768135	0.9246075908374519	381
