2.540597672739122	0.28243819050651053	290
1.7691398437279773	0.36112296829825025	346
1.6063550517087988	0.3836775804372364	382
2.5144834528787645	0.2845368354717634	304
2.5144834528787645	0.2845368354717634	304
2.5144834528787645	0.2845368354717634	304
2.5144834528787645	0.2845368354717634	304
2.284286415594416	0.3044801437693771	300
2.2746324791618098	0.3053777809764974	300
2.2083754234938158	0.31168422269954704	300
2.148700507043163	0.3175913357790468	317
1.8170779924426321	0.3549777473973732	318
1.7571027295812551	0.3626995792615528	330
1.4379687108906554	0.41017753654216227	354
1.047630137982746	0.48836944790486686	360
1.3020425512809475	0.43439683573336235	364
1.1633035178816244	0.4622559856876818	372
1.026387890106892	0.49348893411875355	378
1.0308230165259589	0.4924112007114518	380
0.9296313127257393	0.5182337130440893	382
0.8065063921578732	0.5535546424529941	382
0.7785478025169769	0.562256464844416	380
0.7360567463862594	0.5760180374757794	380
0.7247662200196622	0.5797887205772154	381
0.5738928472348457	0.6353672689706218	382
0.5362774035322294	0.6509241089537519	382
0.5219927510866448	0.6570333526792674	382
0.44282359954490075	0.6930854196697521	382
0.33472566724934744	0.7492176291633301	382
0.31564956725602755	0.7600808185462644	382
0.2354445383434019	0.8094252465115855	382
0.22423797328151301	0.8168346529225413	382
0.21404568709352556	0.8236922305568585	382
0.21118242737884035	0.8256394556220015	382
0.2106463062053204	0.8260050808187114	382
0.2052287895820575	0.8297179827132859	382
0.2052287895820575	0.8297179827132859	382
0.2052287895820575	0.8297179827132859	382
0.2052287895820575	0.8297179827132859	382
0.205137668981648	0.8297807177872125	382
0.205137668981648	0.8297807177872125	382
0.205137668981648	0.8297807177872125	382
0.205137668981648	0.8297807177872125	382
0.205137668981648	0.8297807177872125	382
0.205137668981648	0.8297807177872125	382
0.205137668981648	0.8297807177872125	382
0.205137668981648	0.8297807177872125	382
0.205137668981648	0.8297807177872125	382
0.205137668981648	0.8297807177872125	382
0.20447618278760274	0.8302364250039637	382
0.20447618278760274	0.8302364250039637	382
0.20447618278760274	0.8302364250039637	382
0.20447618278760274	0.8302364250039637	382
0.20447618278760274	0.8302364250039637	382
0.20447618278760274	0.8302364250039637	382
0.20447618278760274	0.8302364250039637	382
0.20447618278760274	0.8302364250039637	382
0.20447618278760274	0.8302364250039637	382
0.20447618278760274	0.8302364250039637	382
0.20447618278760274	0.8302364250039637	382
0.20447618278760274	0.8302364250039637	382
0.20447618278760274	0.8302364250039637	382
0.20447618278760274	0.8302364250039637	382
0.20447618278760274	0.8302364250039637	382
0.20447618278760274	0.8302364250039637	382
0.20447618278760274	0.8302364250039637	382
0.20447618278760274	0.8302364250039637	382
0.20447618278760274	0.8302364250039637	382
0.20447618278760274	0.8302364250039637	382
0.20447618278760274	0.8302364250039637	382
0.20447618278760274	0.8302364250039637	382
0.20447618278760274	0.8302364250039637	382
0.20447618278760274	0.8302364250039637	382
0.20447618278760274	0.8302364250039637	382
0.20447618278760274	0.8302364250039637	382
0.20447618278760274	0.8302364250039637	382
0.20447618278760274	0.8302364250039637	382
0.20447618278760274	0.8302364250039637	382
0.20447618278760274	0.8302364250039637	382
0.20447618278760274	0.8302364250039637	382
0.20447618278760274	0.8302364250039637	382
0.20447618278760274	0.8302364250039637	382
0.20447618278760274	0.8302364250039637	382
0.20396286145028789	0.8305904044211171	382
0.20396286145028789	0.8305904044211171	382
0.20396286145028789	0.8305904044211171	382
0.20396286145028789	0.8305904044211171	382
0.20396286145028789	0.8305904044211171	382
0.20276972196681753	0.8314143445220419	382
0.20276972196681753	0.8314143445220419	382
0.20276972196681753	0.8314143445220419	382
0.20276972196681753	0.8314143445220419	382
0.20276972196681753	0.8314143445220419	382
0.20276972196681753	0.8314143445220419	382
0.20276972196681753	0.8314143445220419	382
0.20276972196681753	0.8314143445220419	382
0.20276972196681753	0.8314143445220419	382
0.20276972196681753	0.8314143445220419	382
0.20276972196681753	0.8314143445220419	382
0.20276972196681753	0.8314143445220419	382
0.20276972196681753	0.8314143445220419	382
