1.722298749550523	0.36733661217936103	349
2.543685820084284	0.2821920595591106	285
1.0066051232184652	0.4983541547008833	356
0.660198952677994	0.6023374478022311	363
2.538668954799552	0.28259213076252426	297
2.524832970171246	0.2837013862677917	280
2.507277567533789	0.2851214312938367	296
2.476560756415308	0.28764059369729034	294
2.4585313652210075	0.2891400697001046	295
2.4519052446490877	0.2896950898493326	294
2.4408517889670907	0.29062571169337986	295
2.423369965014637	0.29210982459376816	292
2.4036094824136898	0.2938057392209532	296
2.4115623245344295	0.2931208358142683	296
2.379829792541777	0.29587288750655016	299
2.3638469310592183	0.2972786873168206	292
2.3549936443033643	0.29806315779404147	302
2.3485805652150002	0.2986339974579031	294
2.343064119807778	0.29912677835730495	296
2.313330874579139	0.30181108915873683	301
2.3237226162240403	0.3008674656298676	301
2.3158316968061188	0.3015834612363534	295
2.2980869606592678	0.30320607428741236	296
2.172306773114897	0.3152280253835909	299
2.0838376714003863	0.3242712835613993	306
1.9961703313827739	0.33375939596147264	314
1.9307470802768638	0.34120992791555776	317
1.8722506116938213	0.3481590345663747	314
1.8722506116938213	0.3481590345663747	314
1.8722506116938213	0.3481590345663747	314
1.8722506116938213	0.3481590345663747	314
1.8722506116938213	0.3481590345663747	314
1.8722506116938213	0.3481590345663747	314
1.8386642388149994	0.3522783661154128	319
1.8200577773222115	0.3546026638324946	316
1.843228265784987	0.3517128793469947	316
1.776638558984874	0.3601477033314683	320
1.776638558984874	0.3601477033314683	320
1.776638558984874	0.3601477033314683	320
1.776638558984874	0.3601477033314683	320
1.7511370401038  	0.36348607336633076	322
1.725439816063042	0.36691325712138534	323
1.725439816063042	0.36691325712138534	323
1.7073518168888095	0.36936462921511387	327
1.7073518168888095	0.36936462921511387	327
1.7073518168888095	0.36936462921511387	327
1.7073518168888095	0.36936462921511387	327
1.7073518168888095	0.36936462921511387	327
1.7073518168888095	0.36936462921511387	327
1.7073518168888095	0.36936462921511387	327
1.7073518168888095	0.36936462921511387	327
1.7073518168888095	0.36936462921511387	327
1.7073518168888095	0.36936462921511387	327
1.7073518168888095	0.36936462921511387	327
1.7073518168888095	0.36936462921511387	327
1.7073518168888095	0.36936462921511387	327
1.7073518168888095	0.36936462921511387	327
1.7073518168888095	0.36936462921511387	327
1.7073518168888095	0.36936462921511387	327
1.7073518168888095	0.36936462921511387	327
1.7073518168888095	0.36936462921511387	327
1.7073518168888095	0.36936462921511387	327
1.7073518168888095	0.36936462921511387	327
1.7073518168888095	0.36936462921511387	327
1.7073518168888095	0.36936462921511387	327
1.7073518168888095	0.36936462921511387	327
1.7067370252010743	0.36944852443717296	319
1.7067370252010743	0.36944852443717296	319
1.7067370252010743	0.36944852443717296	319
1.7067370252010743	0.36944852443717296	319
1.7067370252010743	0.36944852443717296	319
1.7067370252010743	0.36944852443717296	319
1.7067370252010743	0.36944852443717296	319
1.7067370252010743	0.36944852443717296	319
1.7067370252010743	0.36944852443717296	319
1.7067370252010743	0.36944852443717296	319
1.7067370252010743	0.36944852443717296	319
1.7067370252010743	0.36944852443717296	319
1.7067370252010743	0.36944852443717296	319
1.7067370252010743	0.36944852443717296	319
1.7067370252010743	0.36944852443717296	319
1.7067370252010743	0.36944852443717296	319
1.7067370252010743	0.36944852443717296	319
1.7067370252010743	0.36944852443717296	319
1.7067370252010743	0.36944852443717296	319
1.7067370252010743	0.36944852443717296	319
1.7067370252010743	0.36944852443717296	319
1.7067370252010743	0.36944852443717296	319
1.7067370252010743	0.36944852443717296	319
1.7067370252010743	0.36944852443717296	319
1.7067370252010743	0.36944852443717296	319
1.7067370252010743	0.36944852443717296	319
1.7067370252010743	0.36944852443717296	319
1.7067370252010743	0.36944852443717296	319
1.7067370252010743	0.36944852443717296	319
1.7067370252010743	0.36944852443717296	319
1.7067370252010743	0.36944852443717296	319
1.7067370252010743	0.36944852443717296	319
1.7067370252010743	0.36944852443717296	319
1.7036197483701063	0.3698744990314767	324
0.660198952677994	0.6023374478022311	363
