0.1654997240624784	0.8580010611365819	690
0.1654997240624784	0.8580010611365819	690
0.16495220164708985	0.8584043178648282	690
0.16495220164708985	0.8584043178648282	690
0.1654997240624784	0.8580010611365819	690
0.1654997240624784	0.8580010611365819	690
0.1654997240624784	0.8580010611365819	690
0.1329344473812368	0.8826636018628323	690
0.1654997240624784	0.8580010611365819	690
0.1654997240624784	0.8580010611365819	690
0.1654997240624784	0.8580010611365819	690
0.1654997240624784	0.8580010611365819	690
0.1654997240624784	0.8580010611365819	690
0.1654997240624784	0.8580010611365819	690
0.1654997240624784	0.8580010611365819	690
0.1654997240624784	0.8580010611365819	690
0.1654997240624784	0.8580010611365819	690
0.15872580088608224	0.8630169443325556	689
1.6982028805775118	0.37061705300157577	665
0.9364445073361815	0.5164103573386792	676
0.1654997240624784	0.8580010611365819	690
0.24748426900288614	0.8016133147709347	689
1.7188828180391567	0.3677981240549361	659
0.1654997240624784	0.8580010611365819	690
0.1654997240624784	0.8580010611365819	690
0.1654997240624784	0.8580010611365819	690
0.1654997240624784	0.8580010611365819	690
0.1654997240624784	0.8580010611365819	690
0.1654997240624784	0.8580010611365819	690
0.16535324652553907	0.8581089064465781	690
0.1654997240624784	0.8580010611365819	690
0.1654997240624784	0.8580010611365819	690
0.1654997240624784	0.8580010611365819	690
0.1654997240624784	0.8580010611365819	690
0.18976096304436627	0.84050496785606	690
0.1654997240624784	0.8580010611365819	690
0.16366793647283318	0.8593516832912632	690
0.1654997240624784	0.8580010611365819	690
0.16220026498605522	0.8604369058649274	690
0.1654997240624784	0.8580010611365819	690
0.1654997240624784	0.8580010611365819	690
0.1654997240624784	0.8580010611365819	690
0.1654997240624784	0.8580010611365819	690
0.1654997240624784	0.8580010611365819	690
0.1654997240624784	0.8580010611365819	690
0.1654997240624784	0.8580010611365819	690
0.1654997240624784	0.8580010611365819	690
0.1654997240624784	0.8580010611365819	690
0.1654997240624784	0.8580010611365819	690
1.0243652213696344	0.49398200949304266	684
0.1654997240624784	0.8580010611365819	690
5.3576547395575025	0.15729070560846478	636
0.1654997240624784	0.8580010611365819	690
0.1654997240624784	0.8580010611365819	690
7.792435393684769	0.1137341311280214	546
8.71980253092247	0.1028827485762814	367
8.71980253092247	0.1028827485762814	367
7.9147112702833375	0.11217413213745249	546
8.71980253092247	0.1028827485762814	367
8.71980253092247	0.1028827485762814	367
6.960946082084838	0.12561321100395104	577
6.2330692473401195	0.13825389551852263	598
1.5163260855985055	0.3974047742553013	658
0.1654997240624784	0.8580010611365819	690
0.1654997240624784	0.8580010611365819	690
0.17078130827765797	0.8541304793045466	690
0.1654997240624784	0.8580010611365819	690
0.1654997240624784	0.8580010611365819	690
0.1654997240624784	0.8580010611365819	690
0.1654997240624784	0.8580010611365819	690
0.1654997240624784	0.8580010611365819	690
0.1654997240624784	0.8580010611365819	690
0.1654997240624784	0.8580010611365819	690
0.1654997240624784	0.8580010611365819	690
5.727146949865965	0.14865142793111194	606
4.396538110972857	0.18530398181876745	642
1.302834218546355	0.4342474989933238	673
8.520948574223706	0.10503155144722913	554
1.3100044372234845	0.43289960135399247	667
6.454803591068272	0.13414169639534396	601
8.719036886346135	0.10289085345533135	368
8.717741405455849	0.1029045699280049	534
8.719036886346135	0.10289085345533135	368
0.1654997240624784	0.8580010611365819	690
6.655900429800773	0.1306182086835242	544
6.854117702281515	0.12732174865542356	609
0.1654997240624784	0.8580010611365819	690
8.719036886346135	0.10289085345533135	368
0.1661106624450215	0.8575515448107369	689
4.647454065148032	0.17707094001370827	642
0.1654997240624784	0.8580010611365819	690
6.363730216614328	0.13580073829209033	600
2.5344313178933624	0.28293094703450994	639
0.1654997240624784	0.8580010611365819	690
7.906015037396047	0.11228366399574162	413
8.719036886346135	0.10289085345533135	368
8.719036886346135	0.10289085345533135	368
0.1654997240624784	0.8580010611365819	690
8.719036886346135	0.10289085345533135	368
0.1654997240624784	0.8580010611365819	690
0.1329344473812368	0.8826636018628323	690
