0.1654997240624784	0.8580010611365819	690
0.1654997240624784	0.8580010611365819	690
0.1654997240624784	0.8580010611365819	690
0.19043182364332767	0.8400313064039995	689
0.5242776586244013	0.6560484530767573	680
0.1654997240624784	0.8580010611365819	690
0.1654997240624784	0.8580010611365819	690
4.84846476337046	0.1709850431626268	585
5.29628705446316	0.15882376253654829	468
5.2096084131440215	0.1610407506346579	484
0.1654997240624784	0.8580010611365819	690
2.2976649133719538	0.30324487971625724	618
4.043158495147992	0.1982884339173748	635
5.3762014822923945	0.15683318709064326	455
5.129262918443714	0.16315175467361268	489
0.1654997240624784	0.8580010611365819	690
2.3349707646529283	0.2998527035375887	626
2.958445473111671	0.2526244220850454	599
4.624270354717205	0.17780084116356124	468
0.6585979945907965	0.6029188527065092	679
1.9782833212015078	0.33576389219967734	647
1.7112147711746808	0.3688383563824908	644
0.19877185899883082	0.8341870827991928	689
0.1654997240624784	0.8580010611365819	690
0.1654997240624784	0.8580010611365819	690
0.1654997240624784	0.8580010611365819	690
0.1654997240624784	0.8580010611365819	690
0.1654997240624784	0.8580010611365819	690
0.1654997240624784	0.8580010611365819	690
0.1654997240624784	0.8580010611365819	690
0.1654997240624784	0.8580010611365819	690
0.1937405468209738	0.8377029687590655	688
0.1654997240624784	0.8580010611365819	690
0.1654997240624784	0.8580010611365819	690
0.1654997240624784	0.8580010611365819	690
0.1654997240624784	0.8580010611365819	690
0.1654997240624784	0.8580010611365819	690
0.1654997240624784	0.8580010611365819	690
0.1654997240624784	0.8580010611365819	690
0.1654997240624784	0.8580010611365819	690
0.1654997240624784	0.8580010611365819	690
0.1654997240624784	0.8580010611365819	690
0.1654997240624784	0.8580010611365819	690
0.1654997240624784	0.8580010611365819	690
0.1654997240624784	0.8580010611365819	690
0.16528294777390404	0.858160674118117	690
0.1654997240624784	0.8580010611365819	690
0.1654997240624784	0.8580010611365819	690
0.1654997240624784	0.8580010611365819	690
0.1654997240624784	0.8580010611365819	690
0.1654997240624784	0.8580010611365819	690
0.1654997240624784	0.8580010611365819	690
0.1654997240624784	0.8580010611365819	690
0.1654997240624784	0.8580010611365819	690
0.1654997240624784	0.8580010611365819	690
0.1654997240624784	0.8580010611365819	690
0.1654997240624784	0.8580010611365819	690
0.1654997240624784	0.8580010611365819	690
0.1654997240624784	0.8580010611365819	690
0.1654997240624784	0.8580010611365819	690
0.1654997240624784	0.8580010611365819	690
0.1654997240624784	0.8580010611365819	690
0.1654997240624784	0.8580010611365819	690
0.1654997240624784	0.8580010611365819	690
0.1654997240624784	0.8580010611365819	690
0.1654997240624784	0.8580010611365819	690
0.1654997240624784	0.8580010611365819	690
0.24036696542546995	0.8062130223348706	688
0.1654997240624784	0.8580010611365819	690
0.22725658938157473	0.8148255292757554	689
0.1654997240624784	0.8580010611365819	690
0.1654997240624784	0.8580010611365819	690
0.1651181150948389	0.8582820806271658	690
0.1654997240624784	0.8580010611365819	690
0.1654997240624784	0.8580010611365819	690
0.16549215688066318	0.8580066318733639	690
0.1654997240624784	0.8580010611365819	690
0.1654997240624784	0.8580010611365819	690
0.1654997240624784	0.8580010611365819	690
0.1654997240624784	0.8580010611365819	690
0.1654997240624784	0.8580010611365819	690
0.1654997240624784	0.8580010611365819	690
0.1654997240624784	0.8580010611365819	690
0.1654997240624784	0.8580010611365819	690
0.1654997240624784	0.8580010611365819	690
0.140016461336134	0.8771803161754083	690
0.1654997240624784	0.8580010611365819	690
0.1654997240624784	0.8580010611365819	690
0.162833729458531	0.8599681748702338	691
0.1654997240624784	0.8580010611365819	690
0.1654997240624784	0.8580010611365819	690
0.1654997240624784	0.8580010611365819	690
0.1654997240624784	0.8580010611365819	690
0.1654997240624784	0.8580010611365819	690
0.1654997240624784	0.8580010611365819	690
0.1654997240624784	0.8580010611365819	690
0.1654997240624784	0.8580010611365819	690
0.1654997240624784	0.8580010611365819	690
0.1654997240624784	0.8580010611365819	690
0.1654997240624784	0.8580010611365819	690
0.140016461336134	0.8771803161754083	690
