0.39500609182262614	0.7168427477570823	686
0.1654997240624784	0.8580010611365819	690
0.1654997240624784	0.8580010611365819	690
0.21929423243799917	0.8201465843076148	689
0.1654997240624784	0.8580010611365819	690
0.1654997240624784	0.8580010611365819	690
0.1654997240624784	0.8580010611365819	690
0.2874604113280432	0.7767229121775313	685
0.1654997240624784	0.8580010611365819	690
0.1654997240624784	0.8580010611365819	690
0.3579334937259127	0.7364130899048591	687
0.1654997240624784	0.8580010611365819	690
0.24815762177497527	0.8011808625403607	686
0.1654997240624784	0.8580010611365819	690
0.1654997240624784	0.8580010611365819	690
0.155817240682868	0.8651886862400412	690
0.1654997240624784	0.8580010611365819	690
0.1654997240624784	0.8580010611365819	690
0.1654997240624784	0.8580010611365819	690
0.1654997240624784	0.8580010611365819	690
0.1654997240624784	0.8580010611365819	690
0.1654997240624784	0.8580010611365819	690
0.1654997240624784	0.8580010611365819	690
0.19386533966749867	0.8376154049991167	690
0.1654997240624784	0.8580010611365819	690
0.1654997240624784	0.8580010611365819	690
0.1654997240624784	0.8580010611365819	690
0.1654997240624784	0.8580010611365819	690
0.1654997240624784	0.8580010611365819	690
0.1654997240624784	0.8580010611365819	690
0.1654997240624784	0.8580010611365819	690
0.8156750752259991	0.5507593366481218	667
0.1654997240624784	0.8580010611365819	690
0.1654997240624784	0.8580010611365819	690
0.1654997240624784	0.8580010611365819	690
0.70615299955563	0.5861139067014807	673
0.1654997240624784	0.8580010611365819	690
0.1654997240624784	0.8580010611365819	690
0.1654997240624784	0.8580010611365819	690
0.1654997240624784	0.8580010611365819	690
0.1654997240624784	0.8580010611365819	690
0.1654997240624784	0.8580010611365819	690
0.15802600452393067	0.863538466401801	690
0.1654997240624784	0.8580010611365819	690
0.24463224570389447	0.8034501785179572	687
0.1654997240624784	0.8580010611365819	690
0.1654997240624784	0.8580010611365819	690
0.1654997240624784	0.8580010611365819	690
1.4621382738496933	0.40615103165446637	647
0.1654997240624784	0.8580010611365819	690
0.1654997240624784	0.8580010611365819	690
0.1654997240624784	0.8580010611365819	690
0.1654997240624784	0.8580010611365819	690
0.1654997240624784	0.8580010611365819	690
0.22336669041712104	0.8174164033018084	689
0.1654997240624784	0.8580010611365819	690
0.1654997240624784	0.8580010611365819	690
0.1654997240624784	0.8580010611365819	690
0.1654997240624784	0.8580010611365819	690
0.3945103171956781	0.7170975988266423	681
0.1654997240624784	0.8580010611365819	690
0.1654997240624784	0.8580010611365819	690
0.1654997240624784	0.8580010611365819	690
0.1654997240624784	0.8580010611365819	690
0.1654997240624784	0.8580010611365819	690
0.1654997240624784	0.8580010611365819	690
0.9357988965349671	0.5165825860268728	671
0.1654997240624784	0.8580010611365819	690
0.598130045998259	0.6257313054741788	687
0.1654997240624784	0.8580010611365819	690
0.1654997240624784	0.8580010611365819	690
0.1654997240624784	0.8580010611365819	690
0.1654997240624784	0.8580010611365819	690
0.1654997240624784	0.8580010611365819	690
0.1654997240624784	0.8580010611365819	690
0.1654997240624784	0.8580010611365819	690
0.1654997240624784	0.8580010611365819	690
0.1654997240624784	0.8580010611365819	690
0.1654997240624784	0.8580010611365819	690
0.2529525103715732	0.7981148461113199	690
0.1654997240624784	0.8580010611365819	690
0.6593394921863439	0.6026494305167179	678
0.1654997240624784	0.8580010611365819	690
0.1654997240624784	0.8580010611365819	690
0.1654997240624784	0.8580010611365819	690
0.2820360974688758	0.7800092384093554	685
0.1654997240624784	0.8580010611365819	690
0.4693552359114285	0.6805706173427207	683
0.1654997240624784	0.8580010611365819	690
0.31436377352907907	0.7608243776492641	689
0.1654997240624784	0.8580010611365819	690
0.1654997240624784	0.8580010611365819	690
0.1654997240624784	0.8580010611365819	690
0.1654997240624784	0.8580010611365819	690
0.1654997240624784	0.8580010611365819	690
0.1654997240624784	0.8580010611365819	690
0.1654997240624784	0.8580010611365819	690
0.1654997240624784	0.8580010611365819	690
0.1654997240624784	0.8580010611365819	690
0.1654997240624784	0.8580010611365819	690
0.155817240682868	0.8651886862400412	690
