0.1654997240624784	0.8580010611365819	690
0.4589195589517631	0.6854387507961729	675
0.5797641110445558	0.6330058981646254	678
0.1654997240624784	0.8580010611365819	690
0.1661106624450215	0.8575515448107369	689
0.1654997240624784	0.8580010611365819	690
0.1654997240624784	0.8580010611365819	690
0.5011562269458604	0.66615318382586	683
0.1654997240624784	0.8580010611365819	690
0.7259693325383818	0.5793845702514892	677
8.718708824061645	0.10289432661303663	369
8.718708824061645	0.10289432661303663	369
8.718708824061645	0.10289432661303663	369
8.718708824061645	0.10289432661303663	369
8.718708824061645	0.10289432661303663	369
8.718708824061645	0.10289432661303663	369
8.718708824061645	0.10289432661303663	369
8.718708824061645	0.10289432661303663	369
8.718708824061645	0.10289432661303663	369
8.718708824061645	0.10289432661303663	369
8.718708824061645	0.10289432661303663	369
8.718708824061645	0.10289432661303663	369
8.718708824061645	0.10289432661303663	369
8.718708824061645	0.10289432661303663	369
8.718708824061645	0.10289432661303663	369
8.718708824061645	0.10289432661303663	369
0.1654997240624784	0.8580010611365819	690
0.1654997240624784	0.8580010611365819	690
6.974685247435512	0.1253967986161684	598
3.4433919512986355	0.22505329508636704	642
2.2264851830123127	0.30993478763363774	664
2.5382964900358465	0.282621878301066	655
3.9265586297607604	0.202981447121956	656
5.278209752747525	0.15928107524001905	593
2.7696758151960736	0.26527480054620733	642
2.13718958925034	0.3187566360115836	598
8.489866610540574	0.10537555911368461	561
5.907014270792046	0.14478035816846913	614
8.718708824061645	0.10289432661303663	369
6.119566214557141	0.14045799559463795	623
1.572187053765133	0.3887742139655875	659
6.109745566259522	0.14065200936945846	615
0.1654997240624784	0.8580010611365819	690
0.41241152077752186	0.7080089515621535	687
0.1654997240624784	0.8580010611365819	690
0.1654997240624784	0.8580010611365819	690
0.1654997240624784	0.8580010611365819	690
0.1654997240624784	0.8580010611365819	690
0.1654997240624784	0.8580010611365819	690
0.2019721963701922	0.831965999729342	690
0.1654997240624784	0.8580010611365819	690
0.1462876764012596	0.872381358176574	690
0.1654997240624784	0.8580010611365819	690
0.1654997240624784	0.8580010611365819	690
0.1654997240624784	0.8580010611365819	690
0.1654997240624784	0.8580010611365819	690
0.1654997240624784	0.8580010611365819	690
0.1654997240624784	0.8580010611365819	690
0.1654997240624784	0.8580010611365819	690
0.32343704170757587	0.7556082899944689	687
0.10473417804616378	0.9051951318901015	691
0.1654997240624784	0.8580010611365819	690
0.1654997240624784	0.8580010611365819	690
0.34509369808234214	0.7434426326029694	687
0.1654997240624784	0.8580010611365819	690
0.1654997240624784	0.8580010611365819	690
0.1654997240624784	0.8580010611365819	690
8.01446136827625	0.11093286211411438	581
4.018274381380189	0.19927168664001338	597
0.1654997240624784	0.8580010611365819	690
5.853040777265368	0.14592062596759264	592
8.479913973829968	0.10548618930093427	549
0.1654997240624784	0.8580010611365819	690
0.1654997240624784	0.8580010611365819	690
2.9637263300638867	0.25228785156413214	649
0.1654997240624784	0.8580010611365819	690
0.1654997240624784	0.8580010611365819	690
0.1654997240624784	0.8580010611365819	690
1.1616261722604537	0.46261468001855327	681
4.091783449717634	0.19639484080090938	568
0.1654997240624784	0.8580010611365819	690
0.1654997240624784	0.8580010611365819	690
0.1654997240624784	0.8580010611365819	690
0.553882527307675	0.6435492918069191	686
3.1514129985618538	0.24088183959206738	656
0.1654997240624784	0.8580010611365819	690
3.9293773446775435	0.20286537833824836	609
5.929620838510651	0.14430803983424367	588
1.7153256654154863	0.36827994989211904	672
1.9151079423207968	0.34304047046843583	661
2.3206010196271354	0.30115030203546955	661
8.198623209401811	0.10871192103813004	517
7.19959766921881	0.1219572033093755	590
3.4537565249235214	0.22452956159680768	644
0.1654997240624784	0.8580010611365819	690
8.307324807979027	0.1074422587189302	503
4.8209960124857325	0.17179190603378738	631
2.972355323628434	0.25173981643882215	660
7.601802902025997	0.1162546981592043	494
0.1654997240624784	0.8580010611365819	690
0.10473417804616378	0.9051951318901015	691
