0.1654997240624784	0.8580010611365819	690
0.19003291325406216	0.8403128929145074	689
0.16495220164708985	0.8584043178648282	690
0.16495220164708985	0.8584043178648282	690
0.1654997240624784	0.8580010611365819	690
0.1654997240624784	0.8580010611365819	690
0.15533878764374756	0.8655469812793589	690
0.1654997240624784	0.8580010611365819	690
0.1654997240624784	0.8580010611365819	690
0.16159921212532122	0.860882126607463	690
0.15811768085662012	0.8634701088928495	690
0.1654997240624784	0.8580010611365819	690
0.1645010531429147	0.8587368790273424	690
0.15541211094536536	0.8654920530318777	691
0.16244422301767797	0.8602563290340275	690
0.1654997240624784	0.8580010611365819	690
0.1654997240624784	0.8580010611365819	690
0.1654997240624784	0.8580010611365819	690
0.1654997240624784	0.8580010611365819	690
0.1654997240624784	0.8580010611365819	690
0.1654997240624784	0.8580010611365819	690
0.15877436574690032	0.8629807748253383	690
0.1654997240624784	0.8580010611365819	690
0.1402209633456171	0.8770229912856689	690
0.1654997240624784	0.8580010611365819	690
0.15741221035464778	0.8639964146339751	690
0.1654997240624784	0.8580010611365819	690
0.1654997240624784	0.8580010611365819	690
0.1654997240624784	0.8580010611365819	690
0.15150067217920646	0.8684319724342908	691
0.1654997240624784	0.8580010611365819	690
0.1654997240624784	0.8580010611365819	690
0.16127165822278586	0.8611249511853268	690
0.1654997240624784	0.8580010611365819	690
0.15251702179009696	0.8676661438342954	690
1.4024946541994308	0.41623401669262994	650
0.1654997240624784	0.8580010611365819	690
0.1654997240624784	0.8580010611365819	690
0.16128701317423783	0.8611135650838122	690
0.1654997240624784	0.8580010611365819	690
0.1654997240624784	0.8580010611365819	690
0.1654997240624784	0.8580010611365819	690
0.1654997240624784	0.8580010611365819	690
0.1654997240624784	0.8580010611365819	690
0.1654997240624784	0.8580010611365819	690
0.1654997240624784	0.8580010611365819	690
0.1654997240624784	0.8580010611365819	690
0.1654997240624784	0.8580010611365819	690
0.4877824088648191	0.6721412983791104	681
0.1654997240624784	0.8580010611365819	690
0.14048920083205824	0.8768167197641481	690
0.1654997240624784	0.8580010611365819	690
0.1654997240624784	0.8580010611365819	690
0.1654997240624784	0.8580010611365819	690
0.1654997240624784	0.8580010611365819	690
0.1654997240624784	0.8580010611365819	690
0.1654997240624784	0.8580010611365819	690
0.1654997240624784	0.8580010611365819	690
0.1654997240624784	0.8580010611365819	690
0.1654997240624784	0.8580010611365819	690
0.6219462451056196	0.6165432442768045	679
0.1654997240624784	0.8580010611365819	690
0.1654997240624784	0.8580010611365819	690
0.1654997240624784	0.8580010611365819	690
0.1654997240624784	0.8580010611365819	690
0.1654997240624784	0.8580010611365819	690
0.1654997240624784	0.8580010611365819	690
0.18380237539637256	0.8447355916693189	689
0.1654997240624784	0.8580010611365819	690
0.1654997240624784	0.8580010611365819	690
0.1654997240624784	0.8580010611365819	690
0.1654997240624784	0.8580010611365819	690
0.1654997240624784	0.8580010611365819	690
1.0385950747280783	0.4905339036656835	676
0.1654997240624784	0.8580010611365819	690
0.1654997240624784	0.8580010611365819	690
1.197514481839785	0.4550595721957601	680
2.4310087484097105	0.29145947251329657	658
1.1206306541181494	0.4715578349572824	666
0.1654997240624784	0.8580010611365819	690
0.23969028774481152	0.806653088989795	688
0.1775943720262116	0.8491888410432564	689
0.1654997240624784	0.8580010611365819	690
0.1654997240624784	0.8580010611365819	690
0.1654997240624784	0.8580010611365819	690
0.1654997240624784	0.8580010611365819	690
0.1654997240624784	0.8580010611365819	690
0.1654997240624784	0.8580010611365819	690
0.1654997240624784	0.8580010611365819	690
0.1654997240624784	0.8580010611365819	690
0.1654997240624784	0.8580010611365819	690
0.1594692919699475	0.8624635485610768	690
0.15882701470831204	0.8629415670394168	691
0.1654997240624784	0.8580010611365819	690
0.1654997240624784	0.8580010611365819	690
0.1654997240624784	0.8580010611365819	690
0.1654997240624784	0.8580010611365819	690
0.1654997240624784	0.8580010611365819	690
0.1654997240624784	0.8580010611365819	690
0.1654997240624784	0.8580010611365819	690
0.1402209633456171	0.8770229912856689	690
