0.0010707788004716396
0.003628972417375198
0.006852334522917924
0.010635680991012258
0.014741965465816761
0.01950652059033809
0.024423789899054082
0.03644298934561456
0.033635917813949257
0.03973811530287842
0.04669860284221549
0.05226335672778252
0.05868518277371035
0.06593359408654267
0.07134188875716324
0.07735204865945167
0.08357072193380846
0.08842322370821322
0.09344609936117472
0.0961423102313228
0.10150888721478607
0.10315956505177377
0.1105568009793413
0.1144023420339878
0.10942922077671623
0.11239439205721831
0.11334945330432741
0.1163689720831538
0.11806425914128257
0.11864585159134129
0.12156297654554543
0.12348155117062082
0.12484346611197102
0.1278910206861271
0.13053102067288072
0.13197969310941976
0.1375617746818479
0.14324731071160846
0.13787081487972389
0.14415331200261286
0.15449650643307467
0.1599610334620583
0.17024147097389808
0.17690558519781444
0.18452280805586543
0.18938569452090134
0.197173916880636
0.20328044939864345
0.21197633946971461
0.21551310739898386
0.2212106798920558
0.22819687070570555
0.23133372097757396
0.23713216556250774
0.30342698474527036
0.2321400969645162
0.24369063552352174
0.24886087861008083
0.2552923704904657
0.26095905022726706
0.26304735961807446
0.27106764535387917
0.27482335994658574
0.27767656336468993
0.2786440643809508
0.2799511787624401
0.2839188660641576
0.28906767547620543
0.29662290864211416
0.29937228749979744
0.34794803161307924
0.3059927387523453
0.313174094372758
0.31454640701800124
0.3237028923246658
0.3276652098487491
0.326496004778496
0.33270680372229827
0.3336587560895308
0.3298139611730537
0.33241765600032086
0.3302468753208674
0.3268708823751626
0.32216657895444956
0.3149929516869918
0.3296351870704627
0.3308128504943495
0.3201935483847014
0.32684706468850844
0.3249539896405021
0.33403283752104346
0.33876606618120075
0.34800101527162497
0.3534111120583882
0.36270785772620806
0.37656055023448687
0.3834852246845478
0.3946800452042357
0.40862086954855825
0.41951785404330394
0.43532353618188846
0.5060615436820715
0.4640231609167607
0.48616439918426047
0.4925043874774641
0.5234386644826491
0.535425436372236
0.5431855613898527
0.5413200442672903
0.5375860539485765
0.5339941634356241
0.5257453351768221
0.5136316811080572
0.49432719790055807
0.465220804667145
0.44622197720295315
0.41762761908994367
0.28157380112136393
0.41719823454454075
0.3975196044238108
0.37925374735675593
0.37800601871690787
0.37153129549705116
0.3624856610789415
0.3621491510494909
0.358801396645068
0.3541834353846622
0.35382742959514557
0.35184501885157254
0.3548603335046896
0.3498783614179745
0.3528595477184662
0.3433347896953564
0.33603987987124023
0.37104341598677043
0.3816476891560748
0.40080734551562164
0.40697302337784663
0.4184150743651211
0.42740820011591035
0.43540188086790754
0.44041020178588797
0.4391271082882355
0.44316892567083405
0.4411846256437843
0.432122506363762
0.4321366069022812
0.42621561254060425
0.4285608831232215
0.40486079308385425
0.4096323242112392
0.398661572089998
0.40193403347840795
0.39728082192430936
0.3969765597876096
0.39042590265529614
0.38978223470121126
0.3856742810141898
0.3856579293169007
0.38001170050149563
0.37824660726465975
0.37893242199834176
0.3770560099232031
0.3805951029063899
0.3733341724837896
0.3653575879029801
0.37378475388212373
0.38104780185765785
0.38168039131521475
0.3837862880096496
0.3833216896861672
0.38448850107802446
0.38280531156549896
0.3767805666412988
0.37409968186757453
0.3669345948463346
0.36286163790743714
0.3518205483007859
0.3480210005974924
0.33567460783081565
0.3101179637146243
0.3408217465842012
0.3351131904733578
0.3321480573256511
0.3343617272836404
0.33612573076102636
0.33985963556240895
0.34203084815591556
0.3459224903012725
0.35160838641044617
0.3554999318685941
0.36137105364865546
0.36692090665243443
0.37693238402928797
0.3888566653887137
0.3818568610650989
0.3865018508737286
0.42016155795850946
0.432357449295584
0.45616351166254937
0.4680532811112003
0.4836224700324527
0.4905406116680648
0.5025759245235506
0.5062545755412555
0.5060149517434949
0.5037910879247973
0.4981370641288135
0.49524379260439905
0.4790811170137144
0.46496642904248436
0.47542939500472214
