29.69221243341025	0.03258155475658842	22
24.190413145788188	0.03969764188513117	16
22.140448302085417	0.04321437454216823	17
22.140448302085417	0.04321437454216823	17
20.158872823174995	0.04726149678940907	26
20.158872823174995	0.04726149678940907	26
19.64933744999225	0.04842770391165143	23
18.30982462255641	0.051787109388444094	22
15.6593942423217	0.06002619215647046	14
15.6593942423217	0.06002619215647046	14
15.6593942423217	0.06002619215647046	14
15.6593942423217	0.06002619215647046	14
13.204107876950738	0.07040216877138183	17
11.790699399241168	0.07818180763901987	20
11.673849517245413	0.07890262533410165	20
11.579246004389054	0.0794960206399563	18
11.544559803776336	0.07971583025966095	19
11.544559803776336	0.07971583025966095	19
11.544559803776336	0.07971583025966095	19
11.098019748994131	0.08265815569388066	24
10.696061488612356	0.08549886651789841	33
10.573686839899603	0.08640289078434013	35
10.573686839899603	0.08640289078434013	35
10.497463916568877	0.0869757024032848	37
10.374082500966725	0.08791917940765827	33
10.374082500966725	0.08791917940765827	33
10.347301914295445	0.0881266760638659	34
10.303134464275459	0.08847103457546109	36
10.302430074690063	0.08847654826366375	32
10.255915637633406	0.08884217261335599	35
10.252470252023963	0.08886937513299639	36
10.213276528790106	0.0891799999253116	38
10.21180605768215	0.08919169622228847	38
10.19200297357656	0.08934951164335118	34
10.188411345150312	0.08937819402157182	37
10.172367685295459	0.0895065422270476	36
10.132329433944133	0.08982845916784055	36
10.132329433944133	0.08982845916784055	36
10.132329433944133	0.08982845916784055	36
10.131687197875767	0.08983364176733492	36
10.128813173221426	0.08985684137516461	36
10.121923944374368	0.08991250120046133	36
10.1098123528996	0.09001052117131443	35
10.1098123528996	0.09001052117131443	35
10.1098123528996	0.09001052117131443	35
10.084932894591129	0.0902125443166145	36
10.084932894591129	0.0902125443166145	36
10.084932894591129	0.0902125443166145	36
10.078417179527541	0.0902656023685368	35
10.078417179527541	0.0902656023685368	35
10.077956372511617	0.09026935712451069	35
10.074032792352456	0.09030133996809034	36
10.069165224785769	0.09034104918416319	35
10.05681814222278	0.0904419324924311	37
10.039558011122107	0.09058333666914223	37
10.039558011122107	0.09058333666914223	37
10.003494854538957	0.0908802169873782	39
10.003494854538957	0.0908802169873782	39
10.000423851323578	0.09090558814055873	39
9.995520588494042	0.09094612592026087	36
9.980979650379266	0.09106655615789813	37
9.960055977670198	0.09124040990642569	39
9.953744115960735	0.09129298524902521	39
9.953744115960735	0.09129298524902521	39
9.926223527787812	0.09152293081473009	37
9.87594806915522	0.09194600724842135	40
9.87594806915522	0.09194600724842135	40
9.86247902109243	0.09206001669215937	39
9.801446160820637	0.09258019575445676	39
9.801446160820637	0.09258019575445676	39
9.800825452686382	0.09258551620712285	40
9.762538566533294	0.09291488191359937	38
9.762538566533294	0.09291488191359937	38
9.762538566533294	0.09291488191359937	38
9.758499602868618	0.09294976408544577	38
9.7407486835392  	0.09310337942573371	38
9.7407486835392  	0.09310337942573371	38
9.7407486835392  	0.09310337942573371	38
9.735999971933031	0.09314456060118158	38
9.735999971933031	0.09314456060118158	38
9.735999971933031	0.09314456060118158	38
9.735999971933031	0.09314456060118158	38
9.735999971933031	0.09314456060118158	38
9.73518145945862	0.09315166248251108	38
9.733308868109507	0.09316791422737966	37
9.733308868109507	0.09316791422737966	37
9.730972832541857	0.09318819603824577	39
9.724573815710219	0.09324379851207883	38
9.724573815710219	0.09324379851207883	38
9.724573815710219	0.09324379851207883	38
9.718592646237228	0.09329583024605856	39
9.718592646237228	0.09329583024605856	39
9.718592646237228	0.09329583024605856	39
9.714259309347003	0.0933335633502552	39
9.711654237956887	0.09335626204741439	39
9.711654237956887	0.09335626204741439	39
9.711654237956887	0.09335626204741439	39
9.711654237956887	0.09335626204741439	39
9.709384628823209	0.09337604677196883	38
9.70909597530822	0.09337856363466002	38
9.70909597530822	0.09337856363466002	38
