29.90980737847644	0.032352191256175035	14
27.90892948689832	0.034591388119480704	9
27.90892948689832	0.034591388119480704	9
23.04174398619724	0.041594320302808165	13
23.26308419311134	0.041214875736363114	11
18.908112123281416	0.050230779985941325	16
15.565961740076137	0.06036474161236376	15
15.29934246495472	0.06135216817182067	16
13.50882513484683	0.06892356829073859	24
13.50882513484683	0.06892356829073859	24
13.509792038677112	0.06891897536052985	22
13.986122939191274	0.06672839960393151	20
12.67571086575168	0.07312234148678277	29
13.173401370869632	0.07055469423559006	27
12.866486805652823	0.07211632001786777	29
11.254043327901186	0.08160571765917489	23
10.96719031762472	0.08356180301797712	25
10.92209240782844	0.08387789372806462	28
10.92209240782844	0.08387789372806462	28
10.360023340250027	0.08802798815182633	41
10.15437416273604	0.08965092845287086	29
10.15437416273604	0.08965092845287086	29
9.504924065564097	0.09519345344704323	38
9.489166409548584	0.09533646058753266	39
9.489166409548584	0.09533646058753266	39
9.394668913040903	0.09620316032821631	40
9.326943211491496	0.09683407563307132	34
9.09667603805645	0.09904249638502752	33
9.09667603805645	0.09904249638502752	33
8.52356173359797	0.10500273195816238	39
8.504772133819717	0.10521030761398446	42
8.504772133819717	0.10521030761398446	42
8.504772133819717	0.10521030761398446	42
8.449592134105304	0.10582467325661786	38
8.449592134105304	0.10582467325661786	38
8.299250487884878	0.10753554830067287	41
8.282971955907186	0.10772412162288754	41
8.25025202971572	0.10810516262557791	45
8.24106939631691	0.10821258418409418	45
8.228907356313577	0.10835518890715608	45
8.228639068792287	0.10835833892145766	46
8.182634478729227	0.10890120937694002	45
8.180172913560876	0.10893041007134062	45
8.173807187428107	0.10900599713610852	45
8.128535361430508	0.10954659870466807	45
8.125099083609191	0.10958785113865048	46
8.125099083609191	0.10958785113865048	46
8.11661938512825	0.1096897827753212	46
8.09237311490776	0.10998228816197726	45
8.091619692232564	0.10999140239602753	45
8.091619692232564	0.10999140239602753	45
8.061650100795283	0.11035517691333462	46
8.061650100795283	0.11035517691333462	46
8.048046378727355	0.1105210957307951	46
8.051896087167387	0.11047409187757593	44
8.040667169653386	0.11061130569618563	44
8.039617647332637	0.11062414794668608	46
8.024023429403377	0.11081531512226082	43
8.024023429403377	0.11081531512226082	43
8.017185129989041	0.11089935335521	43
8.017185129989041	0.11089935335521	43
8.008183446312989	0.11101017269017714	43
8.00274495357499	0.1110772331279806	43
8.00274495357499	0.1110772331279806	43
8.00274495357499	0.1110772331279806	43
8.00274495357499	0.1110772331279806	43
7.9924758356168  	0.1112040797529048	43
7.985873906397325	0.1112857814851006	44
7.981993087352615	0.11133386435223183	47
7.981993087352615	0.11133386435223183	47
7.981424784703743	0.11134090903963244	46
7.979101327425255	0.11136971992349134	43
7.971491544429873	0.1114641857541369	44
7.971491544429873	0.1114641857541369	44
7.96059424851026	0.11159974129687376	43
7.96059424851026	0.11159974129687376	43
7.960307661784931	0.11160331070605178	46
7.960307661784931	0.11160331070605178	46
7.945718636678513	0.1117853177161062	43
7.944376530752603	0.11180209113086806	43
7.944376530752603	0.11180209113086806	43
7.944376530752603	0.11180209113086806	43
7.941320364572901	0.11184030537169629	43
7.941320364572901	0.11184030537169629	43
7.941005766758348	0.11184424057949804	43
7.730956991513086	0.11453498178630916	45
7.730956991513086	0.11453498178630916	45
7.730956991513086	0.11453498178630916	45
7.726088100341583	0.11459888881489232	44
7.717122291836311	0.11471675703534777	45
7.710758451949252	0.11480056593421263	45
7.709530357513412	0.11481675348170002	45
7.709530357513412	0.11481675348170002	45
7.6998449848635655	0.11494457679876492	46
7.696665304284348	0.11498660291173415	46
7.690799761681368	0.11506420898213568	45
7.690799761681368	0.11506420898213568	45
7.683279651156649	0.11516385975969297	46
7.679652345458754	0.1152119877846497	46
7.673824725874325	0.11528939442561764	46
7.673824725874325	0.11528939442561764	46
