47.78466394142109	0.02049824512885371	26
47.78466394142109	0.02049824512885371	26
47.78466394142109	0.02049824512885371	26
47.55594134238674	0.020594802043865507	23
47.31098829649461	0.02069922465387774	30
47.31098829649461	0.02069922465387774	30
28.61922836268949	0.033761851853631404	45
28.61922836268949	0.033761851853631404	45
28.521248160949753	0.03387390650110737	46
28.521248160949753	0.03387390650110737	46
28.488022530423308	0.033912073926567386	59
28.306063849445415	0.03412263090455677	56
28.0407423127538	0.03443438150549033	51
28.0407423127538	0.03443438150549033	51
28.0407423127538	0.03443438150549033	51
27.450942547260997	0.035148220426752474	59
27.450711820197593	0.03514850546867811	59
27.167492100694194	0.035501918183740426	63
27.139174678617763	0.035537644988567284	52
27.139174678617763	0.035537644988567284	52
27.139174678617763	0.035537644988567284	52
26.77022123068885	0.03600979594987529	55
26.614469316082825	0.03621289942434614	54
26.614469316082825	0.03621289942434614	54
26.614469316082825	0.03621289942434614	54
26.614469316082825	0.03621289942434614	54
26.552812783591076	0.03629393513665307	59
26.552812783591076	0.03629393513665307	59
26.552812783591076	0.03629393513665307	59
26.549180929436677	0.03629871982623942	57
26.549180929436677	0.03629871982623942	57
26.547483282073543	0.03630095677926221	59
26.547483282073543	0.03630095677926221	59
26.547483282073543	0.03630095677926221	59
25.169040641442454	0.038213093620877936	67
25.169040641442454	0.038213093620877936	67
25.122585332971667	0.038281050181423276	68
24.867352237883914	0.03865876920079414	60
24.867352237883914	0.03865876920079414	60
24.81099755376183	0.038743175187905696	56
24.81099755376183	0.038743175187905696	56
24.81045573391137	0.03874398849479199	56
24.777344555275317	0.03879375541788887	56
24.719468594137606	0.03888105216248271	62
24.719468594137606	0.03888105216248271	62
24.719468594137606	0.03888105216248271	62
24.6905686120256	0.038924790459168974	65
24.6905686120256	0.038924790459168974	65
24.688283589428366	0.03892825289469847	64
24.643434045620012	0.03899633716065433	58
24.5565558736996	0.03912890316449509	62
24.5565558736996	0.03912890316449509	62
24.5565558736996	0.03912890316449509	62
24.5565558736996	0.03912890316449509	62
24.554556897186785	0.03913196397899925	56
24.469797895233192	0.03926218826365934	64
24.469797895233192	0.03926218826365934	64
24.469797895233192	0.03926218826365934	64
24.423240218624176	0.03933408925851375	63
24.353570163309495	0.03944217692256822	63
24.32945041145553	0.03947973539716988	63
24.353570163309495	0.03944217692256822	63
24.318698760238114	0.039496500569391635	61
24.318698760238114	0.039496500569391635	61
24.29812627837322	0.039528619194808774	63
24.29812627837322	0.039528619194808774	63
24.29812627837322	0.039528619194808774	63
24.278234643902046	0.03955972456491274	60
24.223630338111168	0.03964536375594868	64
24.223630338111168	0.03964536375594868	64
24.223630338111168	0.03964536375594868	64
24.223630338111168	0.03964536375594868	64
24.21129282070308	0.0396647647985278	62
24.197901700112546	0.039685844158822696	64
24.183150286065025	0.039709090746813565	62
24.183150286065025	0.039709090746813565	62
24.147872802839768	0.03976479473393381	65
23.91481116763979	0.040136768176627174	71
23.91481116763979	0.040136768176627174	71
23.91481116763979	0.040136768176627174	71
23.887451427581322	0.040180892081692135	68
23.604122044786024	0.04064359614944744	74
23.604122044786024	0.04064359614944744	74
23.511110355202742	0.04079782537422828	62
23.382452627542673	0.04101310131821561	63
23.03450516892079	0.04160684786192761	69
23.03450516892079	0.04160684786192761	69
22.6654464046577	0.04225569984613456	67
22.289581464997667	0.04293765439722127	73
21.856783479085934	0.04375068788287752	69
21.856783479085934	0.04375068788287752	69
21.856783479085934	0.04375068788287752	69
21.855295487359466	0.04375353626703571	70
21.73969161471333	0.04397597016456314	65
21.647900071228662	0.04415420400368048	76
21.647900071228662	0.04415420400368048	76
21.464906841746803	0.04451387254994924	71
21.464906841746803	0.04451387254994924	71
20.9053852269407	0.04565087487117704	71
20.9053852269407	0.04565087487117704	71
20.9053852269407	0.04565087487117704	71
