50.73216688906399	0.019330332753012838	34
28.285384052512352	0.03414672651063326	55
28.285384052512352	0.03414672651063326	55
28.285384052512352	0.03414672651063326	55
28.285384052512352	0.03414672651063326	55
28.285384052512352	0.03414672651063326	55
28.24020458479202	0.03419948711713546	58
28.17684700003316	0.034273751375495216	58
28.195891390527617	0.034251394712491716	56
28.178315647376447	0.034272026256934214	59
28.085743528169775	0.03438110492281182	56
28.085743528169775	0.03438110492281182	56
28.089189535922745	0.03437703201614066	57
28.07325597724471	0.03439587230211463	58
27.95149011220689	0.03454053646718403	57
27.920617323371186	0.034577408525504914	52
27.70975021218987	0.03483137235988246	54
27.55661091525514	0.03501816104745795	52
27.523513280897394	0.035058794831901524	53
27.489388539078558	0.035100788443680066	53
26.95651806711354	0.03576983362518036	46
25.87146451775102	0.03721419795855972	51
25.799380517286306	0.037314295356751764	52
25.797817621374843	0.037316471592163024	50
24.735542447606697	0.03885676791292954	50
24.735542447606697	0.03885676791292954	50
24.34822443598845	0.03945049494591968	52
24.30628748512421	0.03951587132596316	52
23.908484702794542	0.04014696244801305	56
23.772746215358612	0.04036694161021275	56
22.333144109680113	0.042857490413610165	55
21.76560859865091	0.0439259067319316	48
21.76560859865091	0.0439259067319316	48
20.96006799436275	0.045537199623275515	49
20.96006799436275	0.045537199623275515	49
20.633003201664373	0.04622566689783799	51
19.21846270423231	0.049459744523042845	64
19.116600710778116	0.04971018783825728	64
18.792886670859378	0.05052320142227043	67
18.718084392478655	0.05071486560740373	67
18.718084392478655	0.05071486560740373	67
18.56456229459072	0.0511128225074825	68
17.945304613578372	0.05278352712699513	73
17.945304613578372	0.05278352712699513	73
17.312845867420588	0.05460647718217554	75
17.312845867420588	0.05460647718217554	75
17.23887483863029	0.054827943546275154	79
17.053481944237237	0.05539097682589729	79
16.867210764437534	0.05596844483361532	76
16.794677041677918	0.05619658045256138	80
16.743875301342296	0.05635747450977361	81
16.56312995215558	0.056937459480408084	83
16.517151536013166	0.05708690696339069	88
16.517151536013166	0.05708690696339069	88
16.361330717930798	0.05759927140649415	90
16.24957352330784	0.057972447762188864	83
16.10667737045566	0.058456705434046755	91
16.023921225101706	0.05874087331451604	92
15.99412408375719	0.05884386833186593	91
15.868518115616387	0.059282030178704835	92
15.868518115616387	0.059282030178704835	92
15.827778205973788	0.05942555147565497	94
15.65493277197737	0.06004227178163951	94
15.64674597331676	0.060071800314782854	93
15.48720056887508	0.060653110624967047	94
15.462228829961118	0.060745116006406634	93
15.434180782148479	0.06084878907296939	95
15.331429884859942	0.061231625586382385	94
15.290213851813794	0.06138654833488618	95
15.290213851813794	0.06138654833488618	95
15.147995402857886	0.06192719127372423	96
15.147995402857886	0.06192719127372423	96
15.115065486862969	0.062053734799601155	95
14.905514082226725	0.06287127815110538	97
14.905514082226725	0.06287127815110538	97
14.839843080435623	0.06313193855027119	95
14.74347692584051	0.06351837047880148	98
14.702438271217362	0.06368437708384464	98
14.642716005857869	0.06392751742251927	102
14.642294458592483	0.06392924021774114	102
14.624343785278397	0.06400268796838829	104
14.533979630296523	0.06437500394616594	99
14.533979630296523	0.06437500394616594	99
14.533125765182822	0.06437854267822123	99
14.533125765182822	0.06437854267822123	99
14.505743878710549	0.06449222996472967	97
14.416401292856273	0.0648659814313075	104
14.408870022498622	0.06489768545908244	103
14.408870022498622	0.06489768545908244	103
14.338531977265609	0.06519528736401731	104
14.322296887855538	0.06526436651887359	105
14.322296887855538	0.06526436651887359	105
14.301072404443081	0.06535489628227777	102
14.301072404443081	0.06535489628227777	102
14.263348261381191	0.0655164242389834	105
14.253265211601727	0.06555973335069228	104
14.246051566551023	0.065590752834258	105
14.246051566551023	0.065590752834258	105
14.232829365440471	0.06564768606078875	105
14.223898280912339	0.0656861982094163	105
14.223898280912339	0.0656861982094163	105
