0.022735410323873877
0.018508189009753945
0.01769828487506038
0.017756379226254955
0.03244400798402942
0.052623265245266206
0.06681880030827227
0.07496910163730364
0.07571407685044429
0.07579267511397335
0.0821044597082965
0.09084937409250923
0.09636834107866439
0.10386593459880085
0.10440928807440546
0.08617790147864825
0.07883750448556992
0.09076735824191177
0.09881172262346176
0.11093636354698132
0.13603997473919188
0.14694805066713693
0.14986302219562764
0.14700956240414037
0.14091306868806994
0.12537794535674185
0.1126723605187576
0.11484235683410769
0.10531487699915369
0.09723292217874363
0.10767282571006365
0.10932680723376142
0.10646993025772473
0.13086273928984585
0.15464384874025996
0.16485137486680168
0.18329121777045326
0.17900248471932986
0.16161859289838576
0.14601512325969584
0.12043650510050194
0.10404021785364403
0.10576596307051257
0.1180546350914486
0.12161206207014802
0.1532085754806238
0.1800789393118529
0.2046631181253428
0.2261717116987344
0.24968968767460897
0.26545718861197487
0.2692845838368316
0.2717177136267212
0.2830119465032127
0.28403714151615894
0.28547241457453565
0.28893415676318046
0.2939131876595399
0.27509743996476854
0.265692983402562
0.24664144091720347
0.2284510621461152
0.21864336231009615
0.22332166929305602
0.24236296002350677
0.27450282690958716
0.3109075055486476
0.33751131872078777
0.362912236440589
0.36982888604626074
0.3741722960627698
0.3661928608040323
0.35741719055131776
0.34864152029860324
0.33818794742530706
0.3255028664996573
0.3164469762458777
0.30445219336672347
0.3013766081266252
0.31918766472078475
0.33691328827979744
0.35844238576552356
0.3691727614553354
0.37203305581718094
0.353224142692768
0.32927216737331955
0.310200120774367
0.2954475630950396
0.3079686127220135
0.3341179228395048
0.360188634693467
0.3874041476485736
0.4273867569774085
0.43186685960864124
0.43299457418325993
0.432000134837556
0.42842220394652203
0.41818392215273803
0.43163448220386297
0.4450098611760082
0.47458332304328427
0.5232014928255605
0.5731216602360393
0.6131179389068503
0.6539719643086417
0.6618864706458264
0.6328768661664894
0.6095502599719836
0.574386067626641
0.5093818625536742
0.4516736294645671
0.41586014669613874
0.37910690194991087
0.34001279481803914
0.33014700063082547
0.3404228728634695
0.35718481294528
0.34905843291439204
0.36589897125973153
0.39777228728546354
0.42140986934953617
0.40834204906240834
0.41287341147447726
0.3913374794183928
0.3544851324963014
0.31150895337544676
0.2826121204139495
0.2477213132980544
0.22950017885972387
0.24231170044393002
0.2571804468256465
0.2749402434377104
0.3076610542382555
0.35218527813658607
0.3581109057823627
0.36720438647500236
0.3907907087582388
0.39559203921520564
0.38799534331794616
0.4174184432285224
0.4460145522766199
0.48193738917707923
0.5208367091417733
0.5526314271052357
0.5451304161992901
0.5393243946417117
0.5252040406576852
0.5066685129639791
0.4666448956092156
0.42442052607060043
0.37755202260207665
0.3340324898043579
0.3302324332634534
0.3252773234639779
0.3259778734666407
0.35072266639425703
0.365270185151499
0.34511484918840557
0.34036477851227503
0.36019205207927596
0.35076367421892607
0.33655788719975277
0.33979408635271807
0.3618391986300964
0.3589037231892712
0.35258168663878087
0.3514403027221859
0.32631960520470926
0.2977815905078062
0.2662944312293612
0.24778624201834784
0.2534760750747967
0.291510813738152
0.31988479733763864
0.3623415444822915
0.3912622987419322
0.4015415883603851
0.38825847699374516
0.37465755498592046
0.35639199533711197
0.3586235033894656
0.35919419534776303
0.3637392271018081
0.37522141237385953
0.39312815375807375
0.39823362551424907
0.3899739702544464
0.3811572921770629
0.3681509836269385
0.3506406509461786
0.3516316729060736
0.37653024477367986
0.40061207813749355
0.4239557708585249
0.44713884966668926
0.45166337730714046
0.44852969771584755
0.43951139810218753
0.42746193825764767
0.42276996193271155
0.4365178285114272
0.4536522561998079
0.4813291069811811
0.5061285766729238
0.5208982210800363
0.5266290617598947
0.5426255229174894
0.5658666960768484
0.5865858894278808
0.609598102367011
0.6340079981269171
0.6362976005304651
0.6434705490403182
0.6616301719429046
0.6870413416188731
0.6967567738493872
0.7120116771796501
0.7251307574488736
0.7399072362250849
0.7512903193212728
0.7748766418057687
0.8052736769484549
0.827578505314564
0.8363712620938041
0.843151219084752
0.8398295868966399
0.824369644443032
0.8024031304291825
0.7829415098983935
0.7729697787636985
0.7727613222545446
0.7816326774985732
0.7880879892779784
0.8086739071988368
0.8212803898609574
0.8338151088299073
0.8487932093436548
0.8801710146913284
0.9037983447992337
0.9193778931397802
0.9326883431903725
0.941501603881947
0.9374349964806943
0.917761502256202
0.9005894841289612
0.8881572847216838
0.8730219874796189
0.8600532693683547
0.8740574346499917
