0.10237742343533462
0.10237742343533462
0.10237742343533462
0.10237742343533462
0.10237742343533462
0.10237742343533462
0.10237742343533462
0.10237742343533462
0.10237742343533462
0.10237742343533462
0.10237742343533462
0.10237742343533462
0.10237742343533462
0.10237742343533462
0.10237742343533462
0.10237742343533462
0.10237742343533462
0.10237742343533462
0.10237742343533462
0.10237742343533462
0.10237742343533462
0.10237742343533462
0.10237742343533462
0.10237742343533462
0.10237742343533462
0.10237742343533462
0.10237742343533462
0.10237742343533462
0.10237742343533462
0.10237742343533462
0.10237742343533462
0.10237742343533462
0.10237742343533462
0.10237742343533462
0.10237742343533462
0.10237742343533462
0.10237742343533462
0.10237742343533462
0.10237742343533462
0.10237742343533462
0.10237742343533462
0.10237742343533462
0.10237742343533462
0.10237742343533462
0.3750450434195954
0.3720518699330533
0.36939758615806884
0.36705210071578726
0.36498870248731
0.36318357397185536
0.36161539227794853
0.36026499881752744
0.3591151234853799
0.35815015250758436
0.3573559316318821
0.35671959817828386
0.35622943685276204
0.35587475527730295
0.3556457759948929
0.3555335423314279
0.35552983598361704
0.3556271045857678
0.35581839781328556
0.3560973108248328
0.3564579340419334
0.35689480842461824
0.35740288553227795
0.35797749176623544
0.3586142962793034
0.3593092821113729
0.3600587201717328
0.360859145740596
0.3617073372059731
0.36260029678904965
0.36353523304270036
0.36450954493466814
0.3655208073499966
0.36656675786713655
0.36764528467928254
0.36875441554731997
0.36989230768365705
0.3710572384774331
0.37224759698141235
0.3734618760894504
0.37469866534097646
0.3759566442955624
0.37723457642651254
0.37853130348758646
0.3798457403115495
0.3811768700033229
0.38252373949412466
0.3838854554262191
0.3852611803407711
0.38665012914388247
0.3880515658281841
0.38946480042943166
0.39088918619941015
0.3923241169781186
0.3937690247497163
0.39522337736806457
0.3966866764389273
0.39815845534700034
0.39963827741694224
0.4011257341984901
0.40262044386656937
0.40412204972805454
0.4056302188275212
0.40714464064494943
0.4086650258789073
0.4101911053092516
0.41172262873386717
0.41325936397438007
0.41480109594619186
0.41634762578852713
0.4178987700505305
0.4194543599297418
0.42101424055956593
0.4225782703426045
0.424146320326954
0.4257182736227918
0.42729402485677576
0.42887347966195805
0.43045655420109663
0.432043174721397
0.43363327713886524
0.4352268066505906
0.43682371737339987
0.43842397200744154
0.4400275415233698
0.4416344048718933
0.4432445487145575
0.4448579671747055
0.44647466160765764
0.4480946403892147
0.4497179187216755
0.45134451845661333
0.4529744679337368
0.4546078018352066
0.4562445610548476
0.4578847925817482
0.4595285493977897
0.4611758903887025
0.4628268802682915
0.464481589515523
0.4661400943242089
0.46780247656507024
0.46946882376000415
0.4711392290684227
0.47281379128557494
0.4744926148528044
0.4761758098797376
0.4778634921784431
0.4795557833096406
0.4812528106410896
0.4829547074183231
0.4846616128479512
0.4863736721937927
0.4880910368861554
0.4898138646446322
0.49154231961483424
0.49327657251954465
0.4950168008248318
0.496763188921735
0.4985159283241938
0.5002752178839759
0.5020412640234366
0.5038142809870249
0.5055944911125496
0.5073821251233167
0.5091774224423594
0.5109806315301026
0.5127920102469345
0.5146118262422917
0.5164403573720366
0.5182778921460569
0.5201247302082208
0.5219811828510206
0.5238475735674643
0.5257242386430327
0.5276115277907942
0.5295098048330783
0.5314194484334598
0.533340852883176
0.5352744289465412
0.5372206047703826
0.5391798268630719
0.541152561149306
0.5431392941074794
0.5451405339972271
0.5471568121855807
0.5491886845811331
0.5512367331866918
0.5533015677821372
0.5553838277505927
0.5574841840626138
0.5596033414349095
0.5617420406821956
0.5639010612831525
0.5660812241842027
0.568283394867969
0.5705084867169191
0.5727574647069201
0.5750313494703185
0.5773312217738766
0.5796582274635549
0.5820135829359522
0.5843985812054016
0.5868145986465794
0.589263102505313
0.5917456592855722
0.5942639441388379
0.5968197514039058
0.5994150064714638
0.6020517791795886
0.6047322989849039
0.6074589722013141
0.6102344016560508
0.6130614091841926
0.6159430614713984
0.6188826998652807
0.6218839749149327
0.6249508865741855
0.6280878312286713
0.6312996569952508
0.6345917291161897
0.6379700077592296
0.6414411411798693
0.6450125780625546
0.6486927040177259
0.6524910087950139
0.6564182929618454
0.6604869258659981
0.6647111710709456
0.669107601781759
0.6736956381168437
0.6784982521439112
0.6835429082709419
0.6888628408524453
0.6944988266587053
0.7005017037291301
0.7069360522225274
0.7138857527027108
0.7214627145155171
0.7298212500037967
0.739183188545224
0.7498852055919916
0.7624774802726035
0.7779607658051547
0.7984959382962846
