0.02130666236649047
0.027292583547421645
0.03330553744755655
0.06956150166715547
0.07986364082610371
0.08995374457212499
0.05683377894588888
0.06250470118435336
0.06808050571277087
0.07356079796385714
0.07894645913494888
0.08423918077988118
0.08944115813181269
0.09455488572145236
0.09958302015779658
0.10452828770330859
0.10939342211975825
0.11418112319042509
0.11889402948436613
0.12353470099040664
0.12810560861549516
0.13260912846127254
0.10641302553340615
0.10752934058463594
0.10860767835261656
0.10965053278799566
0.11066016009161388
0.1116386079994687
0.11258774069356266
0.16646489840135273
0.17045329893192376
0.1743930390513401
0.17828555827940623
0.18213223212197174
0.18593437548948302
0.18969324595286938
0.11930302727600578
0.12005048170560632
0.12078068602972448
0.12149441671249189
0.12219239897542929
0.12287531120842118
0.12354378891611328
0.12419842825723564
0.22175861428877466
0.2251433105976853
0.2284955540583104
0.2318161114218051
0.23510572093356638
0.23836509373952486
0.24159491520918974
0.24479584618086656
0.24796852413411996
0.25111356429423287
0.25423156067310065
0.2573230870507007
0.26038869790099606
0.2634289292658722
0.2664442995804524
0.2694353104529092
0.27240244740167296
0.27534618055273485
0.27826696529955747
0.2811652429279274
0.2840414412079291
0.28689597495506225
0.28972924656238935
0.29254164650547215
0.2953335538217334
0.29810533656576915
0.3008573522420397
0.30358994821626056
0.30630346210674053
0.3089982221568209
0.31167454758949703
0.31433274894523877
0.3169731284039478
0.3195959800919454
0.322201590374812
0.3247902381368594
0.32736219504795994
0.32991772581841755
0.3324570884425161
0.3349805344313485
0.33748830903549093
0.3399806514580468
0.3424577950585647
0.34491996754829185
0.3473673911772098
0.3498002829132617
0.3522188546141627
0.35462331319216417
0.35701386077211456
0.359390694843145
0.3617540084042908
0.36410399010433453
0.36644082437615155
0.3687646915658143
0.37107576805670045
0.3733742263888404
0.37566023537371956
0.3779339602047478
0.3801955625635893
0.38244520072253957
0.3846830296431307
0.3869092010711246
0.3891238636280621
0.3913271628995104
0.39351924152015705
0.39570023925588543
0.3978702930829592
0.40002953726444
0.40217810342395344
0.40431612061691546
0.40644371539932467
0.40856101189422006
0.41066813185589857
0.41276519473198603
0.41485231772344905
0.41692961584262256
0.41899720196934354
0.42105518690525673
0.42310367942636673
0.42514278633390734
0.42717261250358857
0.4291932609332892
0.4312048327892478
0.43320742745081553
0.4352011425538207
0.43718607403259846
0.43916231616073553
0.4411299615905761
0.44308910139153757
0.44503982508727363
0.446982220691735
0.4489163747441571
0.4508423723430231
0.45276029717903227
0.45467023156711106
0.45657225647749994
0.45846645156594906
0.4603528952030519
0.4622316645027509
0.46410283535003616
0.4659664824278715
0.46782267924337173
0.46967149815325404
0.4715130103885917
0.4733472860788907
0.47517439427551117
0.4769944029744586
0.47880737913856114
0.48061338871905585
0.4824124966766023
0.48420476700174014
0.48599026273481283
0.48776904598536736
0.48954117795105706
0.49130671893604766
0.4930657283689611
0.49481826482035507
0.49656438601976
0.49830414887228835
0.5000376094748269
0.5017648231318214
0.5034858443706735
0.5052007269567558
0.5069095239080589
0.5086122875094786
0.510309069326759
0.5119999202200958
0.5136848903574149
0.5153640292273317
0.5170373856518015
0.5187050077984741
0.5203669431927518
0.5220232387295699
0.5236739406849005
0.5253190947269878
0.5269587459273274
0.528592938771392
0.5302217171691098
0.5318451244651096
0.533463203448729
0.5350759963638003
0.536683544918217
0.5382858902932848
0.5398830731528687
0.541475133652334
0.5430621114472943
0.544644045702167
0.5462209750985407
0.547792937843365
0.5493599716769598
0.5509221138808562
0.552479401285467
0.5540318702775956
0.5555795568077867
0.5571224963975193
0.5586607241462528
0.5601942747383215
0.5617231824496902
0.5632474811545669
0.5647672043318809
0.5662823850716264
0.56779305608108
0.5692992496908866
0.5708009978610279
0.5722983321866659
0.5737912839038726
0.5752798838952426
0.5767641626953961
0.5782441504963719
0.5797198771529146
0.5811913721876582
0.5826586647962056
0.5841217838521154
0.5855807579117853
0.5870356152192453
0.5884863837108572
0.5899330910199252
0.5913757644812173
0.5928144311354028
0.5942491177334036
0.5956798507406647
0.5971066563413456
0.5985295604424323
0.5999485886777719
0.601363766412035
0.6027751187446021
0.6041826705133818
0.6055864462985558
0.6069864704262588
0.6083827669721885
0.6097753597651523
0.6111642723905506
0.6125495281937955
0.6139311502836692
0.615309161535625
0.6166835845950251
0.618054441880325
0.6194217555862018
0.6207855476866241
0.6221458399378722
0.6235026538815036
0.6248560108472682
0.6262059319559728
0.627552438122295
0.6288955500575506
