0.7943858468960808
0.8016336352928348
0.8068345310956114
0.8119096321232724
0.8112236223231138
0.7990262152135265
0.7921427389249266
0.7989256864791631
0.8060755367286419
0.8040346156274218
0.8080423527635199
0.806975100112021
0.7885409549099764
0.7647870781138122
0.7537322455164955
0.751172560239123
0.7529118285997697
0.7560411557860249
0.7746495787591781
0.7871306529236499
0.7763043818844899
0.7689997204767531
0.7674270404050708
0.7597487362423047
0.758470218089537
0.776293528081413
0.8023233441158145
0.8234180143459775
0.8421584060443079
