0.022958805284958434
0.018690047885607967
0.017872185746195125
0.01793085092435695
0.03276279826745828
0.05314033408740028
0.06747535249193394
0.0757057375415707
0.07645803277693121
0.07653740333600158
0.08291120664270935
0.09174204733221941
0.09731524291585911
0.1048865067409867
0.1054351991318257
0.08702467348200882
0.07961215077502191
0.09165922560534827
0.09978263278587862
0.112026408734836
0.1373766844985444
0.14839194165448213
0.15133555528539783
0.1484540577972077
0.14229766078680245
0.12660989150703497
0.11377946336998535
0.11597078176554051
0.10634968624665365
0.09818831926887002
0.10873080383171234
0.11040103714646457
0.10751608889694772
0.13214857825798515
0.1561633575628045
0.16647118141299955
0.18509221163322845
0.18076133809115236
0.16320663458123869
0.1474498474328551
0.12161989735016081
0.10506250247870919
0.10680520462664131
0.11921462341962988
0.1228070051781264
0.15471398150891857
0.18184836977590205
0.20667410929100674
0.22839404329572832
0.25214310361330056
0.2680655338089523
0.27193053648382354
0.27438757386662577
0.2857927822952618
0.2868280507309771
0.2882774265816261
0.29177318336470753
0.29680113752207193
0.2778005089228361
0.26830364548616337
0.24906490520971641
0.23069579032171655
0.2207917213992379
0.22551599677210196
0.2447443845613316
0.2772000532829628
0.3139624392011977
0.3408276577196073
0.3664781613032524
0.3734627729402877
0.3778488606959618
0.3697910206227208
0.36092912186184795
0.35206722310097505
0.34151093488311474
0.32870121212697356
0.3195563399625089
0.30744369802489313
0.30433789251451
0.3223239580589391
0.3402237511151703
0.36196439050080037
0.37280020136092584
0.37568860057500647
0.35669487370166114
0.332507549623683
0.3132481037630904
0.2983505895159368
0.3109946692248097
0.337400918805142
0.36372779782640396
0.3912107266042687
0.4315861994586716
0.4361103229515779
0.4372491182918359
0.4362449077242463
0.4326318205848413
0.4222929388665204
0.4358756622389306
0.4493824658135972
0.47924651237975757
0.5283423974964745
0.5787530734879348
0.6191423499973557
0.6603978013371343
0.6683900745063229
0.63909542571191
0.615539615548405
0.580029904768662
0.5143869774709477
0.45611171135707657
0.41994633031738837
0.38283195333018244
0.3433537129710257
0.3333909788703851
0.3437678203859592
0.36069446094596364
0.35248823224179915
0.36949424336087394
0.4016807421306942
0.4255505837691538
0.4123543609081152
0.4169302478532928
0.3951827067417722
0.35796825381458747
0.3145697967701985
0.28538902757078244
0.2501553882655039
0.2317552155093783
0.24469262131229735
0.2597074659157746
0.27764176780469535
0.31068408871441877
0.3556458014076907
0.3616296534417001
0.37081248540341816
0.3946305635896065
0.3994790712479217
0.39180773127957824
0.42151993845348845
0.45039702886840394
0.4866728385385255
0.5259543777790512
0.5580615061930383
0.5504867914033467
0.5446237206902248
0.5303646220834346
0.5116469668877908
0.47123008306833364
0.4285908227819586
0.3812617959554091
0.3373146463169441
0.333477250952109
0.3284734529369798
0.32918088644595955
0.35416881824700563
0.36885927888831105
0.34850589941384136
0.3437091552077975
0.36373124879096774
0.3542102290088227
0.3398648579138348
0.34313285550692235
0.3653945799733554
0.3624302609615312
0.3560461049643691
0.35489350596909314
0.329525975992277
0.30070755075552325
0.2689110030551642
0.2502209549663192
0.2559666955263546
0.2943751582106324
0.32302794060335505
0.36590186180561435
0.39510678735050264
0.4054870798306405
0.3920734504700624
0.37833888770540197
0.3598938532228955
0.36214728776117633
0.3627235872588144
0.36731327785900997
0.3789082854771495
0.3969909759969937
0.402146613404373
0.3938057999275402
0.38490249040485025
0.3717683836865372
0.3540859969266086
0.35508675652963434
0.3802299782810205
0.40454843637034027
0.42812150095018997
0.45153237344733527
0.45610135846338545
0.4529368877748404
0.443829975610866
0.43166211945965227
0.4269240404317701
0.44080699162411696
0.45810977980180156
0.48605857944687114
0.5111017252582785
0.5260164941250138
0.5318036452436294
0.5479572853906017
0.5714268230659089
0.5923496003121259
0.6155879280361126
0.6402376720167319
0.6425497717331743
0.6497932006315663
0.6681312574482033
0.6937921137223027
0.7036030084306931
0.7190078043068686
0.7322557908234156
0.7471774612128045
0.7586723928909652
0.7824904712803904
0.8131861834377446
0.8357101759268611
0.8445893291040788
0.8514359050038819
0.8480816349225965
0.8324697852373356
0.8102874313299728
0.7906345836385923
0.7805648716688454
0.7803543668951963
0.7893128908347213
0.7958316316045518
0.8166198238748635
0.8293501760719343
0.8420080594358252
0.8571333326697357
0.8888194519428986
0.912678940890904
0.9284115716938152
0.9418528083644293
0.9507526669225556
0.9466461016059096
0.9267792983795532
0.9094385504046154
0.8968841939452672
0.881600179389979
0.8685040324689194
0.8826458007193856
