0.9005285746180529
0.909712756307433
0.9165875862650651
0.9233285773209919
0.9235249176186826
0.9106075676138872
0.9037152173395648
0.9123984286736815
0.9215135573458695
0.9201325837620781
0.9256673176646106
0.9253929819476339
0.905192418155796
0.8788374111291324
0.8670197450300524
0.8649473650125531
0.867817242209152
0.8722906991404076
0.8946311196017513
0.9099333747540639
0.8983114826761209
0.890737902993377
0.889785615474781
0.8817462756077113
0.8811157461806435
0.9026746350834797
0.933815303943444
0.9592655899942009
0.9820164049575157
