0.02183594803480911
0.017775964791408718
0.016998102226079285
0.01705389823836716
0.03116045245228222
0.05054137440004725
0.06417530321621717
0.07200316089520893
0.07271866326836286
0.07279415201361082
0.07885622867927028
0.08725517522751043
0.09255579987420813
0.09975677228506917
0.10027862951521455
0.08276851623217273
0.07571852131180762
0.08717640410237283
0.09490251592997166
0.10654747968365781
0.13065793740887213
0.14113446612461933
0.14393411503846512
0.1411935443234996
0.13533824116062396
0.12041772110205169
0.10821479683889243
0.11029894337958428
0.10114839137215963
0.09338617626523302
0.10341305450278757
0.105001600919479
0.10225774821121829
0.12568552465601404
0.1485258016851937
0.1583294958735968
0.1760398184795348
0.1719207570372541
0.15522460979216668
0.1402384473548265
0.11567177497153193
0.09992416051523
0.10158163149728179
0.11338413692135149
0.11680082435025349
0.14714731095787853
0.17295462474447035
0.19656619996579464
0.21722386678948197
0.23981142047677276
0.25495512477779375
0.2586310999217694
0.2609679698043501
0.2718153782597468
0.27280001432785994
0.27417850486187795
0.2775032929991643
0.2822853426023091
0.2642139868164989
0.2551815910135376
0.23688376899198355
0.21941304117486188
0.20999335527918073
0.21448657826110887
0.2327745541094801
0.2636428979472505
0.29860732830774905
0.3241586367591569
0.3485546389189954
0.3551976508203833
0.3593692260883594
0.3517054746462333
0.343276988998553
0.3348485033508727
0.32480849656024563
0.31262526503004645
0.3039276454941096
0.29240740231807166
0.2894534939204348
0.3065599063710918
0.32358426570331605
0.3442616252599635
0.3545674839455518
0.35731461884040494
0.33924982723448244
0.31624544416173433
0.2979279292139229
0.28375901480783233
0.2957847044743508
0.3208994910006384
0.3459387887816781
0.3720775968419992
0.41047840717106265
0.41478126719657465
0.4158643669294883
0.4149092697675181
0.4114728896056559
0.40163965651110994
0.4145580831474232
0.42740430303178367
0.4558077744160299
0.5025025036419426
0.5504477206376326
0.5888616595197685
0.628099410806339
0.6357008020562896
0.6078388806351489
0.5854351257243865
0.5516621053213794
0.4892296080056448
0.43380443815105985
0.3994078146665146
0.36410860823228874
0.3265611490205055
0.31708566711253644
0.3269550034864102
0.3430538047561043
0.33524892199666506
0.35142321201160714
0.38203555032089626
0.4047379782193552
0.39218714932939625
0.39653924118730843
0.3758553174507734
0.3404609295383395
0.2991849815501823
0.271431370160322
0.23792091927238668
0.2204206525491221
0.23272532247037708
0.24700582890104336
0.26406300932600296
0.29548931367324655
0.3382520624199995
0.34394325934600944
0.3526769821612741
0.37533017822733283
0.37994155760702153
0.3726454035246552
0.4009044615982931
0.4283692463669367
0.46287089769617024
0.5002312759448325
0.530768125702171
0.5235638711047174
0.5179875483898756
0.5044258263256585
0.4866236044281049
0.44818340843982396
0.407629526811411
0.3626152432938054
0.3208174378822056
0.3171677198443748
0.31240864496748544
0.3130814796881267
0.33684731477983654
0.35081930204962336
0.33146135502141083
0.3268992074741224
0.3459420709682705
0.33688670024575673
0.3232429250631068
0.326351093137832
0.34752405281847987
0.344704711171674
0.3386327881395345
0.3375365598535483
0.31340969177526357
0.2860007030189078
0.25575924425597085
0.23798327927126497
0.24344801015482823
0.2799780118191685
0.30722945890514075
0.34800652477600225
0.37578311108541507
0.38565572964588124
0.3728981270598413
0.35983528711291973
0.34229235273714254
0.3444355774767147
0.3449836916197078
0.34934891203069246
0.3603768370760252
0.3775751488182979
0.3824786370057956
0.374545751675413
0.3660778805618125
0.35358612987073373
0.33676854404129336
0.3377203590166712
0.3616338892189874
0.38476299286938365
0.40718315832651364
0.42944906410655526
0.4337945915912827
0.4307848871813579
0.42212337111804604
0.41055061411631266
0.406044262581312
0.41924823365224945
0.4357047861085205
0.4622866804671465
0.48610502919125465
0.5002903543370101
0.5057944704931965
0.5211580768500738
0.5434797786424032
0.563379275633721
0.5854810753701943
0.608925262554655
0.611124283306515
0.6180134543699042
0.6354546430875856
0.6598604916139041
0.669191560211265
0.6838429463815807
0.6964430072972371
0.710634896429583
0.7215676399967077
0.7442208362560635
0.7734152985654145
0.7948376994013588
0.8032825955954068
0.8097943227392588
0.8066041015461007
0.7917557880461841
0.770658317110784
0.7519666406233252
0.7423894128639633
0.7421892033477699
0.7507095884803631
0.756909514083446
0.7766810083105234
0.7887887510954746
0.8008275693150654
0.8152131035904199
0.8453495347019659
0.8680421162339448
0.8830053037517325
0.8957891634439173
0.9042537523709254
0.9003480288046134
0.8814528608076659
0.8649602050720673
0.8530198505172768
0.8384833385581294
0.8260276911463785
0.8394778211860198
