0.8582389116761251
0.8633756528454669
0.8671073534186117
0.8707136736505608
0.8706131003268002
0.8630361990338237
0.8588155547981683
0.8636473311130971
0.8686427042532984
0.8676532932958694
0.8705724738743104
0.8702143179900911
0.8584245238189164
0.8424142729713705
0.8348694507375584
0.8333577328336065
0.8349516884825239
0.8375369228990468
0.8509539866606742
0.8597688584957898
0.8527437421485268
0.8480142942940007
0.8472402694948807
0.8421535723423733
0.8415678689641877
0.8543376311588408
0.8719754661496268
0.8855586602764325
0.8970677680825784
