0.022198740068797292
0.018071302480090565
0.017280516164357017
0.01733723919610629
0.03167816589926122
0.051381090999020725
0.0652415398984306
0.07319945304396791
0.07392684308789602
0.07400358603632252
0.08016638070699926
0.08870487104315905
0.09409356259649702
0.10141417512664506
0.10194470272208321
0.08414366872411794
0.07697654209082291
0.08862479117994135
0.09647926802380999
0.10831770632136224
0.1328287457838372
0.14905775121208004
0.15201457233976062
0.1491201460594377
0.14293612633634203
0.12717796868772244
0.11428997258851478
0.11649112305928397
0.10682685931118187
0.09862887365939013
0.10921866056833364
0.11089638793762807
0.1079984954129957
0.1327415065898484
0.1568640361498803
0.1672181094632266
0.1859226890983005
0.18157238365874462
0.1639389151616801
0.14811142997293492
0.12216558527058953
0.10553390016725991
0.10728442152513837
0.1197495192825268
0.12335801945070703
0.1554081569906473
0.18266429267090875
0.20760142108260246
0.22941880875960236
0.25327442709620923
0.26926829854457496
0.273150642833097
0.2653038063075402
0.27633143837268165
0.2773324336170174
0.2787338269983894
0.28211385462649075
0.28697535530267304
0.2686037540724239
0.25942129007732734
0.24081946000179863
0.2230584658371878
0.21348227714162016
0.21805015250420876
0.23664197281790753
0.26802317688180133
0.3035685216494739
0.3295443507651262
0.3543456788229124
0.36109906064255026
0.3653399442947555
0.3575488639192011
0.34898034370802544
0.34041182349684973
0.3302050076224577
0.3178193585310725
0.30897723292298035
0.3088231459267532
0.3057034051920594
0.32377017117216944
0.34175027757401083
0.3635884635334633
0.37447289284520113
0.3773742518182919
0.35829530330322074
0.33399945479080034
0.31465359505230417
0.2996892381770427
0.3123900497341773
0.33891477969258726
0.36535978296964533
0.39296602300314204
0.43352265377905524
0.43806707624930324
0.4392109811717476
0.438202264881096
0.43457296643046317
0.42418769589758687
0.43783136265370604
0.4513987689727827
0.4813968104675801
0.5307129805215044
0.581349840694571
0.6219203370601689
0.6385349303647277
0.6462626144684768
0.6179377828440747
0.5951618021064287
0.5608276619047116
0.4973578836496732
0.4410118556728015
0.4060437515739778
0.3701580686158096
0.33198677942069715
0.3223538676933802
0.3323871775577332
0.3487534513845196
0.340818894873942
0.35726191164915483
0.3883828567962445
0.4114624728058229
0.3987031189306438
0.40312751835471794
0.38209994282201304
0.3461174969987411
0.3041557722766613
0.2759410501939841
0.2418738419526188
0.22408281810950084
0.23659192322272318
0.25110969226118207
0.2684502681755708
0.31207807570153767
0.3572415239992055
0.3632522245657637
0.3724762583422014
0.3964012042189339
0.4012714663115061
0.3935657063375103
0.42341122716237184
0.45241788420051166
0.4888564572964546
0.5283142461632868
0.560565433834985
0.552956732580484
0.5470673552601827
0.5327442784883435
0.5139426403379237
0.47334441279295636
0.430513837353541
0.38297245318425727
0.33882812011431857
0.3349735070051659
0.3299472577941994
0.3306578654377473
0.355757913864752
0.3705142881196367
0.35006958647205955
0.34525132008561876
0.3653632494181037
0.35579951042965713
0.34138977407954935
0.3446724346254052
0.3670340436863324
0.3504317866845817
0.3442589820555664
0.34314454055122323
0.31861681808686226
0.29075244434952807
0.26000854070451473
0.2419372380279155
0.24749276235123624
0.2846296895122058
0.31233390411263084
0.35378845807074083
0.3820265367883777
0.39206318337101315
0.37909362037072314
0.3658137486619357
0.3479793482671808
0.350158181484174
0.35071540223634556
0.3551531483370407
0.3663642961740511
0.383848348223463
0.38883330511799113
0.3807686193455202
0.37216005930099005
0.3734364455793289
0.35567472093909064
0.35667997078128394
0.3819360059183851
0.4063635768182887
0.4300424097540488
0.4535583228786467
0.45814780815810935
0.4549691390245162
0.445821365685121
0.4335989144202466
0.428839576432705
0.4427848180802374
0.46016524094356165
0.4882394421280921
0.513394952301389
0.5283766412147934
0.5341897583022014
0.5504158771018549
0.573990718625352
0.5950073728362258
0.6183499670084354
0.6431103102234311
0.6454327839404573
0.6527087128798661
0.6711290494575208
0.6969050416559361
0.706759956190421
0.7222338707816214
0.7355412987741898
0.7505299201762133
0.7620764276696773
0.7565856481933018
0.786265160125665
0.8080434821407492
0.8166286855503196
0.8232486013897816
0.8200053764601385
0.8049103665563221
0.7834623729699037
0.7644601447573389
0.7547237967283533
0.7545202608432985
0.7631822073978042
0.7694851412887129
0.789585127807226
0.8018940339501847
0.8141328703847729
0.8287574122466743
0.859394543264754
0.8824641493159937
0.8976759418050824
0.9106721981586147
0.9192774214848622
0.915306806511291
0.8960977058918977
0.9135190474461411
0.9009083617115847
0.8855557703666413
0.8724008632481577
0.8866060832221981
