0.9084963612821418
0.917383502049164
0.9239372057233722
0.930352426555454
0.9301723986160153
0.9167914875218668
0.9094865138276311
0.9178578057732524
0.9266583946110238
0.9249031238836318
0.9300996950525354
0.9294592117547791
0.9088148720637074
0.882011504778098
0.8698146223307531
0.8674015575935219
0.8699461810919419
0.8740972062522732
0.8961436856883784
0.9111275367098124
0.8991522270953233
0.8912379285694985
0.8899534996276737
0.8815856696205736
0.880630137479773
0.9018457192514334
0.9326166220233093
0.9576854908243395
0.9800435567571771
