0.02208259272324222
0.019388735287044153
0.017457220016068465
0.018307216062619085
0.031862225387453244
0.05433054130098574
0.06519853966490491
0.0740261301907214
0.0789890835345302
0.07951279386547955
0.08485520331288378
0.09496806448683986
0.09369210864075948
0.10180919585089876
0.10784031871229466
0.08919043982499808
0.08040693119276973
0.09506191906067438
0.09811258182445114
0.10782436287579546
0.1332865629939944
0.14470069297919638
0.14661202198874343
0.14847146141706624
0.13657426563738922
0.12300253040449356
0.10968776006701289
0.12064902375954645
0.10308848807534096
0.09609058441855482
0.10514985053669271
0.106339699196425
0.10646225656412814
0.13390567512459162
0.151893522975776
0.1724101909970411
0.18373491173323897
0.18169516468511382
0.15831973397672655
0.14301346104485652
0.11732579742446929
0.11024510530201957
0.10888358421202407
0.11461924406799136
0.12775163990051414
0.15186333828474335
0.17726541020939307
0.213473373554306
0.22579026689756088
0.2596905141257616
0.25909603634859557
0.27862700806161983
0.2830274310909043
0.2836833049051821
0.2995817894040679
0.2868758976050412
0.2894456843335708
0.28777785882027723
0.2810582806599716
0.2652138038428864
0.24105717305212238
0.23504637714992807
0.21430516570497013
0.22600792735265088
0.254144051761339
0.2779657376015999
0.32955079415553346
0.33734166715041203
0.35795981291121753
0.38551055216146785
0.3834022086214237
0.36917667592209746
0.35244765367403297
0.34576562338092726
0.3480598247427273
0.3446932298212494
0.3145527963806168
0.30708580621223497
0.3117587167100249
0.32146358665060537
0.3390312493351559
0.37998057832460125
0.3699098379744077
0.38269286476305986
0.3438337170489579
0.33927610054035556
0.32692790560889345
0.3082838242653064
0.325703733426618
0.34782982024761244
0.3677884199359698
0.38203869963736853
0.41567862575485615
0.4408630607855768
0.4499265177624187
0.42664123739760546
0.4171380284080162
0.41194866940428365
0.44696624169973453
0.46118328283662646
0.4950134715587255
0.5515079296790159
0.5682132004263912
0.6449382178472839
0.6786636164778461
0.6457120625650828
0.6208403527722803
0.60080393179482
0.5575460294228431
0.5043188466762966
0.43996975675025063
0.4132524891669265
0.36983858892831184
0.3339002084263488
0.33664861069108465
0.3471965101315762
0.3487184650316842
0.34039336237561235
0.3827193529682221
0.41211192120923373
0.43550677589309655
0.4300181141298335
0.40286919986015274
0.4106654075391872
0.3451304025329079
0.3057493995671837
0.28361140700186793
0.2568519318897662
0.22797904193660382
0.24841297582138816
0.250438812554971
0.2683283473082153
0.32557400727613484
0.3584258613263204
0.349753163941099
0.35768533103496825
0.3806031218411833
0.41196086857422204
0.38404058942773056
0.439006795838464
0.4546096328467737
0.48603407831495593
0.5415329514555169
0.548967248192166
0.529252132099431
0.522528732675414
0.5105677896909445
0.4959338744988333
0.4613322204542298
0.41355493680658284
0.3942440433692309
0.33165370588303567
0.3433171811217811
0.3169011341446897
0.3293110657489287
0.35723612788284514
0.3734532787191466
0.3597046679358001
0.3309365921167799
0.3652248642764672
0.34280932964592953
0.3345448624831368
0.3489680879149663
0.35345992824930905
0.3518793884768035
0.3443519685831853
0.3441329316865515
0.3266253498050491
0.2983280775083139
0.26343603474529925
0.24176410719325772
0.26556146362018057
0.30315610870544657
0.3126424554326052
0.35175908626252916
0.3892182289815327
0.3954244711314744
0.39029200883814236
0.38005062385954286
0.34764411760480224
0.34972588673917665
0.35154096004791563
0.3609410127420048
0.3973042995152906
0.4151219046468888
0.3923452918376707
0.3826077414683956
0.37050671483884395
0.3698937720481434
0.36234789021769515
0.3448375269176175
0.36594765270968344
0.3935072277651901
0.4363127454891135
0.4368304556985501
0.4623203222533117
0.4715854214370289
0.43007110050199737
0.45043782110897945
0.41507142679403014
0.46223036401225426
0.47346472332297806
0.4681694770229625
0.5182491865734019
0.5465547282653741
0.5334934397555824
0.54264245933645
0.5906888761641151
0.611941802688313
0.600971421956329
0.6437633159500471
0.6613189228841505
0.636751108540435
0.6417132016388931
0.7263221517903551
0.6846955877974936
0.6966454226606505
0.7653291053020305
0.7443383743312797
0.7369221432621598
0.7571584843254532
0.8154745277986301
0.820139872478565
0.8622991267427167
0.830450118461085
0.8252961061075959
0.8036845963153078
0.8282730155525174
0.7644868637510289
0.8024594873190037
0.8189901867553873
0.7681299134666311
0.8019373534516008
0.8310849655280136
0.8641625292264449
0.869530013288651
0.8654923165958667
0.9244887010581633
0.8970144476131094
0.9123554928074998
0.9786764693855935
0.9247524517876057
0.9709185878705932
0.9550890980643982
0.8932426834597554
0.8613732786297108
0.8518918092463162
0.9036673270573272
0.909900345001914
