0.023786842850962775
0.019365515897200817
0.018518319156335093
0.01857908951668905
0.033936956623183905
0.0550060545474886
0.06979599039135159
0.0782725761992244
0.07904676780308943
0.0791284423605864
0.08568330895212063
0.09475130395941204
0.10046534259758828
0.10821618949862226
0.10877734785993448
0.08990930240676652
0.08229152387370292
0.09466633616158616
0.10299278106971006
0.11551226390823058
0.14130219298082233
0.15244689172941472
0.15541827567640426
0.15250962417584596
0.14628589358581412
0.13037171611923812
0.11730161587466369
0.1195371371555847
0.10971244250320285
0.10135983202007547
0.11214621503670773
0.11385250681466652
0.11090482048674818
0.1359990468250723
0.16028519098488198
0.17064899419824092
0.189271411731103
0.184952041721185
0.16737084927244603
0.15149529118207278
0.12529407003749166
0.10839619201509142
0.11017814648295039
0.12284398513858462
0.126502685465596
0.1588249209458214
0.18603687215562087
0.21068436430809004
0.23203884547499729
0.25515498985987256
0.27051410902662365
0.2742254929633784
0.2765814501336209
0.2874827419994103
0.2884694517778249
0.289850061125135
0.29317620261535876
0.2979509221691245
0.27984957317950987
0.2707429471343946
0.2521727849955698
0.23429002561034099
0.22458729625300847
0.22922080360689676
0.2479799604414243
0.27927496619261327
0.31416650896555504
0.33930671916754596
0.36304936908921753
0.3694734644372
0.37349907872266863
0.3660984682863149
0.3579334839119677
0.34974030660705147
0.33994237774195385
0.32799491578210066
0.319425394250842
0.3080216946371422
0.3050877407360997
0.3220224857361608
0.33874474910018254
0.3588887711900658
0.3688647831733626
0.37151716718449695
0.35402233557093366
0.3315518171346325
0.31349401824309125
0.29942013937979417
0.3113711881370398
0.33611605762927815
0.36051506244781256
0.38572408328223845
0.4223484987840428
0.42642653219860543
0.42745231946344864
0.4265477763600677
0.4232914307370076
0.4139565956362546
0.4262151224698798
0.43836461095335577
0.46510927536247065
0.5088446299180663
0.553661511359941
0.5896552978214497
0.6266159888011584
0.6338073146692861
0.6075004817480358
0.5864384169062202
0.5547974998717837
0.4964316706124546
0.4444041103248685
0.4118342513193645
0.37806489916946145
0.3416558312224158
0.3323765273049581
0.34204069709483487
0.35771689866624123
0.3501301996176499
0.3658254748613919
0.3952646347328417
0.41690064366679586
0.4049581519294766
0.4091043613421212
0.38934731776942366
0.35519923251403746
0.3147381209926457
0.28709779847445077
0.2532297390847378
0.23532540447570388
0.2479296773190959
0.26246569707339146
0.27969768101005155
0.31107844133466606
0.3530523057246041
0.3585799367814427
0.3670378404574037
0.3888439402619059
0.3932611148701447
0.3862689777048881
0.413257623053545
0.43927572824645067
0.4717394164418323
0.5067211889779322
0.5352620434274419
0.5285291794793884
0.5233179622277363
0.5106426433877185
0.49399324377685266
0.4579440627114269
0.41964589354951826
0.37662709873079864
0.3360356695185005
0.33245704851387475
0.3277818979312857
0.3284434757510884
0.35168592096040896
0.36524129440153846
0.3464395448726021
0.3419861784680567
0.36051824399381127
0.35172424178253847
0.3384107111258162
0.3414505423256839
0.36205122754033836
0.3593185249724103
0.3534224959376531
0.3523564434753299
0.3287661237046209
0.30165307540760633
0.2713265370970024
0.2532932731120796
0.2588535230229714
0.2956484908689445
0.32268259175971303
0.3625185618306092
0.3892781090743986
0.39872511074138856
0.3865114680674741
0.3739484336997222
0.3569778117952581
0.3590574985543345
0.3595890713709967
0.36381835634449117
0.37447047193632405
0.3909952390506068
0.3956883973532216
0.38809184875684866
0.3799596831450654
0.36791659098162643
0.3516092776048955
0.35253521726985915
0.37568182156827484
0.39787213979854746
0.4192222531075049
0.4402950780772245
0.4443948250239509
0.4415557597557554
0.43337466611611736
0.42241697121855254
0.4181411101520305
0.4306553147194386
0.44619577891336376
0.4711912700386317
0.49350795563310695
0.5067764259868991
0.5119220366169129
0.5262809030669126
0.5471449724681404
0.5657634040653472
0.5864815454605902
0.6085236900286004
0.6105954207828003
0.6170910433361082
0.6335742554064158
0.6567444178486355
0.6656392888259185
0.6796502631431047
0.7588262966572676
0.7742858322288187
0.786193684540736
0.8108664506956133
0.8426678761449573
0.8660092897904452
0.8752122481043302
0.882309061818701
0.8788321382516683
0.8626509452407455
0.8396643375138865
0.8193032027153658
0.8088717109229757
0.8086536487921113
0.8179339903267258
0.8246872257474712
0.8462257564139611
0.8594178916451679
0.8725367572654305
0.8882150550566049
0.9210641093635029
0.945796608731075
0.8778128590808371
0.8911883996572844
0.900100379369294
0.8959826117605866
0.8761952777214896
0.9424381375556269
0.9294246708491878
0.9135797548396056
0.9000027135968028
0.914663777676809
