0.02221564716887075
0.018090373786002794
0.017298173366728443
0.01735244613284199
0.03166689833603665
0.051391342818246664
0.06546674723240209
0.07382141182863733
0.07490176176007622
0.07546798998237773
0.08301986733826121
0.09389555601075851
0.10044730449570828
0.10443391669124032
0.10202632757098798
0.0879930019436657
0.08140876540845354
0.09451191419315866
0.10189787635672247
0.11411409186322863
0.13303615806172017
0.15217819187729248
0.15353741188768436
0.14463949986272973
0.13766692916363432
0.1255001526215839
0.11580947924120207
0.1187626714661988
0.10975909351125383
0.10132925762730684
0.11227061041675335
0.11393162795842511
0.11074233075196298
0.13647569977831242
0.16090229206903225
0.17134355191668824
0.18972015640877313
0.18594161028645448
0.16853073045173234
0.1521004516252745
0.1244590032412902
0.10662878553864698
0.10835727896011513
0.12146423420471417
0.1251757299163144
0.15916129665433448
0.18774414649288407
0.21333994128568945
0.2351776427898049
0.2583681854867942
0.2736365376770339
0.2775804815141279
0.28020310733236065
0.2910801468356845
0.2923797027214983
0.29403969294489374
0.29757479845063267
0.30250938949084777
0.2849392256380872
0.27593896778298765
0.25696832245833356
0.23825002375761006
0.22794416196107545
0.2328559912030827
0.2527176470993501
0.28530179831128283
0.320521583673266
0.34521438118817577
0.3681052482295996
0.37445630918248085
0.3785313453300318
0.37179100073812965
0.3642440208558863
0.3565714165362944
0.3472233371458575
0.335592563298686
0.32714496839292045
0.31568941692308244
0.3127584613486612
0.33003022146563443
0.34681430446608424
0.36666276585531193
0.37642984658950074
0.3791063767120957
0.36224600011381985
0.340053487641487
0.32178301120545577
0.3072756173366421
0.31967548368968407
0.3448600599252456
0.3690723308606397
0.3935183589608415
0.4283713976927232
0.43230385297787216
0.43334307023202884
0.432549251643776
0.4295237512382883
0.4207372751850251
0.432381765160315
0.4439254716932378
0.4694826186185782
0.5125573154050949
0.5593222449259985
0.5993247968232943
0.6430572423871116
0.6518966625966919
0.6200776446863709
0.5956467834977413
0.5605496187628309
0.5001292811686566
0.4497113638467435
0.4188311895043029
0.38654150472092424
0.3507272858379332
0.34136841142026114
0.35107351632637074
0.3666008193103181
0.3590799711472951
0.374475092451741
0.4027774716983035
0.42324597720586427
0.4118788783827292
0.41574537383783605
0.3969093598852405
0.363818614354564
0.3231553548675881
0.2943899009442379
0.2582987657973985
0.23899198503964159
0.25260210638100683
0.2682114541907708
0.28653460595939373
0.3192107385402815
0.36121390843707596
0.3665395958516913
0.3746549279735197
0.39541280972523474
0.399502555532756
0.3927769579362642
0.4181675547173801
0.44267487113560045
0.4739344012303556
0.5091046553711871
0.5393119699339795
0.5320305759844
0.5264315059276432
0.5130013951870039
0.49573396243743467
0.45974140451770723
0.4229945410491391
0.3823467625274614
0.34322980578666856
0.3396396590512939
0.33496066132698776
0.335536842313388
0.35803226484427475
0.37085124705340383
0.3527826123343983
0.34838817516501447
0.36601129277060945
0.3575244201626994
0.3446352343506307
0.3474616445894975
0.36696478249970893
0.3642544983392507
0.3585464926575053
0.35741131631517375
0.3347079257134848
0.3079681248150843
0.2771102289816427
0.2583119814120358
0.26411630913899853
0.30171039617068535
0.3282179958283729
0.365887009762281
0.3907033555953408
0.3993904415960674
0.3878019344926542
0.37593535801394845
0.35996835878070554
0.36175713504973517
0.3620988912525641
0.36587781511069156
0.3756171373440171
0.3908617456687203
0.3951046035371461
0.38781793577197315
0.38006401216627544
0.36870921494880343
0.35342704145896775
0.3541259066253147
0.37541603007798574
0.3960546315831805
0.41644249637540964
0.4373308263720741
0.44144203698993845
0.4384579091892503
0.43005626698778526
0.4189882249741092
0.4146445946226164
0.4270382869261496
0.4429568271990138
0.46988084301536304
0.49545438843069994
0.5115184807832557
0.5180761311465493
0.5365404280689933
0.5645496791885931
0.5906966592912085
0.6204739002551823
0.6521226389623375
0.6555358025433238
0.6649865633725567
0.687417434512587
0.7163899957492975
0.7265884974337603
0.7413586881919944
0.7527970676229818
0.7644263366267943
0.772356976363135
0.7879558609614152
0.8068525628340157
0.8207754679105536
0.8260663319568973
0.8302260969301445
0.8269715641445056
0.8148514158067173
0.7987004200112796
0.7847661336007001
0.77718293297549
0.7759697592349957
0.7807247252800417
0.7840088127475026
0.79753512796859
0.8063447668145878
0.8159675070247725
0.8287778915733214
0.8598910853961078
0.8872430596480709
0.9076843195794202
0.926788693433917
0.9406940832826616
0.9365606328361746
0.9106930776033091
0.8891661763431112
0.8744019374401826
0.8567735146944744
0.8422898682114093
0.8597672396507674
