0.9322829754121655
0.9045024823254842
0.8865433868011886
0.8804960721029481
0.8780540844634265
0.8723427547466504
0.8830845246090346
0.9221734317897109
0.9721290608382328
1.0055561551448673
1.0202030080392634
0.9961064660128425
0.9340402253010182
0.8706736278366121
0.835203069649884
0.8211489417010023
0.8211338507128374
0.8313284053999345
0.8693129724415841
0.9141285253629216
0.9418553781056429
0.968103217232153
0.9764193089896035
0.9459741581963633
0.9064641838952263
0.8913388803075789
0.8961559155169226
0.9068851658540868
0.9249880580554204
