0.021896974052465906
0.017783799537159153
0.017291918983131174
0.01788550192892191
0.03124753812946534
0.050682624910518295
0.06435465715042511
0.08212444396816071
0.07977486549192041
0.07654512402502482
0.08035263766234614
0.08749903163601591
0.0928144702039029
0.09976497410398405
0.10192990533019294
0.08669233119608072
0.08268348590332031
0.08742004036526951
0.09516774474456603
0.12164998484951599
0.1435560341846221
0.14860570595646125
0.146791123124407
0.1414196801020407
0.13571647772180012
0.12038613544718689
0.10991013793422318
0.11538028978403989
0.11028251777640917
0.10604355646502896
0.10370206814579358
0.1052950541527203
0.1125240864240424
0.13251810519631213
0.15160635114584933
0.1586489068479007
0.17653180577743938
0.1718188216295646
0.15753494866397108
0.14651394224063288
0.12592332761025812
0.11333457216110066
0.10186552677068493
0.11370101724780823
0.12872311825937857
0.15535880847282482
0.17669922876608266
0.19704735234545387
0.2178309532099589
0.24048163346486867
0.2556676606347933
0.26986783025042577
0.2836596220305957
0.3079249558929836
0.31576454051225217
0.27494476526202827
0.2782788453512486
0.2984498447858399
0.27017977154616774
0.2559198191981726
0.23583931849297754
0.22002624579064145
0.21058023422698954
0.21508601464423466
0.2526260382441217
0.29830123006445114
0.34555733581252673
0.3250645791372452
0.34952876202622757
0.3760610039098463
0.3678239853563007
0.35288474593483804
0.3417889476892004
0.33434540212307245
0.3257162551340691
0.3134989745164984
0.3293413242450265
0.33043418259305796
0.3348738682632677
0.35165483083318894
0.3244886028578464
0.3452237504669012
0.3632518213822188
0.3586824516574548
0.3378086799075726
0.3156829805266618
0.2987605633198329
0.28455205033898184
0.32002698702757804
0.36217060994448586
0.4000983329259351
0.4271668391619647
0.4551094721211794
0.41594047717890725
0.42645965074406716
0.4167009884520497
0.40976577856876023
0.40081979906648674
0.4192150722653966
0.4285987912446072
0.4924127286783034
0.5663961803409358
0.6364010560961402
0.6765888358848875
0.6974257151780839
0.6759101258807908
0.6239354628701949
0.5882592008607062
0.549435048351583
0.4881089325941785
0.43838331336795006
0.4142727453885159
0.365126200796603
0.3675997937624608
0.3664554531209928
0.3759512843803986
0.3814794054249425
0.3569683552374396
0.3524053520637377
0.38407748798339736
0.4031543843597234
0.39119612816402577
0.40046242481049743
0.38939669599530946
0.34141243275058086
0.3000211288032177
0.3135573170318918
0.2737741840914259
0.24546822193127052
0.24816287950240865
0.24769614846270455
0.2648009994441305
0.2943736435523294
0.3373218678999184
0.34712427659257766
0.364970583475452
0.4036312903372922
0.3810033993079687
0.430276568781935
0.4616374505085187
0.4777380563964177
0.49429747757635933
0.5150419368644019
0.5341829797758957
0.5216654103372409
0.516454274423285
0.5087741526326347
0.5030261555421963
0.48125361040976333
0.4087687494666843
0.36362866227632884
0.3696597472287281
0.3542281686709609
0.3341112903699302
0.3226892661712768
0.33778871884191936
0.35179975432433547
0.33041488145997544
0.3295171631595133
0.35721108931550866
0.36120376079311295
0.3618846835327753
0.327263162883574
0.34849529569511856
0.3855293666973777
0.3626942824173912
0.3482658820467168
0.3157872857457266
0.28680000350837886
0.2564740274259515
0.23974740752792015
0.25110737826489216
0.2997409331295835
0.3434730712332016
0.348979116041186
0.3768333309675867
0.4319359102249179
0.39999010415593855
0.37167588703414495
0.3450945668026506
0.34539818883662515
0.34594783482166674
0.3517361274397217
0.371320879186148
0.40362967510818465
0.4269912298498665
0.4314865640219285
0.3671009767501398
0.354574314737738
0.36177736178418396
0.3492174468615628
0.3648174683570395
0.3836473086447975
0.4083211334934252
0.4306492669155692
0.4465020674032849
0.45983474047482814
0.47057277963305644
0.47265065347373275
0.4689076736712188
0.42041992768946995
0.46876613273200607
0.47855914542546735
0.49069215727302007
0.49894668155610883
0.5038637308220137
0.5226145834303758
0.558826729153228
0.6004932681208799
0.6517334652435566
0.7005393602182388
0.7060629244393861
0.6950241873039406
0.684708001586422
0.6838634141753726
0.6759412149884604
0.6821614839569826
0.6936917103631167
0.7143231911561345
0.7411956786974946
0.7920992701855029
0.8596748552517637
0.9137472243227729
0.928463399364904
0.9119149644848388
0.8704440211746806
0.8215025290307306
0.7789450714551573
0.7502982098817003
0.7393670308683103
0.7456579705770571
0.7703666234600663
0.8044462760685653
0.8620320881673855
0.906090760180614
0.9259777090687173
0.9192199307997637
0.9136474263253509
0.9017086301757039
0.8931035921483704
0.8940285428278789
0.9004746452802234
0.9041048727575355
0.9036533623876769
0.9179721336768586
0.9453542108871033
0.9623950584701028
0.9554404046087414
0.9478002084247297
