0.8376097902847268
0.8428759613372725
0.8467085181100735
0.8504180221387152
0.8503144929662918
0.8425276232717851
0.8382004364064036
0.8431547844391983
0.8482870978784818
0.8472697117080661
0.8502726737928656
0.8499040351404039
0.8377998954859128
0.8214492606564323
0.8137746891499728
0.8122391537717855
0.8138582429672976
0.8164859362957553
0.8301589441067128
0.8391771781541464
0.831987615803663
0.8271578540767415
0.8263681753316413
0.8211837660964685
0.8205873752205894
0.8336171615906779
0.8517172873546204
0.8657522809176205
0.8777217017325943
