0.9687535050166389
0.9993691165481904
1.008780187061779
0.9920592008253842
0.9918672323104128
0.9775988157539852
0.9698093306531776
1.0000490325902087
1.012697994382637
1.0055561551448673
1.0202030080392634
0.9961064660128425
0.9690931414193557
0.9492111788038691
0.9321796412351999
0.9288268146547105
0.9276464364912634
0.9320727835245174
0.955581522950686
0.9715591964057295
0.973378926631724
0.968103217232153
0.9764193089896035
0.9459741581963633
0.939039019488018
0.9616617509354589
1.0212967071733072
1.0577643219537325
1.045046156637976
