185.45
199.65
219.95
235.4
232.5
236.9
236.0
236.05
235.4
234.55
236.45
240.1
240.15
240.45
240.65
241.7
241.25
242.3
242.15
242.2
242.4
242.45
242.25
242.45
242.5
242.55
242.8
242.65
242.65
243.0
242.95
243.0
242.9
242.9
242.75
242.95
243.0
242.95
243.05
242.95
242.95
243.0
242.85
242.85
243.05
242.95
243.15
243.15
243.1
243.45
243.45
243.45
243.4
243.4
243.55
243.6
243.5
243.45
243.5
243.55
243.6
243.5
243.35
243.5
243.65
243.4
243.5
243.7
243.6
243.55
243.45
243.5
243.55
243.6
243.55
243.6
243.5
243.5
243.6
243.45
243.5
243.55
243.5
243.45
243.5
243.45
243.4
243.4
243.55
243.4
243.65
243.65
243.65
243.5
243.6
243.6
243.6
243.55
243.55
243.45
244.15
