0.05179256104732832
0.061455414187899376
0.07007137185894766
0.07908354554798444
0.10514774129143639
1.7968689316510966E-4
0.0904336922463522
0.07677141128933779
0.06611946769154206
0.12516070805147003
0.08378724281077884
0.06935710609986402
0.06086163367009002
0.06997789244393475
0.08196840504617686
0.08427704453065372
0.07748302063246366
0.06975097718921727
0.06440776127457043
0.09300423440991859
0.09292352435684438
0.10979644374547529
0.10901977346823728
0.14148139555039552
0.0980877798399365
0.10350359407375963
0.11391186416493107
0.12121424958344694
0.11970607749686672
0.14055697365264183
0.11382312572757006
0.1171602980068767
0.12835294653596555
0.13304223923577804
0.138294916189041
0.13787241280474288
0.13629212912831257
0.14001548416230045
0.14864728419190126
0.15606249163470481
0.16446987182108483
0.16809594792515611
0.16829497713188168
0.17345245518383948
0.18033157778895245
0.18922578037532237
0.19770975381900405
0.20460573959284006
0.20669907731380366
0.2122955559723172
0.21816227789933673
0.2443344550644011
0.23435921786337433
0.24129901807236076
0.2534686368301502
0.24885069861859963
0.2543217111719149
0.26103282828541063
0.26763325401161936
0.272952779971417
0.27568469219212854
0.278320491478786
0.2843505312831643
0.2863802137024748
0.2919002219327276
0.296848414398763
0.29898751465332585
0.3000406357693375
0.3065211834465031
0.3057734549569024
0.3088883138014564
0.31367065387534776
0.31308005630464464
0.3161166843862522
0.32148633687395073
0.32280720642072575
0.32574094173476964
0.3321392335602077
0.331281619601782
0.3330751156545422
0.3376622646834633
0.34308886544321116
0.3438814633272701
0.3490741433794395
0.3500863953440115
0.3293364421772094
0.3579492961844779
0.372722235799445
0.3652789373930507
0.36969400099567307
0.3726997590620672
0.37728034636721974
0.38045289089225487
0.39006745560166817
0.3878795139654219
0.39127959274997764
0.39636098931987823
0.3971795880720837
0.3996557896272767
0.4046495209669556
0.40731755684725607
0.4081463757087429
0.4097438946311048
0.41137511555147005
0.41249263856952817
0.4149813204944578
0.4269423265460439
0.41627614569997407
0.41705907955031163
0.4174501273309481
0.41641942323739206
0.4167399302010965
0.45651492567735996
0.4156367551916039
0.4132348780756105
0.414141611051173
0.41377011202622815
0.4101451006488565
0.4132961270139405
0.4094377961982097
0.40674934417896413
0.40569722796443175
0.4043555482763625
0.4041339080952501
0.402699173706364
0.4043201064938359
0.3987329875830488
0.39910256873503014
0.39708894999306166
0.3971056754603484
0.39612873690840134
0.1269824946024083
0.39481309307634593
0.3939750069984648
0.39389485340775
0.3947315199926964
0.39380909784456414
0.4024599434639026
0.393921414499307
0.3989471191278036
0.3945366752724287
0.40138244906363824
0.39457763141280555
0.3956381380458892
0.3956977260547856
0.39400606630972435
0.3957504104306489
0.3947298157674448
0.3952302131280626
0.3952527834413841
0.4034799049909337
0.39480398329688743
0.39503915564806275
0.39488237767600237
0.3944562467680058
0.3938590609078804
0.4282796694800066
0.39309064399765514
0.3928557209836253
0.39269192631865074
0.3922187559863998
0.39158808797379724
0.3933306132053546
0.3910316082900811
0.3904865895103369
0.39057136972979417
0.39055955270592607
0.3901147202622618
0.3904990259972555
0.3921033318028072
0.39054722299496986
0.3911300058567855
0.391751892742644
0.3925487032664898
0.3929982136216333
0.40660718792516226
0.39491972354754457
0.39680627866614154
0.39931179997276084
0.3993828085349014
0.40061066689029473
0.40666181804572316
0.40410018303312434
0.4066273030713571
0.4079554705877127
0.40994247902130915
0.4117325326806723
0.414556815970085
0.4163459291598234
0.4177485457832599
0.4198323851555723
0.4218198250385084
0.4275917082866927
0.42565166662119414
0.43030042837045307
0.42911193815962667
0.4304252386343129
0.4320638342381966
0.43349523825849506
0.4354688652289742
0.44275222147407844
0.43840912758987527
0.43938242847131365
0.44108321812248463
0.44556421642563093
0.4448475003230208
0.44876331610032644
0.4501912615311983
0.453655199229463
0.4619234963537195
0.48227800574706825
0.6160594063161371
