0.897849472742303
0.897849472742303
0.897849472742303
0.897849472742303
0.897849472742303
0.863193990742303
0.8580321737423029
0.8908368737423029
0.8908368737423029
0.8908368737423029
0.8908368737423029
0.8908368737423029
0.881107529742303
0.8577095607423031
0.8577095607423031
0.8458747387423029
0.8458747387423029
0.8458747387423029
0.857777479742303
0.863092112742303
0.863092112742303
0.863092112742303
0.863092112742303
0.863092112742303
0.8584057267423031
0.891193446742303
0.948805427742303
0.948805427742303
0.948805427742303
