0.9282624707182471
0.9282624707182471
0.9282624707182471
0.9597257777182471
0.9597257777182471
0.9540036327182471
0.949147449718247
0.949147449718247
0.949147449718247
0.949147449718247
0.949147449718247
0.946006213718247
0.9113677107182471
0.8714315537182471
0.8714315537182471
0.8714315537182471
0.8714315537182471
0.8714315537182471
0.911384689718247
0.931726320718247
0.908922639718247
0.908922639718247
0.908922639718247
0.908922639718247
0.908922639718247
0.919670762718247
0.925426867718247
0.938518183718247
0.9801862657182471
