0.9192553957240384
0.9192553957240384
0.9192553957240384
0.9507187027240384
0.9507187027240384
0.9449965577240383
0.9401403747240383
0.9401403747240383
0.9401403747240383
0.9401403747240383
0.9401403747240383
0.9369991387240383
0.9023606357240384
0.8624244787240384
0.8624244787240384
0.8624244787240384
0.8624244787240384
0.8624244787240384
0.9023776147240383
0.9227192457240383
0.8999155647240383
0.8999155647240383
0.8999155647240383
0.8999155647240383
0.8999155647240383
0.9106636877240383
0.9164197927240383
0.9295111087240383
0.9711791907240384
