0.8960614156240185
0.8960614156240185
0.8960614156240185
0.9275247226240185
0.9275247226240185
0.9218025776240185
0.9169463946240185
0.9169463946240185
0.9169463946240185
0.9169463946240185
0.9169463946240185
0.9138051586240185
0.8791666556240185
0.8392304986240186
0.8392304986240186
0.8392304986240186
0.8392304986240186
0.8392304986240186
0.8791836346240185
0.8995252656240185
0.8767215846240185
0.8767215846240185
0.8767215846240185
0.8767215846240185
0.8767215846240185
0.8874697076240184
0.8932258126240185
0.9063171286240185
0.9479852106240185
