0.027403203327271412
0.02062831932727141
0.02062831932727141
0.02091697332727141
0.06287370932727142
0.08037973732727141
0.08037973732727141
0.08037973732727141
0.08037973732727141
0.08037973732727141
0.11174116632727141
0.12038381232727141
0.12038381232727141
0.12038381232727141
0.12038381232727141
0.12038381232727141
0.08391150632727142
0.11866886632727142
0.11866886632727142
0.12620783532727142
0.14588725932727142
0.14588725932727142
0.14588725932727142
0.14588725932727142
0.14588725932727142
0.13811057532727142
0.1331525153272714
0.1439345983272714
0.1439345983272714
0.1439345983272714
0.1439345983272714
0.1439345983272714
0.1297396043272714
0.1615255243272714
0.1739206753272714
0.1739206753272714
0.1748205973272714
0.1748205973272714
0.1748205973272714
0.1748205973272714
0.1748205973272714
0.10843013232727142
0.11700486032727142
0.13620885332727142
0.13620885332727142
0.2011900063272714
0.22686324932727142
0.23915652232727141
0.24307882332727143
0.24307882332727143
0.2795341503272714
0.2795341503272714
0.2795341503272714
0.2991965943272714
0.2991965943272714
0.2991965943272714
0.2991965943272714
0.2991965943272714
0.2866656063272714
0.2866656063272714
0.2759854013272714
0.2759854013272714
0.22725378232727142
0.22895174732727142
0.2838979223272714
0.35169769832727144
0.35358244032727143
0.3594404223272714
0.3594404223272714
0.3594404223272714
0.37327884432727143
0.37327884432727143
0.37327884432727143
0.37327884432727143
0.37327884432727143
0.3158366593272714
0.3158366593272714
0.3115577853272714
0.31025035232727144
0.3548219553272714
0.3983238403272714
0.3983238403272714
0.3983238403272714
0.3983238403272714
0.3983238403272714
0.3759106913272714
0.3104880673272714
0.3104880673272714
0.3727015353272714
0.3912942613272714
0.4088512283272714
0.4163732163272714
0.4349150033272714
0.4349150033272714
0.4349150033272714
0.4349150033272714
0.4349150033272714
0.40391014732727143
0.46179380332727143
0.46335593132727143
0.5508521113272714
0.6401651143272714
0.6401651143272714
0.6605237243272715
0.6663477473272714
0.6663477473272714
0.6663477473272714
0.6663477473272714
0.6663477473272714
0.5901770003272714
0.5161796483272714
0.5161796483272714
0.4858030403272714
0.34336068532727143
0.3335634233272714
0.3544993413272714
0.4013631983272714
0.4013631983272714
0.4013631983272714
0.4527096853272714
0.47194763832727143
0.47194763832727143
0.47194763832727143
0.47194763832727143
0.47194763832727143
0.3364329853272714
0.3157008223272714
0.2696010503272714
0.2696010503272714
0.3332577893272714
0.3332577893272714
0.3332577893272714
0.3332577893272714
0.3989181283272714
0.3989181283272714
0.3989181283272714
0.3989181283272714
0.3989181283272714
0.3982898803272714
0.5088953753272714
0.5195586003272714
0.5767800493272714
0.5767800493272714
0.5767800493272714
0.5767800493272714
0.5767800493272714
0.5220546103272714
0.5191510893272714
0.5066201013272714
0.5066201013272714
0.5066201013272714
0.4299569433272714
0.4110755633272714
0.4110755633272714
0.4110755633272714
0.4110755633272714
0.4110755633272714
0.38078385332727144
0.38078385332727144
0.38078385332727144
0.3638211743272714
0.3638211743272714
0.3638211743272714
0.3815988763272714
0.3815988763272714
0.3815988763272714
0.3815988763272714
0.3815988763272714
0.3492356473272714
0.30252460732727143
0.2864109113272714
0.3146820433272714
0.3911754033272714
0.3911754033272714
0.40374035132727143
0.40374035132727143
0.40374035132727143
0.40374035132727143
0.40374035132727143
0.3657568553272714
0.3657568553272714
0.3685924583272714
0.3685924583272714
0.37025646432727144
0.40195748732727143
0.40195748732727143
0.40195748732727143
0.40195748732727143
0.40195748732727143
0.3907169533272714
0.3956410543272714
0.45126641432727144
0.45126641432727144
0.45126641432727144
0.45126641432727144
0.45126641432727144
0.4356960683272714
0.4356960683272714
0.4356960683272714
0.4356960683272714
0.48643128732727137
0.5208320753272714
0.5208320753272714
0.5208320753272714
0.5208320753272714
0.5208320753272714
0.6003138563272714
0.6317941423272714
0.6317941423272714
0.6317941423272714
0.6361918743272714
0.6361918743272714
0.6674344453272714
0.6781486103272714
0.7208184913272714
0.7208184913272714
0.7208184913272714
0.7326193543272714
0.7515686523272714
0.7773777333272714
0.8016586453272714
0.8385214833272714
0.8434455843272715
0.8434455843272715
0.8434455843272715
0.8434455843272715
0.8434455843272715
0.8110653753272714
0.8110653753272714
0.7851544173272714
0.7841186573272714
0.8057847023272714
0.8057847023272714
0.8057847023272714
0.8241566923272714
0.8464000443272715
0.8802065443272714
0.9222821383272715
0.9222821383272715
0.9222821383272715
0.9222821383272715
0.9239970833272714
0.9239970833272714
0.9239970833272714
0.9239970833272714
0.9239970833272714
0.9020763443272715
0.8507638173272715
0.8900717263272714
