0.01683623372193908
0.03907594307725386
0.042598158033714834
0.04333714440240381
0.05993010933357879
0.08393209293607616
0.08942237177998096
0.08070476182773241
0.07779648701009498
0.10389247210374315
0.14134572185364003
0.161073418590184
0.15321791985833788
0.11525528126618666
0.09693578456960326
0.13734492602178366
0.18116013537545297
0.20537459547842418
0.20688614056833493
0.1987193235307193
0.19093914698925302
0.19913721742385343
0.22493072952449294
0.24456406704975725
0.24813183876133335
0.25348266497487926
0.2502073939390694
0.26769885500916507
0.27778741355707526
0.28392212834495384
0.28474696665538307
0.2757208505574264
0.24676511093743317
0.28369549564904595
0.3152740679407068
0.3208820078470605
0.32325943022805737
0.304113065610497
0.2764962228010822
0.2855796213912982
0.32954940993067744
0.3444028721739017
0.3492430220786309
0.33181522090745363
0.3132180586341789
0.31381205403787554
0.3366122982154471
0.35922562868504154
0.361666387707625
0.3507829610271836
0.34071632517986983
0.34087501446438884
0.3657771865015402
0.3752209371591023
0.377567439621167
0.36439368478803386
0.3423018456999119
0.34595049189899835
0.37115555141632994
0.3865280912574998
0.3936005440856645
0.3848351614727647
0.3715607259143431
0.3462416955921862
0.37053429724063724
0.3901318307914224
0.4016526189003378
0.3973421753423622
0.392702257352692
0.37780236628866626
0.38475048177511073
0.4011081291463708
0.4082588632678378
0.4044647974920586
0.39685710775344524
0.3876612061496919
0.3952171713064461
0.41404084698271826
0.41825212791541055
0.416640387102985
0.40588837268338773
0.3818515365205249
0.386840057868598
0.41303766027315014
0.4240989968693884
0.42664815730161454
0.4218977853036853
0.40707963806734027
0.3964828368056341
0.4132015933349605
0.4277768218442746
0.43095377115139294
0.4300992954548914
0.4223891284529604
0.4136126859647299
0.4267537098520044
0.43607277339303435
0.43686829553318035
0.4358312920272872
0.42252118059325106
0.4109732397128204
0.4284571681876166
0.4395763724491775
0.4447526439116536
0.4451113578882763
0.4335059621314209
0.7745002178203346
0.7770848173806698
0.7909961614935384
0.7972839006808142
0.7980351533883797
0.7945491017367166
0.7856864435922296
0.7834509056178047
0.7907130820068128
0.7964958354515065
0.7971284004736757
0.7943216529120296
0.7873006099384555
0.7849768306539914
0.79301988427892
0.7969746524704172
0.7984688054489164
0.7952454912932234
0.7870786563660072
0.777072390757553
0.7882432120720936
0.797380281086628
0.7996948964661847
0.7982422197322139
0.7928935119462167
0.7817286738917688
0.7848849150225286
0.7938901369624497
0.798806374035133
0.7990912258038476
0.7958154168978278
0.7898351002775085
0.7897671608010223
0.7954319764600517
0.7987121504838449
