0.904291108871337
0.9042470267205804
0.9042749359941166
0.9043269975080737
0.9043862829725915
0.9045204507166974
0.9046197384044344
0.9045712262307449
0.9045872711195527
0.9046639335807
0.904673458789644
0.9047507929488875
0.9048490883944089
0.9048903103307412
0.9046867111979738
0.9045936665353957
0.9045251446413538
0.9044042769050538
0.9043985859254928
0.9042328528402516
0.9040735219436136
0.9037958805273211
0.9035570033602569
0.9034762861792686
0.9035431540854508
0.9035172540524643
0.903649731093024
0.9040335370229858
0.904186576849385
0.9042802363787753
0.9045200877084517
0.90433094400406
0.9042916023675198
0.9043689383313
0.9042733272244247
0.903826563599946
0.9033632826983696
0.902943685889425
0.9026082136109871
0.902375987415574
0.9022037945810369
0.902202852963735
0.9022376558586946
0.9024295513879631
0.9026897231040953
0.9031818381408652
0.9034614818145468
0.9035374206974366
0.9034522170477833
0.9032878014279596
0.9031730761788269
0.9031449025095432
0.9032535439646245
0.9034465794245726
0.903644681557058
0.9035572685209395
0.9036080051058727
0.9036628777396203
0.9036050803182505
0.903461475798545
0.9034854426473351
0.9033263173282018
0.9032864733699217
0.903240777437017
0.9028942308897128
0.9023819152464697
0.9031821554432817
0.905334651323429
0.9061183867752995
0.9057967922957082
0.905621873789818
0.9060577995516552
0.9060069861635864
0.9062142832123047
0.9065300630606691
0.9065390835567033
0.9064877727736657
0.9064632358022419
0.9063759930142449
0.9062822824627578
0.9061208662520839
0.9056915982805623
0.9054468068940172
0.9054070598941458
0.905321559831062
0.9053778970951356
0.9056828292387205
0.9060186532250718
0.9060227709825802
0.9062555747991021
0.9063724842697913
0.9063292221546678
0.9062349374050562
0.9060006033169865
0.9052089777000865
0.904688089353546
0.9041099607712284
0.9035649192761173
0.9031376082826632
0.9027491689263654
0.9024945249798482
0.9024185907166008
0.9022492523852229
0.9020183335987612
0.9018219772376699
0.9016036789810987
0.9013876059795373
0.9008381283416155
0.9000982261263236
0.899526676717286
0.8991185140788591
0.898525509045589
0.8981476300810177
0.8980379974835143
0.8976779830409795
0.8971785563934966
0.8969655700315557
0.8967384786617844
0.8963930418646502
0.8963868756675554
0.8964908841248828
0.8965886804712632
0.8968653960546417
0.8974361193023097
0.8977013649369647
0.8980648066524474
0.897901172071474
0.8973720153213509
0.8966831430457723
0.8962449130803809
0.8958477098006409
0.8956526557603586
0.8954758763336322
0.8955041464437836
0.8952612026286783
0.8952631684538834
0.8954686133946842
0.8952865513626144
0.895173908297527
0.8955361370432132
0.8957226576127624
0.8955357278244723
0.8961515065232707
0.896613573221293
0.8965924569894896
0.8960156509985798
0.8960397733842348
0.8959884374337322
0.8959924013573792
0.8960629902474512
0.8963185579946672
0.8961213032157795
0.8956423301350916
0.8949590565537685
0.8946533493016947
