0.6092929808856978
0.6118192431554186
0.6086515454878316
0.6087503858483688
0.6087190948981619
0.6177299401883075
0.6227046032658025
0.7011906442860197
0.6107201481434533
0.6613724422313296
0.6310062640140522
0.6115751716638426
0.6163471145756781
0.6113397255923038
0.7308867696875426
0.6360152687580188
0.6155597484623817
0.6173794855203038
0.6679484388067511
0.6154564110395981
0.617525830091418
0.6140690407147963
0.6112569887056875
0.6163820063798677
0.6103492894836187
0.6104939206555529
0.613029771388171
0.8414709843908655
0.8414709837764069
0.8414709841285094
0.8414709840441711
0.65677649360701
0.621417248724618
0.6609173440805661
0.6362398848177507
0.6405650252372996
0.6460474870979865
0.632897665396722
0.612310521585764
0.6126719942300205
0.6110194266238533
0.6104201232450827
0.6177058787890352
0.6652471337484348
0.611138229031714
0.6131083694024445
0.6096111119657524
0.8414709847882241
0.6244475549339367
0.6225601914617629
0.8414709839161194
0.8414709844650753
0.7553671753135273
0.6405140907053272
0.6259818090140885
0.6322894579317956
0.6524103475113695
0.7180137252603953
0.63675110664544
0.6688804679452364
0.7552700692725884
0.6435458619110332
0.6130405783031829
0.7500118711425706
0.6131011371100709
0.6124937336313673
0.6120146027380604
0.6131935823010117
0.6224701912745035
0.6229389475845314
0.6268356738293072
0.6202722361023176
0.6245297260266282
0.8414709847491745
0.6188033931276324
0.7514797882409122
0.7536986330196568
0.6320087787976695
0.6271715849359835
0.6434867336777476
0.6721886169050632
0.7192333359741323
0.8414709824982537
0.6529100839184785
0.6538560737615399
0.6712150249700395
0.841470982340696
0.7527498563271275
0.8414709842683271
0.7286806171709996
0.7000796708454922
0.681073293625885
0.6322535113935999
0.6271452774488263
0.7476299527922625
0.6737196595182866
0.6422987418254141
0.622593452011637
0.8414709840123613
0.841470983323121
0.6569163356842146
0.8414709837459239
0.63988383544284
0.6415263033887847
0.8414709848050753
0.7080171435218718
0.7358345333878349
0.6431868813217119
0.8414709840424407
0.8414709846818088
0.6437641612872596
0.6577105558192023
0.8414709847905079
0.6287807090588788
0.6354977675680401
0.6627697641945149
0.6428954661377473
0.8414709836040645
0.8414709835648512
0.8414709842819046
0.8414709813987494
0.8414709832550362
0.8414709821929734
0.8414709824511248
0.8414709826277498
0.8414709832856632
0.8414709837790525
0.8414709841066891
0.8414709844792805
0.8414709827657264
0.8414709841010187
0.8414709683106413
0.8414709525376874
0.8414709328318353
0.8414709768368379
0.8414709842068423
0.8414709812803193
0.8414709810262069
0.8414709839252574
0.7232946922191364
0.6577094945583521
0.8414709842566794
0.7542867536447067
0.8414709795956434
0.8414709822601876
0.841470982970001
0.7416993458914686
0.6409027701675778
0.6540302094488197
0.6382267118718594
0.6932864284940207
0.7217789310062188
0.6199754724704959
0.6382491608102315
0.6120543091764569
0.6106503343237888
0.6194299342305113
0.6156343606839192
0.6396565023384045
0.6410536979664974
0.7051563688420387
0.7253912215177487
0.6500182677410437
0.6502458703636039
0.6534321220273454
0.6122882874067336
0.841470984599837
0.8414709847750543
0.8414709847977769
0.8414709847020642
0.8414709814238552
0.8414709767337406
0.8414709738289884
0.8414709817241012
0.8414709843769925
0.841470984621217
0.6295534754124168
0.8414709847680427
0.8414709842303406
0.6695603208293618
0.8414709840423976
0.8414709846537078
0.6300710520447506
0.7387011736825597
0.7443130296608307
0.6345597388985011
0.8414709844037487
0.7497743561258033
0.8414709769264325
0.8414709774414797
0.8414709825900988
0.8414709834457746
0.8414709838370114
0.8414709807948899
0.841470982971627
0.8414709840548144
0.8414709830834584
0.8414709802972746
0.8414709814613297
0.6162076052987739
0.8414709847140506
0.8414709843882713
0.8414709844919135
0.8414709843335655
0.8414709840195438
0.672670091457916
0.8414709838120153
0.8414709815876702
0.8414709825249215
0.8414709794281335
0.84147097000653
0.8414709523979425
0.8414709722601
0.8414709839133779
0.8414709842483349
0.6657879749854217
0.8414709839933652
0.7432233964737888
0.6916631741222855
0.7535068429623434
0.8414709845624508
0.84147098462191
0.8414709839896417
0.8414709846571576
0.7541889376045727
0.8414709847422853
0.8414709847565475
0.6485437403872831
0.8414709845558253
0.6993115382410608
0.6853340755790135
0.6653426405192067
0.8414709845093987
0.8414709842864934
0.7383528702936778
0.8414709843761502
0.8414709840768223
0.6482159513231344
0.63442499495485
0.8414709847857835
0.8414709846898225
0.8414709845723973
0.656800161766741
0.6500436803507882
0.6189850353061833
0.8414709847951717
0.6652563247152211
0.8414709840584028
0.8414709837513424
0.8414709843669794
0.8414709842731256
0.8414709842579897
0.8414709839875463
0.8414709826083111
0.8414709823748256
0.8414709840359331
0.8414709846160106
0.8414709769335883
0.841470972914468
0.8414709771469508
0.8414709788717868
0.8414709844274593
0.8414709830183928
0.8414709832971944
0.6669841011154743
0.8414709844574584
0.612832163850576
0.8414709847453639
0.841470984689639
0.8414709846606541
0.8414709847838915
0.8414709847850471
0.6851998830271614
0.8414709838562642
0.8414709843636977
0.8414709842676524
0.8414709843325195
0.841470984256298
0.7382584455334272
0.6513229737289173
0.8414709838213896
0.8414709562518004
0.8414709365927929
0.841470958743952
0.8414709769310648
0.8414709845939469
0.841470984165577
0.8414709662593646
0.8414709695958964
0.841470969430413
0.8414709814341387
0.841470976793377
0.8414709758170335
0.8414709678101983
0.8414709804855272
0.8414709834614015
0.8414709824579926
0.8414709843584144
0.8414709844703596
0.654332217797838
0.6563732781367472
0.8414709846905737
0.8414709846429704
0.6657248215560314
0.8414709846844595
0.6103001498209294
0.8414709846335241
0.841470984154392
0.8414709842524927
0.8414709839084806
0.8414709833658413
0.6687604773776992
0.6577288530433058
0.6591394695860594
0.8414709818620578
0.8414709791152115
0.8414709821604537
0.8414709824381456
0.8414709835335494
0.8414709834920995
0.8414709847470128
0.8414709847653227
0.8414709847242279
0.8414709847830656
0.7159508474665293
0.7551534660560792
0.8414709844375612
0.8414709829291629
0.8414709819922381
0.841470983695216
0.8414709846026261
0.8414709814036183
0.8414709787488003
0.8414709816245451
0.8414709831064182
0.8414709812840225
0.8414709810805795
0.8414709810322358
0.8414709815018249
0.8414709791799259
0.8414709829387156
0.8414709841414375
0.8414709847653116
0.6464381323985149
0.6608140553788984
0.6608728289443374
0.8414709846574147
0.8414709844246149
0.8414709842906303
0.8414709847465617
0.7506044951350428
0.8414709845929718
0.8414709846883867
0.8414709847015192
0.8414709845922874
0.8414709836329987
0.841470984273119
0.8414709845824023
0.8414709836335152
0.8414709828349346
0.8414709835187317
0.8414709842638651
0.8414709846702689
0.8414709846135008
0.8414709843257175
0.8414709833948819
0.8414709846885793
0.8414709846824464
0.8414709847775153
0.8414709847831695
0.8414709847810726
0.8414709848065883
0.8414709847474147
0.8414709844394256
0.8414709839468953
0.8414709842599085
0.8414709847376675
0.8414709842461459
0.8414709837500264
0.8414709842560029
0.8414709847653276
0.8414709845891425
0.8414709844434108
0.8414709845450137
0.8414709847212403
0.8414709847442279
0.8414709847292507
0.8414709847146638
0.8414709847697635
0.841470984806691
0.8414709847449676
0.8414709845837669
0.8414709839021902
0.8414709841791445
0.8414709846720801
0.8414709846904358
0.8414709845961615
0.8414709847537484
0.8414709846826872
0.8414709846435897
0.8414709841658836
0.8414709844959256
0.8414709847000925
0.8414709846989256
0.8414709846660923
0.8414709847352251
0.8414709848057677
0.8414709846477407
0.8414709845508354
0.8414709844469039
0.841470984465884
0.8414709775080597
0.8414709650709566
0.8414709724559128
0.8414709770392599
0.8414709846436064
0.8414709844795163
0.8414709843150328
0.8414709843105084
0.8414709842292892
0.8414709837406886
0.8414709845897441
0.8414709846457641
0.8414709838351175
0.8414709831067708
0.8414709819203287
0.841470980700245
0.8414709844659063
0.8414709846922795
0.8414709847394677
0.8414709847541978
0.8414709847656328
0.8414709848067428
0.8414709848059259
0.7362256393690163
0.8414709848076947
0.7555463743762197
0.7542251669369168
0.841470984776427
0.8414709847755959
0.8414709847696112
0.8414709847595603
0.8414709847992025
0.841470984736347
0.841470984579358
0.8414709835018572
0.8414709838078986
0.8414709846264079
0.8414709841882858
0.841470984220063
0.8414709820414793
0.8414709837509027
0.8414709840491117
0.8414709840181754
0.8414709827304886
0.8414709800491413
0.8414709820366348
0.8414709830860329
0.8414709823537031
0.8414709819074272
0.841470977116154
0.8414709695129545
0.8414709515698486
0.8414709286921039
0.8414709688856051
0.841470976959165
0.8414709830694221
0.8414709819786123
0.8414709686591338
0.8414709752623512
0.8414709820079657
0.8414709782893073
0.8414709805659398
0.841470970087307
0.8414709818721706
0.8414709789635215
0.8414709633519055
0.8414709718286155
0.8414709753608275
0.8414709837136556
0.8414709844253141
0.8414709840646246
0.8414709842063559
0.8414709847336143
0.637041880006877
0.8414709848024307
0.6671266857330301
0.8414709848068362
0.84147098480261
0.7138262751301754
0.8414709847960723
0.8414709846801746
0.8414709846448799
0.8414709846702967
0.8414709847722128
0.6964535010673893
0.8414709848060936
0.8414709847913467
0.8414709847397085
0.841470984717099
0.841470984621682
0.8414709847855882
0.8414709846890648
0.8414709781344102
0.8414709756631128
0.8414709599939945
0.8414709499307159
0.8414709610977172
0.8414709705528347
0.8414709359395182
0.8414708658809823
0.8414708179816941
0.8414709432782951
0.8414709829144252
0.8414709838658888
0.8414709847923452
0.8414709848035336
0.8414709840842405
0.8414709834335888
0.8414709676366199
0.841470946656766
0.8414709697297558
0.841470961513807
0.8414709678135499
0.8414709710878809
0.8414709821350295
0.841470976130675
0.8414709773399036
0.8414709820195542
0.8414709834947722
0.841470984120337
0.8414709760341567
0.8414709822582013
0.8414709830705753
0.8414709789010563
0.8414709477359255
0.8414709681403432
0.8414709681785146
0.8414709831060937
0.8414709697145306
0.8414709651657597
0.8414709253139786
0.8414709695012922
0.8414709840398289
0.8414709841720039
0.8414709846695223
0.8414709842757382
0.841470983364071
0.8414709843313206
0.8414709845260945
0.8414709847993573
0.8414709847049581
0.8414709846600574
0.8414709842395034
0.8414709840706854
0.8414709847562301
0.8414709847486602
0.8414709847223761
0.8414709847212342
0.8414709845245499
0.8414709845073277
0.8414709785447941
0.8414709817981121
0.8414709722445946
0.8414709657770826
0.8414709796044867
0.8414709797106412
0.8414709804678353
0.8414709820164337
0.8414709826460416
0.8414709825441605
0.8414709835598755
0.8414709829920214
0.8414709845699301
0.8414709780003113
0.8414709647982069
0.8414709699421041
0.8414709788387572
0.8414709829800292
0.8414709828143839
0.8414709834023788
0.8414709835021787
0.8414709844692104
0.8414709842460943
0.8414709845758236
0.841470984505821
0.8414709845795469
0.8414709846724513
0.8414709846722751
0.8414709847229552
0.8414709830875258
0.8414709831693877
0.8414709829348124
0.8414709836053373
0.8414709840299317
0.8414709847529729
0.8414709847527139
0.8414709847999584
0.8414709847992989
0.8414709836903345
0.8414709838882132
0.8414709837621612
0.8414709841037723
0.8414709837304947
0.841470984212288
0.8414709814659076
0.8414709808797538
0.8414709812374558
0.8414709840234132
0.841470984372285
0.8414709838051443
0.8414709831545774
0.8414709838064924
0.8414709848052445
