0.1791567565046543
0.1556941019667223
0.17785538249883653
0.19025566496208038
0.1660141290685963
0.15285841211143747
0.15079744699714234
0.15703058714277554
0.16492852959801277
0.17417036613427067
0.17985085263816628
0.19038720084075836
0.19635571177191918
0.20448205163402902
0.2102410229208232
0.2179734170299648
0.22845227562999634
0.23609946766975018
0.23876804629090706
0.24198098014417266
0.2523499363658933
0.257404826772045
0.2619296587888062
0.26291067580793387
0.2668016388970247
0.272307091341743
0.2736446688922659
0.27437236811439214
0.2769666115206174
0.28076821263379875
0.2826794426775773
0.29110464598251334
0.2955118977280472
0.2963764627756532
0.29888184321986444
0.30484872553433306
0.3062527617981638
0.30771306616453814
0.3090834778744021
0.30924936554477045
0.317376189982279
0.31781335256601023
0.3176206737068711
0.31908458752367075
0.3234310132206942
0.32686350800651487
0.32995281661972414
0.33173142896935015
0.3366872760174477
0.33844815331709965
0.34105356961885536
0.34540624308511403
0.3460005482510821
0.35074106810627415
0.35167891412927826
0.3537911525349018
0.3556144923004978
0.3663827827650526
0.3702833703196059
0.37397361592066203
0.3747933139003071
0.3801082619003237
0.38053826455196077
0.3830305926562094
0.3858648915744694
0.3904746016025689
0.39252332241785365
0.3929973731724748
0.3937832379377756
0.39457277260136736
0.3965627161702824
0.3976481267508657
0.39891449836847903
0.4097444829219282
0.4117382714056804
0.4119805976320313
0.41410646888829605
0.41562156103199677
0.4168408472722791
0.41758468713642366
0.41813209854062033
0.4205902822689828
0.42131901151589346
0.42141809533937574
0.42407761692416973
0.42414416044187436
0.42541274129130446
0.4255976125760846
0.42602589844788286
0.4270130472427698
0.42697531653891463
0.42863825464022726
0.4289518831924678
0.4301046757169691
0.43157160427469143
0.4329838529959023
0.4334305922500086
0.4352280267374902
0.43589939109092163
0.4361274852626781
0.4723976225921646
