0.32003034224288956
0.339883359589155
0.3570808254518833
0.3722500653968666
0.38581941291651617
0.3980943808573086
0.4093005486058604
0.41960922363515973
0.42915356595212584
0.4380391360704933
0.4463510318148541
0.45415885770236375
0.46152027175983745
0.4684835721030213
0.475089619279487
0.481373289106103
0.48736458722027937
0.49308951567586434
0.49857075496883124
0.5038282067441199
0.5088794299981306
0.5137399949138146
0.5184237723150967
0.5229431723053996
0.5273093424334641
0.5315323333538758
0.5356212381778249
0.5395843103742564
0.5434290640653345
0.5471623597797297
0.5507904781228083
0.5543191833509402
0.5577537784659921
0.5610991531521077
0.5643598256424578
0.5675399794155752
0.5706434954690737
0.5736739807953423
0.5766347935832502
0.5795290655874412
0.5823597220388352
0.5851294994136906
0.5878409613318021
0.5904965128153392
0.5930984131070908
0.5956487872193116
0.5981496363611014
0.6006028473725092
0.6030102012767854
0.6053733810478832
0.6076939786780674
0.6099735016199691
0.6122133786683704
0.6144149653391984
0.616579548796435
0.6187083523717859
0.6208025397168466
0.6228632186230508
0.6248914445407958
0.6268882238257343
0.6288545167372273
0.6307912402113228
0.6326992704283054
0.6345794451928123
0.6364325661427004
0.6382594008012392
0.6400606844857791
0.6418371220847748
0.6435893897139109
0.6453181362610678
0.6470239848289628
0.6487075340834928
0.6503693595150785
0.6520100146196635
0.6536300320054287
0.6552299244307623
0.6568101857785461
0.6583712919713871
0.6599137018320446
0.6614378578929383
0.6629441871583132
0.6644331018223475
0.665904999946221
0.6673602660969303
0.6687992719504121
0.6702223768613439
0.671629928401806
0.6730222628708238
0.6743997057766615
0.6757625722935958
0.6771111676947729
0.6784457877626371
0.67976671917831
0.6810742398912044
0.6823686194700616
0.6836501194365255
0.6849189935822824
0.68617548827073
0.6874198427240722
0.6886522892966774
0.6898730537354801
0.6910823554281562
0.6922804076397563
0.6934674177384313
0.694643587410854
0.6958091128678879
0.6969641850410383
0.6981089897701669
0.69924370798294
0.700368515866439
0.7014835850313412
0.7025890826690555
0.7036851717021693
0.7047720109285479
0.7058497551594058
0.7069185553516463
0.7079785587347568
0.709029908932523
0.7100727460798175
0.7111072069346944
0.7121334249860217
0.7131515305568562
0.7141616509037666
0.7151639103122902
0.7161584301887051
0.7171453291482847
0.7181247231001981
0.7190967253292055
0.7200614465742936
0.7210189951043892
0.7219694767912762
0.7229129951798448
0.723849651555783
0.7247795450108272
0.7257027725056712
0.7266194289306386
0.7275296071642101
0.7284333981294975
0.7293308908487499
0.7302221724959741
0.7311073284477456
0.7319864423322872
0.7328595960768817
0.7337268699536907
0.7345883426240386
0.7354440911812267
0.7362941911919337
0.7371387167362594
0.7379777404464636
0.7388113335444504
0.7396395658780492
0.7404625059561352
0.7412802209826344
0.7420927768894572
0.7429002383683996
0.7437026689020486
0.7445001307937332
0.7452926851965529
0.7460803921415169
0.7468633105648309
0.7476414983343578
0.748415012275283
0.7491839081950155
0.7499482409073486
0.7507080642559092
0.751463431136917
0.7522143935212839
0.7529610024760693
0.7537033081853183
0.7544413599703041
0.7551752063091919
0.7559048948561463
0.7566304724599011
0.7573519851818079
0.7580694783133829
0.7587829963933667
0.7594925832243148
0.7601982818887337
0.7609001347647768
0.7615981835415147
0.7622924692337946
0.7629830321967015
0.7636699121396323
0.7643531481399989
0.7650327786565666
0.7657088415424463
0.7663813740577436
0.7670504128818825
0.7677159941256079
0.7683781533426822
0.7690369255412809
0.7696923451950988
0.7703444462541752
0.7709932621554462
0.7716388258330323
0.7722811697282707
0.7729203257994964
0.7735563255315837
0.7741891999452531
0.7748189796061499
0.7754456946337008
0.7760693747097602
0.776690049087043
0.777307746597359
0.7779224956596483
0.7785343242878279
0.7791432600984509
0.7797493303181872
0.7803525617911271
0.7809529809859169
0.7815506140027271
0.7821454865800601
0.7827376241014022
0.7833270516017228
0.7839137937738246
0.7844978749745526
0.7850793192308588
0.7856581502457349
0.7862343914040091
0.7868080657780158
0.7873791961331378
0.787947804933228
0.7885139143459108
0.7890775462477677
0.7896387222294098
0.7901974636004406
0.790753791394312
0.7913077263730743
0.7918592890320264
0.7924084996042653
0.79295537806514
0.7934999441366114
0.7940422172915188
0.794582216757759
0.7951199615223766
0.7956554703355707
0.7961887617146172
0.7967198539477104
0.7972487650977276
0.7977755130059137
0.7983001152954938
0.7988225893752102
0.7993429524427884
0.7998612214883348
0.8003774132976653
0.800891544455566
0.8014036313489926
0.8019136901702021
0.8024217369198271
0.8029277874098861
0.8034318572667374
0.8039339619339737
0.8044341166752612
0.8049323365771243
0.805428636551676
0.8059230313392954
0.8064155355112554
0.8069061634722996
0.8073949294631689
0.8078818475630839
0.8083669316921763
0.8088501956138783
0.8093316529372644
0.8098113171193527
0.8102892014673599
0.8107653191409178
0.8112396831542469
0.811712306378292
0.8121832015428155
0.8126523812384576
0.8131198579187539
0.8135856439021198
0.814049751373798
0.8145121923877717
0.8149729788686421
0.8154321226134743
0.8158896352936094
0.8163455284564444
0.8167998135271809
0.8172525018105438
0.8177036044924683
0.8181531326417595
0.8186010972117208
0.8190475090417566
0.819492378858945
0.819935717279585
0.8203775348107165
0.8208178418516145
0.8212566486952579
0.8216939655297729
0.8221298024398526
0.8225641694081524
0.8229970763166616
0.8234285329480533
0.8238585489870095
0.8242871340215265
0.8247142975441976
0.8251400489534735
0.8255643975549045
0.8259873525623604
0.8264089230992303
0.8268291181996044
0.8272479468094344
0.8276654177876778
0.8280815399074213
0.8284963218569866
0.8289097722410201
0.8293218995815631
0.829732712319106
0.8301422188136254
0.8305504273456051
0.8309573461170406
0.8313629832524281
0.8317673467997373
0.8321704447313704
0.8325722849451043
0.8329728752650195
0.8333722234424141
0.8337703371567041
0.8341672240163088
0.8345628915595237
0.8349573472553794
0.8353505985044876
0.8357426526398749
0.8361335169278018
0.8365231985685723
0.8369117046973286
0.8372990423848359
0.8376852186382538
0.8380702404018974
0.8384541145579864
0.8388368479273829
0.8392184472703195
0.8395989192871148
0.8399782706188799
0.8403565078482136
0.8407336374998879
0.8411096660415234
0.8414845998842548
0.8418584453833867
0.8422312088390401
0.8426028964967891
0.8429735145482892
0.8433430691318958
0.8437115663332749
0.8440790121860035
0.8444454126721627
0.8448107737229225
0.8451751012191171
0.8455384009918139
0.8459006788228719
0.8462619404454959
0.8466221915447787
0.84698143775824
0.8473396846763537
0.8476969378430717
0.8480532027563373
0.8484084848685941
0.8487627895872856
0.8491161222753494
0.8494684882517045
0.849819892791732
0.8501703411277477
0.850519838449471
0.8508683899044854
0.8512160005986935
0.8515626755967654
0.8519084199225821
0.8522532385596723
0.8525971364516424
0.8529401185026031
0.8532821895775885
0.8536233545029697
0.8539636180668638
0.8543029850195375
0.8546414600738041
0.8549790479054171
0.8553157531534571
0.8556515804207144
0.8559865342740672
0.8563206192448533
0.8566538398292384
0.8569862004885787
0.8573177056497805
0.857648359705653
0.8579781670152572
0.8583071319042517
0.8586352586652326
0.8589625515580696
0.859289014810238
0.859614652617146
0.8599394691424588
0.860263468518417
0.8605866548461535
0.8609090321960032
0.8612306046078126
0.8615513760912415
0.8618713506260648
0.8621905321624671
0.862508924621337
0.8628265318945546
0.8631433578452778
0.863459406308224
0.8637746810899487
0.8640891859691204
0.8644029246967926
0.8647159009966717
0.8650281185653825
0.8653395810727311
0.8656502921619614
0.8659602554500139
0.8662694745277751
0.8665779529603298
0.8668856942872059
0.8671927020226192
0.8674989796557134
0.8678045306507987
0.8681093584475864
0.8684134664614218
0.8687168580835128
0.869019536681158
0.8693215055979702
0.8696227681540979
0.8699233276464453
0.8702231873488877
0.8705223505124859
0.8708208203656979
0.8711186001145874
0.871415692943031
0.8717121020129222
0.872007830464373
0.8723028814159147
0.8725972579646937
0.8728909631866668
0.8731840001367955
0.873476371849235
0.8737680813375235
0.8740591315947681
0.8743495255938296
0.8746392662875048
0.8749283566087058
0.8752167994706387
0.8755045977669801
0.8757917543720503
0.8760782721409865
0.876364153909913
0.8766494024961086
0.8769340206981747
0.8772180112961989
0.8775013770519183
0.8777841207088817
0.8780662449926062
0.8783477526107385
0.8786286462532075
0.8789089285923807
0.8791886022832156
0.8794676699634115
0.879746134253558
0.8800239977572829
0.8803012630613983
0.8805779327360452
0.8808540093348362
0.8811294953949972
0.8814043934375071
0.881678705967236
0.8819524354730831
0.8822255844281109
0.88249815528968
0.8827701504995822
0.8830415724841704
0.8833124236544895
0.8835827064064051
0.8838524231207298
0.8841215761633493
0.8843901678853474
0.884658200623129
0.8849256766985416
0.8851925984189964
0.8854589680775878
0.8857247879532116
0.8859900603106812
0.8862547874008447
0.8865189714606984
0.8867826147135007
0.8870457193688845
0.887308287622968
0.8875703216584647
0.8878318236447924
0.888092795738181
0.888353240081779
0.8886131588057592
0.8888725540274235
0.8891314278513057
0.889389782369275
0.8896476196606362
0.8899049417922309
0.8901617508185369
0.8904180487817663
0.8906738377119634
0.8909291196271
0.891183896533173
0.8914381704242967
0.8916919432827979
0.8919452170793085
0.892197993772857
0.892450275310959
0.8927020636297082
0.892953360653865
0.8932041682969445
0.8934544884613046
0.8937043230382321
0.8939536739080285
0.894202542940095
0.8944509319930172
0.8946988429146467
0.8949462775421855
0.8951932377022662
0.8954397252110342
0.8956857418742263
0.895931289487252
0.8961763698352704
0.8964209846932688
0.8966651358261397
0.8969088249887579
0.8971520539260548
0.8973948243730943
0.8976371380551472
0.8978789966877642
0.898120401976849
0.8983613556187308
0.8986018593002353
0.8988419146987559
0.8990815234823236
0.899320687309677
0.8995594078303307
0.8997976866846441
