0.5650642522219509
0.5647336181909584
0.5627083036449726
0.558261326215217
0.551224077728853
0.5416426561946589
0.5296383261754766
0.5153518330308561
0.6548654448623188
0.6548654448623188
0.6548654448623188
0.6548654448623188
0.6548654448623188
0.6548654448623188
0.6548654448623188
0.6548654448623188
0.6548654448623188
0.6548654448623188
0.6548654448623188
0.6548654448623188
0.6548654448623188
0.6548654448623188
0.6548654448623188
0.6548654448623188
0.6548654448623188
0.6548654448623188
0.6548654448623188
0.6548654448623188
0.6548654448623188
0.6548654448623188
0.6548654448623188
0.6548654448623188
0.6548654448623188
0.6548654448623188
0.6548654448623188
0.6548654448623188
0.6548654448623188
0.6548654448623188
0.6548654448623188
0.6548654448623188
0.6548654448623188
0.6548654448623188
0.6548654448623188
0.6548654448623188
0.6548654448623188
0.6548654448623188
0.6548654448623188
0.6548654448623188
0.6548654448623188
0.6548654448623188
0.6548654448623188
0.6548654448623188
0.6548654448623188
0.6548654448623188
0.6548654448623188
0.6548654448623188
0.6548654448623188
0.6548654448623188
0.6548654448623188
0.6548654448623188
0.6548654448623188
0.6548654448623188
0.6548654448623188
0.6548654448623188
0.6548654448623188
0.6548654448623188
0.6548654448623188
0.6548654448623188
0.6548654448623188
0.6548654448623188
0.6548654448623188
0.6548654448623188
0.6548654448623188
0.6548654448623188
0.6548654448623188
0.6548654448623188
0.6548654448623188
0.6548654448623188
0.6548654448623188
0.6548654448623188
0.6548654448623188
0.6548654448623188
0.6548654448623188
0.6548654448623188
0.6548654448623188
0.6548654448623188
0.6548654448623188
0.6548654448623188
0.6548654448623188
0.6548654448623188
0.6548654448623188
0.6548654448623188
0.6548654448623188
0.6548654448623188
0.6548654448623188
0.6548654448623188
0.6548654448623188
0.6548654448623188
0.6548654448623188
0.6548654448623188
0.6548654448623188
0.6548654448623188
0.6548654448623188
0.6548654448623188
0.6548654448623188
0.6548654448623188
0.7308895723490094
0.7308895723490094
0.7308895723490094
0.7308895723490094
0.7308895723490094
0.7308895723490094
0.7308895723490094
0.7308895723490094
0.7308895723490094
0.7308895723490094
0.7308895723490094
0.7308895723490094
0.7308895723490094
0.7308895723490094
0.7308895723490094
0.7308895723490094
0.7308895723490094
0.7308895723490094
0.7308895723490094
0.7308895723490094
0.7308895723490094
0.7308895723490094
0.7308895723490094
0.7308895723490094
0.7308895723490094
0.7308895723490094
0.7308895723490094
0.7308895723490094
0.7308895723490094
0.7308895723490094
0.7308895723490094
0.7308895723490094
0.7308895723490094
0.7308895723490094
0.7308895723490094
0.7308895723490094
0.7308895723490094
0.7308895723490094
0.7308895723490094
0.7308895723490094
0.7308895723490094
0.7308895723490094
0.7308895723490094
0.7308895723490094
0.7308895723490094
0.7308895723490094
0.7308895723490094
0.7308895723490094
0.7308895723490094
0.7308895723490094
0.7308895723490094
0.7308895723490094
0.7308895723490094
0.7308895723490094
0.7308895723490094
0.7308895723490094
0.7308895723490094
0.7308895723490094
0.7308895723490094
0.7308895723490094
0.7308895723490094
0.7308895723490094
0.7308895723490094
0.7308895723490094
0.7308895723490094
0.7308895723490094
0.7308895723490094
0.7308895723490094
0.7308895723490094
0.7308895723490094
0.7308895723490094
0.7308895723490094
0.7308895723490094
0.7308895723490094
0.7308895723490094
0.7308895723490094
0.7308895723490094
0.7308895723490094
0.7308895723490094
0.7308895723490094
0.7308895723490094
0.7308895723490094
0.7308895723490094
0.7308895723490094
0.7308895723490094
0.7308895723490094
0.7308895723490094
0.7308895723490094
0.7308895723490094
0.7308895723490094
0.7308895723490094
0.7308895723490094
0.7308895723490094
0.7308895723490094
0.7308895723490094
0.7308895723490094
0.7308895723490094
0.7308895723490094
0.7308895723490094
0.7308895723490094
0.7308895723490094
0.7308895723490094
0.7308895723490094
0.7542576065424527
0.7556894060064678
0.7570981274747355
0.7584841561664918
0.7598478706294549
0.7611896428476684
0.7625098383483551
0.7638088163077533
0.7650869296558918
0.7663445251802748
0.7675819436284526
0.7687995198094394
0.769997582693968
0.7711764555135567
0.772336455858364
0.7734778957738256
0.7746010818560546
0.7757063153459919
0.7767938922223045
0.777864103293017
0.7789172342858727
0.779953565937425
0.78097337408085
0.7819769297324808
0.7829644991770691
0.783936344051766
0.7848927214288367
0.7858338838970991
0.7867600796421046
0.7876715525250588
0.7885685421604881
0.7894512839926656
0.7903200093708012
0.7911749456230012
0.7920163161290151
0.7928443403917728
0.7936592341077251
0.7944612092360007
0.7952504740663885
0.7960272332861574
0.7967916880457296
0.7975440360232149
0.798284471487824
0.7990131853621688
0.7997303652834701
0.8004361956636785
0.8011308577485308
0.8018145296755473
0.8024873865309918
0.8031496004058044
0.8038013404505217
0.8044427729292004
0.8050740612723583
0.8056953661289455
0.8063068454173634
0.8069086543755423
0.8075009456100961
0.8080838691445651
0.8086575724667633
0.8092222005752437
0.8097778960248961
0.8103247989716913
0.810863047216587
0.8113927762486075
0.8119141192871119
0.8124272073232656
0.8129321691607273
0.8134291314555656
0.8139182187554183
0.8143995535379083
0.8148732562483293
0.8153394453366122
0.8157982372935884
0.8162497466865594
0.816694086194188
0.817131366640721
0.8175616970295572
0.8179851845761726
0.8184019347404131
0.8188120512581695
0.8192156361724423
0.8196127898638115
0.82000361108032
0.820388196966783
0.8207666430935334
0.8211390434846145
0.82150549064543
0.8218660755898631
0.8222208878668721
0.8225700155865757
0.8229135454458352
0.8232515627533453
0.8235841514542424
0.823911394154238
0.8242333721432905
0.8245501654188195
0.8248618527084751
0.8251685114924708
0.8254702180254851
0.8257670473581455
0.8260590733580976
0.8263463687306729
0.8266290050391588
0.8269070527246812
0.827180581125706
0.8274496584971693
0.8277143520292393
0.827974727865723
0.8282308511221198
0.8284827859033318
0.8287305953210364
0.8289743415107289
0.829214085648441
0.8294498879671414
0.8296818077728262
0.829909903460304
0.8301342325286817
0.8303548515965584
0.8305718164169325
0.8307851818918262
0.8309950020866363
0.8312013302442146
0.8314042187986821
0.8316037193889863
0.8317998828722031
0.8319927593365901
0.8321823981143955
0.8323688477944288
0.8325521562343967
0.8327323705730092
0.8329095372418612
0.8330837019770935
0.8332549098308384
0.8334232051824517
0.8335886317495397
0.833751232598781
0.8339110501565506
0.834068126219347
0.8342225019640298
0.8343742179578683
0.8345233141684074
0.8346698299731528
0.8348138041690796
0.8349552749819691
0.8350942800755736
0.8352308565606182
0.8353650410036371
0.8354968694356515
0.8356263773606912
0.8357535997641624
0.8358785711210648
0.8360013254040626
0.8361218960914102
0.836240316174736
0.8363566181666888
0.8364708341084466
0.8365829955770934
0.8366931336928641
0.8368012791262626
0.8369074621050525
0.8370117124211267
0.8371140594372546
0.8372145320937113
0.8373131589147917
0.8374099680152095
0.837504987106385
0.837598243502624
0.8376897641271892
0.8377795755182654
0.8378677038348237
0.8379541748623814
0.8380390140186668
0.8381222463591819
0.8382038965826744
0.8382839890365125
0.8383625477219699
0.8384395962994203
0.838515158093443
0.8385892560978429
0.8386619129805849
0.8387331510886453
0.838802992452781
0.8388714587922188
0.8389385715192667
0.8390043517438464
0.8390688202779517
0.8391319976400321
0.8391939040593027
0.8392545594799838
0.83931398356547
0.8393721957024297
0.8394292150048379
0.8394850603179425
0.839539750222165
0.8395933030369387
0.8396457368244822
0.8396970693935133
0.8397473183029015
0.8397965008652617
0.839844634150489
0.8398917349892379
0.8399378199763436
0.8399829054741902
0.8400270076160229
0.8400701423092092
0.8401123252384464
0.840153571868919
0.840193897449406
0.8402333170153377
0.8402718453918054
0.8403094971965239
0.8403462868427455
0.8403822285421298
0.8404173363075689
0.8404516239559661
0.8404851051109742
0.8405177932056888
0.8405497014853007
0.840580843009708
0.840611230656086
0.8406408771214189
0.8406697949249922
0.8406979964108459
0.8407254937501921
0.8407522989437937
0.840778423824307
0.8408038800585904
0.8408286791499758
0.8408528324405073
0.8408763511131445
0.8408992461939344
0.8409215285541487
0.8409432089123905
0.8409642978366685
0.8409848057464406
0.8410047429146271
0.8410241194695935
0.8410429453971042
0.8410612305422471
0.8410789846113298
0.8410962171737476
0.8411129376638246
0.8411291553826268
0.8411448794997494
0.8411601190550778
0.8411748829605223
0.8411891800017287
0.8412030188397625
0.84121640801277
0.8412293559376147
0.8412418709114904
0.8412539611135104
0.8412656346062746
0.8412768993374136
0.841287763141111
0.8412982337396038
0.841308318744661
0.8413180256590422
0.841327361877934
0.8413363346903674
0.8413449512806144
0.8413532187295648
0.8413611440160844
0.8413687340183528
0.8413759955151835
0.8413829351873253
0.8413895596187452
0.8413958752978932
0.84140188861895
0.8414076058830579
0.8414130332995323
0.8414181769870598
0.8414230429748764
0.8414276372039319
0.8414319655280372
0.8414360337149955
0.841439847447719
0.8414434123253298
0.8414467338642448
0.841449817499248
0.8414526685845458
0.84145529239481
0.8414576941262045
0.8414598788974008
0.8414618517505769
0.8414636176524046
0.8414651814950234
0.841466548097
0.8414677222042767
0.8414687084911053
0.84146951156097
0.841470135947497
0.8414705861153526
0.8414708664611289
0.8414709813142176
0.8414709349376731
0.841470731529063
0.8414703752213083
0.8414698700835117
0.8414692201217757
0.8414684292800099
0.8414675014407262
0.8414664404258266
0.8414652499973774
0.8414639338583749
0.841462495653502
0.8414609389698723
0.8414592673377674
0.8414574842313627
0.8414555930694441
0.8414535972161163
0.8414514999815009
0.8414493046224262
0.841447014343107
0.8414446322958177
0.841442161581554
0.8414396052506892
0.8414369663036186
0.8414342476913993
0.8414314523163782
0.8414285830328153
0.8414256426474966
0.8414226339203406
0.8414195595649959
0.8414164222494325
0.8414132245965249
0.8414099691846275
