0.8298621964016174
0.8308527550979964
0.8354242936691458
0.8372427389247061
0.8455059372531637
0.851361203590598
0.8505351522896646
0.8529054083933061
0.848321458439952
0.8405033778306935
0.8324602527244448
0.8312720566094726
0.8226293873750778
0.8178464400428235
0.81792809970379
0.8191289443843798
0.8218037295022121
0.8349556819451822
0.8475567064011295
0.8582231211079732
0.8714703163069991
0.8818857702517263
0.8879280488276303
0.8928916553438825
0.893103793407285
0.8946501324082126
0.8968835201936819
0.8985595962988704
0.9008577622506128
0.9050090694133667
0.9109088739244043
0.9182204280638008
0.9248898843458271
0.9310877070350836
0.9414832459728399
0.946017352423584
0.9463036957460261
0.9497995833895067
0.9555238902351868
0.9570203882048223
0.9588501664611462
0.9630485626923565
0.9613761946175007
0.9586572415341266
0.9558454770516993
0.9487769552472715
0.937462492135268
0.9332583781068283
0.9286970485382504
0.929289336166024
0.9341240988178376
0.9439661567203733
0.9492330756675399
0.9547246165883778
0.956020636966698
0.9571386193129368
0.9553720582752204
0.9569975433122143
0.9555945079555008
0.9498802846577442
0.950714702063561
0.9508947400842052
0.945450680058829
0.9414137648368911
0.9430660653357948
0.9331622671394275
0.9270126518279915
0.926280980298328
0.9306386356277897
0.9292979598102529
0.9269676326150277
0.924977766057514
0.9231490779905388
0.9206671445962901
0.9216231670588749
0.9284260280645853
0.9364075703085718
0.939582243929349
