0.8298353843857473
0.8308227014464006
0.8354134863149142
0.8372210605025776
0.8454686140841478
0.8513297339174887
0.850499051304491
0.8528805915457859
0.8482812545063743
0.840471353453307
0.8324431097813542
0.831255595466498
0.8226063155333738
0.8178219871820761
0.8179033027058447
0.819101481973685
0.8217568723044089
0.8348616639524832
0.8474746539149872
0.8581344408403403
0.8714119394866271
0.8818597964976227
0.8879030313376667
0.8928827953507821
0.8930960036581578
0.894640466359862
0.8968684883155207
0.89854003772848
0.9008367410732053
0.905007248378127
0.9108880589381626
0.9181656302405659
0.9248258150753575
0.9310389590238226
0.941469024839022
0.9460079086188522
0.9462945076668735
0.9497871664965715
0.9555126929571568
0.9570077569642226
0.9588380772442543
0.9630468439149067
0.9613689597360852
0.9586496178677683
0.955835268004492
0.9487414654818663
0.9373992524835267
0.9332037441450287
0.9286635107345611
0.9292504047333195
0.9340704313043952
0.943934897318424
0.9492109533220278
0.9547223309442282
0.9560189366220383
0.9571384215246178
0.9553701510322544
0.956992980909904
0.9555885131292506
0.9498506057460248
0.9506820423969644
0.9508621376573139
0.9454232640179074
0.9413809153744291
0.9430398085903183
0.9331256420167702
0.9269897451792166
0.9262607337053763
0.9305938974742007
0.9292555663278002
0.9269017450894551
0.9249020885043445
0.9230769520703163
0.9206213064166631
0.9215723394699641
0.9284011464796977
0.9363919547330868
0.9395752192608587
