0.8335547477884215
0.834966886990676
0.8363725302151853
0.837771733136268
0.8391645507336206
0.8405510373036648
0.8419312464706666
0.8433052311976338
0.8446730437969941
0.8460347359410602
0.8473903586722882
0.8487399624133327
0.8500835969769024
0.851421311575425
0.8527531548305216
0.8540791747822952
0.8553994188984412
0.8567139340831813
0.8580227666860241
0.8593259625103586
0.8606235668218833
0.8619156243568741
0.8632021793302969
0.8644832754437627
0.8657589558933395
0.8670292633772108
0.8682942401031948
0.8695539277961224
0.8708083677050774
