0.0237280168379908
0.01931282524282961
0.018471899318980762
0.01853217057673266
0.03376680445344389
0.05472335395034163
0.06907676529448194
0.0771405871632603
0.0778726786484905
0.077949872156029
0.08412143018534908
0.09258617114402556
0.09787836838594197
0.10500688622262465
0.1055207888588064
0.0880765459888185
0.0809337329917818
0.09250723570290349
0.10020915016682601
0.11166594601473512
0.1348433793220446
0.14471334954986179
0.1473332969823186
0.14571602717490792
0.14221779523720635
0.1257311585965777
0.11430712123102117
0.11675083031992947
0.10716261286944864
0.09928466833504518
0.10947799048321714
0.11093337338662988
0.10932257827305382
0.13078608935837
0.15607644076361277
0.1619410149105333
0.18096777086113602
0.17467192614391075
0.1591523000847769
0.14521367819785944
0.12099830960879598
0.10582221738895534
0.1072879199824076
0.1198228207643289
0.12215616442876805
0.15465550480325352
0.18105894998501987
0.21381845673240388
0.2360660196641515
0.25974788484237255
0.2749120589909055
0.2789076597692138
0.28080116700610863
0.2929185456945546
0.2935724306817227
0.2937577228008264
0.299056476211565
0.3029006159852158
0.2850370850460157
0.27493703557753607
0.2563443888978828
0.2383522577521101
0.22831722823127124
0.23298832098787703
0.2522942536489942
0.2833254832164432
0.31896997176669795
0.34664172827991474
0.3663665894988291
0.3712466690336988
0.3763918815341994
0.3695189366638072
0.3663057382656799
0.35429821878404116
0.3443917314223201
0.3349922300332505
0.3262034154906077
0.31274527875871344
0.3088487062954549
0.32688706347529395
0.34520266802863
0.36625268393634475
0.37681991127025116
0.37408073663223296
0.35674807704715966
0.33562661846700126
0.31878406174360513
0.30550517261535437
0.31808632933994185
0.34224171006074305
0.3631529692499705
0.39188866044507276
0.42390095754567936
0.42647861532341125
0.4372255208707326
0.4271766075025158
0.4265339173969382
0.4242495005969836
0.4282397927916129
0.439913923949605
0.4679407885705541
0.5086251498928896
0.5524669077127519
0.6110343508269116
0.6317199088111021
0.6551758098094477
0.6072890776262425
0.5930965879292056
0.5571658137496007
0.49679790536870994
0.44695727842417377
0.4128873487325954
0.3825724122684132
0.34534409874003785
0.3366911443760568
0.3497903648847609
0.35977696651704816
0.354290457970432
0.37234631296728204
0.3962541644366632
0.4171890779734509
0.40673825148987264
0.41104852707094197
0.3927421842639087
0.3575599292533873
0.32125979584091235
0.2912932184618141
0.25756186977493734
0.2392383145491881
0.25203244697543953
0.2669774109102832
0.2843154397878891
0.3176681748322808
0.36121200669170217
0.3612823581178228
0.37579652754851617
0.3903302245285356
0.402637170020223
0.38991589425817313
0.41956449769783055
0.4455017333447759
0.47122039486460976
0.5178842919590804
0.5452510226421076
0.5460526805752496
0.5257761522264093
0.5094528797592388
0.4958382403981161
0.45756112387625797
0.4246427406308228
0.38011600098726217
0.33937138039037174
0.3362011781024776
0.3321355474260334
0.33359892437182637
0.3558343343844897
0.3698061771501064
0.3541200412887171
0.34966647843059273
0.36249779271867105
0.35459020298373484
0.3458002353819902
0.3484238874093423
0.3660391461263395
0.3648373197447118
0.3557039839942202
0.35463292535101903
0.33584870591794647
0.30541516789809076
0.27674440324962835
0.2580840233972854
0.2634003126771859
0.29957150215422984
0.328112952533716
0.369684232624872
0.39199381612702167
0.40888659920146375
0.3880254096165945
0.3828357827710072
0.3647056556814667
0.36710476485764426
0.3617005466339544
0.36820552839437876
0.3835544084804372
0.3940132913769316
0.397318469022064
0.3892227944745447
0.38441928146501286
0.370240516831659
0.3541720803236225
0.35715265439139315
0.37929297780223914
0.40540441101616925
0.42692498036708587
0.4404276744603751
0.4440149511607899
0.45396319311984806
0.433474229493172
0.42999851362417063
0.4281423620037607
0.44247350411181646
0.4590048928328071
0.47057992932303105
0.4981489303559175
0.5091640408741813
0.5203663946226479
0.5395309163575143
0.5457357475191923
0.5762175227691873
0.5884536459573526
0.6124622292074223
0.6170271689357115
0.615202734716246
0.6317926283104864
0.6742796884680357
0.6653463670079416
0.6785103502752273
0.7173913964245755
0.7178945432895326
0.7321886512139474
0.7351288207676634
0.7651567233787082
0.7843332363335878
0.7984079657268957
0.8136873297914821
0.8251205909673676
0.7813803093148941
0.7611955595494077
0.7431861097233994
0.744269410226156
0.7371081710950842
0.7752099071416033
0.7498037518357581
0.7924971747599225
0.8137036458962016
0.804943575913249
0.8041811133697279
0.8398927369994242
0.8929436979072793
0.9001011835703475
0.8818826297632745
0.9141319105247147
0.9157564159852268
0.8707247690780008
0.8773394497332923
0.8737648818807146
0.8375595829878816
0.8279776305464284
0.866779300138213
