0.9422387848221838
0.9489578067409056
0.9481075935518246
0.9458901488370669
0.9371923335332686
0.919368143863615
0.9145601513899866
0.9306944694897883
0.9485363609434023
0.9548109507486857
0.9649942765582845
0.9573553297956154
0.8945598815586133
0.8590334506577921
0.8429954146964272
0.8398349044133256
0.8431678503441087
0.8486151412907651
0.877726533719268
0.9397290420470386
0.9327903364298082
0.9194269850436559
0.910234444058054
0.8931689291975379
0.8850751372005411
0.9044972564823559
0.9403073756848923
0.9745028790435573
1.0064552955855746
