0.022713765839947726
0.018490568909926536
0.017681435817267197
0.01773947486168557
0.03241312075572315
0.05257316703271946
0.06675518771326586
0.07489772982161036
0.07564199580611618
0.07572051924280784
0.08202629491456259
0.09076288399669682
0.096276596835664
0.10376705252366461
0.10430988871783901
0.0860958587014662
0.07876244988684891
0.09068094622653577
0.0987176522411123
0.11083075030739546
0.1359104624495692
0.14680815371012865
0.1497203501378627
0.14686960688694853
0.1407789171329955
0.1252585834941535
0.1125650945815509
0.1147330250247791
0.1052146155070618
0.09714035484034021
0.1075703194120833
0.10922272631821342
0.10636856913596561
0.1307381558133771
0.15449662525712704
0.16469443365119665
0.18311672152163602
0.17883207141479496
0.16146472934429443
0.1458761144648974
0.12032184757017216
0.1039411698579876
0.10566527213707427
0.1179422451404759
0.1214962853902814
0.15306271840120014
0.17990750120487134
0.2044682754764776
0.22595639251563293
0.24945197899223154
0.2652044690098149
0.2690282204915747
0.27145903390195425
0.2827425144833048
0.2837667334937658
0.28520064014862484
0.2886590867018669
0.2936333774790612
0.27483554268503524
0.26544003931988985
0.24640663421578893
0.22823357298396266
0.21843521023922233
0.22310906339712025
0.24213222650615238
0.2742414957112455
0.31061151649850494
0.3371900024036912
0.3625667380327598
0.36947680287444096
0.37381607789329885
0.3658442391879438
0.35707692351739956
0.34830960784685533
0.3378659869465741
0.3251929824262448
0.3161457135286775
0.3041623498797692
0.3010896926473182
0.31888379282315643
0.33659254129749994
0.3581011427289285
0.3688213029248992
0.3716788742395485
0.3528878675092577
0.32895869486358625
0.30990480516614416
0.29516629216395307
0.30767542154609606
0.33379983709100414
0.35984572919922053
0.38703533253913625
0.4269798777674066
0.4314557152673746
0.432582356239202
0.4315888636160831
0.42801433897400426
0.4177858041925926
0.4312235590897011
0.44458620448145153
0.47413151192745656
0.5227033964138275
0.5725760390052809
0.6125342405620894
0.6533493722609068
0.6612563438581085
0.6322743569985512
0.6089699581161473
0.5738392426592863
0.5088969226568676
0.45124362875318574
0.41546424100838264
0.3787459859546129
0.3396890970546257
0.32983269526546694
0.34009878469902366
0.3568447671386582
0.3487261235549885
0.36555062943131467
0.397393601536855
0.42100868023469185
0.40795330072704084
0.412480349207692
0.3909649197125283
0.3541476568297937
0.31121239173709764
0.28234306903504336
0.24748547854040262
0.2292816909212343
0.24208101572653704
0.25693560681756483
0.27467849581165193
0.30736815586306454
0.35184999196919065
0.3577699783201543
0.36685480186986663
0.3904186695870203
0.39521542909855795
0.3876259653805245
0.4170210540168814
0.4455899390996392
0.4814785768695441
0.520340864042935
0.5521053129128516
0.5446114430924494
0.5388109489627241
0.5247040377875356
0.5061861562205329
0.466200642006648
0.42401647076112503
0.3771925868774478
0.3337144853895095
0.32991804656482593
0.32496765411123857
0.3256675371787963
0.35038877265725527
0.36492244193778134
0.3447862941854598
0.3400407456546054
0.35984914333162205
0.35042974144180183
0.3362374785651189
0.3394705968033546
0.36149472177188124
0.35856204095187394
0.3522460230839826
0.35110572578361693
0.32600894358263927
0.2974980975442998
0.2660409145584826
0.24755034544748825
0.25323476168944475
0.2912332906570916
0.31958026175831267
0.36199658938257695
0.39088981060930605
0.40115931417526424
0.3878888485487437
0.37430087484198704
0.3560527043058706
0.3582820879259187
0.3588522365761016
0.3633929413852909
0.37486419542843474
0.3927538893008364
0.3978545005640719
0.3896027086316937
0.3807944241766029
0.36780049784577173
0.35030683528922996
0.35129691377994743
0.3761717817983204
0.4002306888613667
0.4235521580036423
0.4467131661401331
0.45123338635598137
0.44810269007911196
0.4390929760347576
0.4270549874738325
0.4223674779873964
0.43610225637139977
0.45322037180328717
0.480870873768284
0.5056467339576921
0.5204023174208228
0.526127702246258
0.5421089345101814
0.5653279816910904
0.5860274500298596
0.609017754964429
0.6334044121027801
0.6356918347672466
0.6428579545123438
0.6610002891557603
0.6863872669809654
0.6960934499604761
0.7113338303722949
0.724440421061697
0.7392028323874951
0.7505750786016739
0.7741389465198953
0.8045070431860301
0.8267906369893067
0.8355750229197226
0.8423485252802936
0.8390300553405632
0.8235848310060113
0.8016392294741762
0.7821961367256773
0.7722338988427506
0.7720256407876162
0.7808885503557916
0.7873377165723916
0.8079040363613844
0.8204985174450221
0.8330213031557032
0.8479851442718327
0.8793330774336161
0.9029379139353163
0.9185026302900384
0.9318004085736353
0.9406052788963246
0.9365425429720883
0.9168877782371213
0.8997321081530889
0.8873117444037742
0.8721908562131937
0.8592344845345077
0.8732253176208591
