0.02871800663458305
0.022814134971844594
0.021380166962485587
0.021088265015196485
0.03797576593140122
0.06083101172446536
0.07641432641591239
0.08494480621759812
0.0851089978585255
0.08461880353998813
0.09113488600008794
0.10034704194458725
0.10600432667495255
0.11386004246388325
0.1141336385950416
0.09399020741842594
0.0858300134591519
0.09868186097519943
0.107318766750596
0.12040304569576385
0.14758543471669217
0.1593870770360597
0.12295456654712095
0.11989302103735372
0.11426251867285885
0.10110580373076197
0.09037866896167336
0.09164929704435469
0.08363237925576704
0.07684750900499371
0.11713142792298992
0.11897559342764749
0.11590309403277603
0.14249114019077166
0.1684108400058136
0.12700461667927293
0.14067219493851332
0.13687100783381154
0.12313266935243035
0.11085389690235277
0.1309752423640199
0.11306980691599464
0.11485542661493894
0.12808414894781453
0.1318085109268267
0.16586455223327176
0.1947100072182759
0.22099024582061275
0.24385728710909305
0.2687945137882055
0.28529741208262815
0.28890995304670614
0.2909938116258883
0.30252099259684223
0.3030288905613989
0.30395370806711436
0.30701232551497876
0.31165334275078155
0.2910851618975513
0.2805318475775266
0.2598526287791338
0.24016303747376982
0.22934884172796216
0.2337415998816701
0.2531139376067959
0.28605074657267476
0.32327907344316537
0.3501791405355182
0.3757215743777822
0.3820643262688141
0.38573438354304657
0.3767201499886812
0.3669348901585703
0.35719935082163273
0.345797615926723
0.3321744184055831
0.3223114655920347
0.3095094888909284
0.3058170332297541
0.32330560458816493
0.3406579004223838
0.3618024058499147
0.3720081125476536
0.37427785852691026
0.35479070206129126
0.3302217603169596
0.3106283909282884
0.29542545212522353
0.3075120320782906
0.3331681343681069
0.3586919039482678
0.3853040192041312
0.42454897124925095
0.4284930049064697
0.4291241902310364
0.42767172747251875
0.4236859198603364
0.41314634947920287
0.4260260926630922
0.4388255889294761
0.46757963827857774
0.5150522128564087
0.5637498120437734
0.6026412152990762
0.6423427682584202
0.6496830814489054
0.6208187415959169
0.5975848999952833
0.5628014220129288
0.49885278794045984
0.4421274541951483
0.4068926027588157
0.37078280562723587
0.33242521033950473
0.32267251413840814
0.3326167641222904
0.3489022447839648
0.34088556699913597
0.3572608461707372
0.38831690470386726
0.4113367707218063
0.3985393797466529
0.40293160825260216
0.38189666101000924
0.345927337037229
0.30399189908322144
0.2758028757728404
0.24176841120554665
0.22400554497457992
0.236537935320982
0.25108796321921856
0.2684716204599251
0.3004796406136067
0.3440378720610718
0.34990886210023847
0.3588865222654443
0.3820451650375208
0.3868550322234183
0.3795475850986239
0.4084688037153305
0.4366084151757456
0.4719516705237287
0.5102465704413622
0.5416181422363918
0.5344959504755851
0.5290387243508985
0.5154251584467091
0.49747142634856517
0.4583990204540122
0.41713102667353985
0.3712595554612039
0.32863952762509213
0.3250770703748242
0.3203767256415979
0.32124815259419237
0.34583284734906533
0.36038841420450685
0.3407049862233824
0.33621843228755005
0.35602186368005634
0.3469174336950603
0.3330760083754161
0.3364916670621521
0.35855158375958973
0.35587207392883685
0.34983056537108614
0.34892615670571503
0.3241983218132689
0.29604144239565156
0.26491407105991427
0.2466660508407326
0.2524987067605509
0.29058109847307867
0.31907816485020385
0.3616699866835756
0.39079862831178325
0.40133391631325777
0.3883166121104178
0.3749629713323699
0.35691898224988283
0.3593908438862575
0.36019912025515244
0.36499496024197126
0.3767609078467663
0.3949951432001546
0.40038022120819716
0.39232399872498563
0.38369429772951175
0.37083099559017163
0.3534094638992891
0.3546226383037278
0.379959595144416
0.40449858428562224
0.4283167838882498
0.4519959059286042
0.45682549567942937
0.453905721588159
0.4450195229587738
0.4330481112663734
0.4285166968032303
0.44267555115809293
0.4602792519543499
0.48859601955054593
0.5140113357536606
0.5292528162326698
0.5353131181602565
0.5518108201827521
0.5756852566022466
0.5970043475601345
0.620666374644729
0.6457609662287336
0.648325932077451
0.6558603131115428
0.6745916703023831
0.7007205877684444
0.7108415415238539
0.7266102076963092
0.7401957690043934
0.7554687257789274
0.7672712856026342
0.7915322211901653
0.8227488809801586
0.8456947171494849
0.8548244758241245
0.8618854159789002
0.8586065542842489
0.8429013020930518
0.8205249139602919
0.8006922261233167
0.7905487348378136
0.7903765695955455
0.7994782374640282
0.8060957444009267
0.8271534179686747
0.8400353621715199
0.8528293468194308
0.8681071772532225
0.9001407757463891
0.9242292821825016
0.9400695364670087
0.953571340761395
0.9624572624920176
0.9581607736349402
0.9379010920995282
0.9201894872652254
0.9073121893506494
0.8916652882152547
0.8782239307127656
0.8923117755863272
