0.9078722432490107
0.9168100334541737
0.9234003411487116
0.9298518681199294
0.929665012381459
0.916191964118917
0.9088354870138984
0.917254082902067
0.9261057797751212
0.9243336535323944
0.9295585349360805
0.9289084127355066
0.9081274900632229
0.8811586944984274
0.8688876457741288
0.8664562191695945
0.8690099893095262
0.8731792566559694
0.8953482934790129
0.9104179922787797
0.898364698914075
0.8903984993037531
0.8891016050536454
0.8806806208221287
0.8797147999381277
0.9010493826148016
0.9320072868167334
0.957238254814344
0.979748411518442
