0.9038615347975033
0.9127033365217345
0.9192236055222817
0.9256060981710879
0.9654178982864744
0.9515299662376502
0.9048466359355934
0.9131752205163051
0.9219309118685566
0.9201845959103871
0.9253546560147347
0.9646776878032514
0.9041784206499344
0.8775117946457072
0.9027730836120522
0.8629763822342311
0.8655080239653193
0.8696378720663123
0.8915718781771097
0.9064792869005712
0.8945650710719556
0.8866911484925606
0.8854132722520244
0.8770881319482502
0.876137474593813
0.9360178824418001
0.9278587425160457
0.9939734990489167
0.9750437218359376
