0.02839116807151133
0.022803039268370174
0.02154223693114991
0.02144670440753042
0.03878821260558923
0.06257306732575117
0.07926803893058644
0.0888058522624323
0.08922364790331565
0.08860251382725515
0.09532321700733837
0.10497072328326303
0.11117973888195846
0.11972362583448834
0.12003648055686462
0.09844270457952506
0.08951778437180136
0.10252884852308888
0.11137203916614866
0.12495881758266941
0.1529944059162838
0.16444667455846837
0.16675650429716116
0.1627646741655127
0.15567015243040097
0.1384725315546315
0.1243144350475189
0.12628526384195254
0.11528990501052366
0.10595964228025384
0.11705026103415364
0.11878619297496432
0.11558946136095144
0.14174880867359663
0.16685131812673426
0.1771102638919575
0.1964163114499697
0.19172536141345908
0.17305269821355668
0.15615187061726962
0.1284111300723129
0.11054982195105983
0.11212224898961201
0.12504244805491185
0.12878370798564923
0.1620647828718057
0.18998074487385908
0.21523152458771955
0.23726509937480406
0.2616868072566298
0.27818013280186477
0.2820717420261488
0.2840575741374223
0.2950740263176557
0.29548056130967065
0.29669981687130315
0.3002942348751493
0.3053906077613291
0.28545992996633107
0.2751349298474981
0.25493593895380007
0.23592723099798307
0.2257848132083013
0.23056444657535888
0.24997058290076912
0.2825856720512729
0.3194269059430489
0.34634193898314225
0.3722870500657748
0.3793588415077368
0.3835743960578576
0.3749031675750642
0.36538381248257673
0.3560824686973962
0.34533539083046805
0.3324021444780435
0.3230440621528611
0.3105273684896105
0.3070222915319499
0.32483569893041103
0.34271053291100173
0.36452245761297375
0.3753196009773917
0.37796369654031503
0.3585577129614992
0.334040267856542
0.3146177202202117
0.2996432102404842
0.31226192312440226
0.33853530031269424
0.364645264559129
0.39186777752423985
0.4320184796418094
0.4364475473992683
0.4375372218938121
0.4363491680207757
0.4325675847442515
0.4220618037793649
0.4354446834829305
0.44881547095933705
0.47843595161176145
0.52710264026024
0.5769984861803821
0.6168986557123348
0.6577017014774932
0.6654826368500807
0.6363102694572863
0.6128271186049428
0.5774615475343933
0.5123029927929926
0.4544102492329614
0.41842699182286536
0.3814661451634233
0.3421134065400537
0.3321520329222479
0.34251877251069107
0.3593483121806871
0.35113509519206304
0.3679537435799007
0.3997409715655896
0.42339118108466745
0.41036962822105033
0.4149906778742552
0.39338379568099013
0.35635125356822517
0.31315215800830987
0.2841190782376926
0.24911192025411732
0.23091747934502943
0.2438182003405215
0.2586908814978902
0.2764313996913777
0.30914881315577064
0.35383275845263173
0.35998687289939957
0.3691923042240861
0.3927617686659744
0.39747119708762785
0.38966633589390537
0.41921757168130985
0.4480815255196871
0.4842826956253845
0.5232453753804166
0.5549345694705972
0.547067170331959
0.5413868375679793
0.5274986826543281
0.5092828997655696
0.469246965139859
0.4267292145522319
0.379605595667393
0.3358749394737327
0.332202928611528
0.32753547482037004
0.32833136508662375
0.35306179271072957
0.3675288681867744
0.34715677876867346
0.3425804820050724
0.36280359352199826
0.3535200302799757
0.3391494960705248
0.3422124603032093
0.3642616602128905
0.36148149646676364
0.35536960086417374
0.354516455266891
0.3292023438001044
0.3002831984368493
0.2685008315941842
0.2498569584028254
0.2557955758700404
0.2944548484963997
0.3230989285093252
0.3657033751340807
0.3946494966086538
0.40490372863989704
0.3918612853325704
0.3785702539703112
0.36032045732301116
0.36244308720723567
0.3627444611797282
0.36725148520407946
0.3791267928360758
0.39755695943355124
0.40302800841223696
0.3946444059928003
0.385398294513044
0.3721984125817885
0.35467036148101155
0.35599432031586564
0.38155884566640147
0.40598778593781015
0.429247774146942
0.45245606127343957
0.45704840304677813
0.4543856093136058
0.4457951348149009
0.43380913029500817
0.4287702104189436
0.44228182259830084
0.4594895245694619
0.4880891609772598
0.5138942528051121
0.5293074036629433
0.5348016546590689
0.5503256078525369
0.5734886684478705
0.5950920701111735
0.6193583765969094
0.6447473180899331
0.6469163864108152
0.6532285652283488
0.6710526448666607
0.6970083082287383
0.7080213818567556
0.7245112790644431
0.7380012050386812
0.7517795991501317
0.7625973036572219
0.7862135240507283
0.8180331804775385
0.8420162823668148
0.8516149428273897
0.8572384794445937
0.8529353628713693
0.8370068894783556
0.8158673239105332
0.7978005816512287
0.7886593414875361
0.7879013215734808
0.7956526023893287
0.8015715435220343
0.822933657514422
0.8372671352802289
0.8512013762673762
0.8662642455945343
0.8962003079386284
0.91912837800217
0.9351933093097728
0.9502570175718705
0.9607808706540547
0.9571868712125946
0.9355955089769262
0.9171667235398022
0.9047208513670001
0.8908980567088125
0.879502412844425
0.8945032715599681
