0.024147105702497004
0.019657406222883228
0.018797213225671353
0.018858914792479687
0.034458533144675924
0.055890768197557034
0.07096773759405674
0.07962411040174965
0.08041534288716284
0.08049882150269837
0.08720251972495874
0.09649042651822795
0.10235207921263037
0.1103152160404263
0.11089230761794079
0.0915288911253624
0.08373271152863752
0.09640331810956303
0.1049471760942467
0.11782466463808054
0.14448701839978775
0.15607240255123908
0.15916837155358088
0.15613773369742065
0.1496626942730397
0.13316295840555042
0.11966845376612097
0.12197319028304957
0.11185412670004213
0.10327034419727735
0.11435848602113259
0.11611516716802038
0.11308089994624305
0.13898831616124496
0.16424605092131658
0.1750873864779385
0.19467220282340594
0.1901171721976106
0.17165387343408134
0.15508154747542016
0.12791469244112655
0.11050032095460743
0.11233322177204044
0.12538492649193567
0.12916324252229852
0.16272165815168144
0.19126046640076366
0.2173711349993007
0.24021524799880778
0.2651935107047991
0.28194005305327785
0.2860051002964675
0.2885893088674763
0.3005848273653711
0.30167367916046234
0.30319807171634133
0.30687476166181477
0.3121629523580759
0.2921788904042848
0.28219048889988435
0.26195599109948664
0.2426361287043626
0.23221944559792104
0.23718823972202077
0.25741184921181104
0.2915473564187085
0.3302124876233008
0.3584681944526857
0.38544631520718103
0.39279243593938135
0.39740553855261174
0.388930641293483
0.37961006892712296
0.3702894965607629
0.3591868366331708
0.34571410904246846
0.33609591715267423
0.3233563498461939
0.32008979424716394
0.339006781454591
0.3578330308877361
0.38069892093597035
0.39209557102137954
0.3951334678225301
0.3751566648137294
0.3497174547188498
0.3294611796559687
0.3137926007919738
0.32709111199285856
0.35486409459838425
0.38255359858837434
0.4114589870864457
0.45392421115637194
0.4586824939519462
0.4598802309906733
0.4588240445549168
0.45502395147582675
0.44414995055987017
0.4584356876847129
0.47264157555963715
0.504051323592555
0.5556883104808803
0.6087081391083579
0.6511878812820209
0.6945786297090968
0.7029845664564269
0.6721736870497508
0.6473986767272945
0.610051056543185
0.5410105866927043
0.47971911297587677
0.4416818863912438
0.4026465457858014
0.36112499311486645
0.35064660844161644
0.3615605338756541
0.37936326244613344
0.37073229626654103
0.3886185034525558
0.4224709090259997
0.44757620444498086
0.43369697230096454
0.4385096977183568
0.41563654872513217
0.37649595245542716
0.3308512807676236
0.3001601751289469
0.26310291530952534
0.24375038755506667
0.25735740680374924
0.27314938880136075
0.2920119331732137
0.3267644564757068
0.37405329470114507
0.380346858576962
0.3900049749848374
0.4150558277820006
0.42015528419846354
0.41208689149264877
0.44333694123948597
0.47370865030600107
0.5118620210792606
0.5531766917872872
0.5869456189589518
0.5789788525517824
0.5728123213889555
0.5578152012423743
0.5381287588120174
0.49561998043088057
0.45077379995972433
0.4009951203031764
0.35477335682410216
0.3507373457883862
0.3454745615064693
0.34621861031505496
0.37249986593779233
0.38795067452827153
0.36654384610349083
0.36149883230884594
0.38255722816774757
0.37254342003524676
0.3574555621143835
0.36089270452385763
0.3843066499421327
0.3811889038910637
0.3744743171444398
0.37326206200197565
0.34658156098467074
0.31627155348496383
0.2828292820442072
0.2631718756075679
0.2692150038505343
0.3096114093601578
0.3397472006838034
0.384840187635949
0.4155566999027261
0.426474254916137
0.41236636376048524
0.39792092834956183
0.37852121691827545
0.3808912845813857
0.38149741215261773
0.38632465567374685
0.39851979697580353
0.41753841026812005
0.4229608928361176
0.4141883760535546
0.40482424958974017
0.3910103485919054
0.37241275795663975
0.3734653148130231
0.39990989787370224
0.42548702920593523
0.4502801869977454
0.4749027579791113
0.47970822423775716
0.4763799670719188
0.46680169991396187
0.4540040606200465
0.44902074839220985
0.46362225250984074
0.4818205973230265
0.5112159692037035
0.5375552966001199
0.5532420231472249
0.5593287052738897
0.5763184245239847
0.6010026970721589
0.6230083941231812
0.6474494897697393
0.6733750536678512
0.6758068228977697
0.6834251567390599
0.7027123535610931
0.7297013628399521
0.7400200492271215
0.7562221655711765
0.7701558405507668
0.7858498258291061
0.7979397114669
0.8229905644778194
0.8552750233979298
0.8789648112909121
0.888303531126626
0.8955044716764824
0.8919765914927261
0.8755567046613993
0.8522262378586596
0.8315561992974742
0.8209652998012149
0.8207438997345697
0.8301660983995753
0.83702223574917
0.8588863819834656
0.8722756309586325
0.8855886602632539
0.9014967864494919
0.9348229139153783
0.9599173208099959
0.9764642401405567
0.9906011675036822
0.9999616643881232
0.9956425517189539
0.9747474837255061
0.9565092143942392
0.9433050703332536
0.9272299867021886
0.9134560102224349
0.9283297272353995
