0.8997795137492445
0.9080193016712534
0.913995016666016
0.919828809846973
0.9193014701814595
0.9060535885446632
0.8986631911754426
0.9063841599927959
0.9145063447655736
0.9124660111205879
0.9171104473793422
0.9161419250504566
0.8959460492269143
0.8698010230949571
0.8577136405575319
0.8550587672625902
0.8571820377347059
0.8608493718770739
0.8817143071515602
0.8957542665486509
0.8839236444505574
0.8759899647915034
0.8744208347432034
0.8660563507808656
0.8648068018802918
0.8848043323569863
0.9138780132523868
0.9374257716437768
0.9583293008107212
