160.35
187.3
210.95
225.35
226.8
230.95
233.55
233.9
234.85
236.55
236.6
236.4
236.95
237.85
237.65
239.15
239.85
239.3
239.7
239.55
240.1
240.15
239.95
240.3
240.45
240.55
240.45
240.35
240.65
240.75
240.95
240.95
240.85
240.85
240.8
240.75
240.95
240.95
241.15
241.05
241.25
241.05
241.0
240.9
241.2
241.25
241.4
241.45
241.25
241.25
241.4
241.5
241.4
241.4
241.5
243.35
243.25
243.45
243.6
243.65
243.55
243.5
243.85
243.75
243.8
243.95
243.8
243.9
243.85
243.8
243.95
244.0
243.95
243.9
243.85
243.8
243.7
243.65
243.9
243.85
243.8
243.7
243.9
243.85
243.95
243.85
243.85
243.9
243.8
243.85
243.9
243.85
243.9
243.9
243.95
243.85
243.85
243.75
243.85
243.9
243.95
