0.08219551764464644
0.10479395969013994
0.11748083999362927
0.1260445599372841
0.137368327868156
0.14376796467310676
0.14565942818078256
0.15305833337355096
0.15749880185385973
0.16130372684595126
0.16341924123672438
0.16775198724376764
0.17358064969201648
0.1776515781457168
0.18155978938522913
0.1859620943996006
0.1960717304069199
0.20534172604700268
0.21081248612534642
0.21459145937231616
0.2199987658261605
0.22595398205900338
0.22708350478998582
0.23123522155301907
0.24503202112949635
0.2497370452403783
0.25513789674282344
0.2606684954782534
0.2689361786138107
0.27308865733634957
0.276318530439588
0.286447867432844
0.2886651188092028
0.2935725989401232
0.2972866862965485
0.30185995672624955
0.30717432108270787
0.30818140794046306
0.31089392494372625
0.31523954992880254
0.3171136500307658
0.3188786110273757
0.3220633518475248
0.32403936249385806
0.3267550434130165
0.32711451485596177
0.3280127909649798
0.33102744870372813
0.33504950899855884
0.3370161311990135
0.3378235968512764
0.3394753460441785
0.34132087143508894
0.34273565319447064
0.3451983072571335
0.3473645428991101
0.3476646267991253
0.3512946005809944
0.3550691024935705
0.35784973650763957
0.36009745725340375
0.36480243269448553
0.3667246495070187
0.3683916536246919
0.37183833187849025
0.3728284782603833
0.37563779044082357
0.37639215403599796
0.3780790025844859
0.37923715489657106
0.38205762185123343
0.3836807880261061
0.38528945615362203
0.3864627756602713
0.3869179167692125
0.3879232102041473
0.39077062380815636
0.39231204459963187
0.3937539459320348
0.3961072475493189
0.39748047472811465
0.39875631106394727
0.4002118564085741
0.4019607797750808
0.403127347968954
0.4044676069333793
0.4052365952982478
0.4076378887963301
0.40962233064720077
0.4100052846953523
0.4104956539204842
0.41183501826856556
0.41293273291587873
0.413860855963285
0.4154775929746296
0.4156066472199761
0.4172175855875004
0.4176468103567209
0.41916533854958526
0.4203348171118038
0.4204888880792823
