137.2
158.75
157.45
160.15
172.85
177.6
182.0
184.5
185.6
185.8
186.35
187.0
191.8
190.3
192.1
194.15
195.9
199.55
200.95
202.0
203.25
204.7
205.2
207.05
211.35
211.75
214.25
216.25
217.1
217.4
218.75
222.2
222.75
223.4
224.55
225.55
226.75
226.95
227.6
227.7
228.0
228.3
229.4
228.9
229.2
229.4
229.3
229.75
230.45
230.6
231.05
232.7
232.3
232.8
233.15
233.35
233.5
233.15
234.3
235.15
235.3
235.65
235.9
236.45
237.5
237.35
237.45
237.8
238.1
238.25
238.55
239.0
238.95
239.3
239.35
238.95
239.05
239.4
239.4
239.75
239.95
239.65
239.85
240.0
240.25
240.05
240.1
240.85
240.9
240.6
240.9
241.15
240.65
240.7
241.15
240.9
241.5
241.5
241.75
241.75
241.7
