11.57279397759634
9.578559831923968
8.640351638768555
7.925146160017718
7.067238211348548
6.783534428229865
6.616963591460641
6.187800193574235
5.889470809651887
5.712432302612451
5.601059014058519
5.452496802039046
5.2291174207737745
4.963880126733931
4.815536360973037
4.711896028889151
4.410942072097534
4.154521312782904
4.042666408876425
3.947590544806233
3.84508584336722
3.762915419547709
3.734895376935603
3.661261099264749
3.426787402847137
3.343943992804577
3.227922080372643
3.1415323015580383
3.040050573519464
2.9837376606080435
2.9224903502901567
2.7675930981326147
2.731134070215857
2.6699477665761933
2.615210973265895
2.574454139853269
2.5227414570536917
2.506928872688502
2.4710437692209695
2.4298469099510687
2.40478799555366
2.384799889026831
2.349322734250627
2.324830760514158
2.299984277070082
2.3018827295485025
2.2897085423882544
2.266344245468498
2.2262379243724846
2.1899217148426358
2.181483007072062
2.1546558483680887
2.1386634635023722
2.1260314300303462
2.0884720463444784
2.0694572607927038
2.06631569163249
2.0171564367689117
1.9689314506020605
1.9336281935604358
1.9135006301360966
1.8622198462553836
1.8414984999174357
1.8264397013950133
1.79284331772005
1.7836049574981483
1.7626860528304857
1.7532602896083833
1.7396704694019944
1.7301619971171138
1.7062596915995052
1.691471894735249
1.6806822202367013
1.669479331192996
1.6659839703195722
1.660056014789888
1.6403151895040815
1.627197829171666
1.618955170840625
1.5949878542391787
1.586265894384666
1.577311174427951
1.5681868384157431
1.558099991864785
1.5497086183113704
1.539127447130148
1.5332922429569202
1.5180891810713333
1.5094510484094141
1.5057958612566127
1.5036361500164424
1.495145566970615
1.489035000478871
1.48258845853456
1.4734882509606988
1.4728507216669602
1.4639004601140289
1.461060346606827
1.4524330797169644
1.4456140134955469
1.4446421574336483
