0.7735202623082564
0.761171493703724
0.7176348188969588
0.7125138002967664
0.7075940420454485
0.6883316334449816
0.6941343209151751
0.6993121466004562
0.6993603380233505
0.6947479038172432
0.7034853148610593
0.6989407101604719
0.704928829526744
0.6923894013843281
0.6871039273611099
0.6926424434188551
0.6926974310518264
0.6995029133551355
0.7045290321527169
0.691254798100007
0.6932873929448122
0.691368878788135
0.6889689173162596
0.686524642268942
0.71300441202577
0.6984088963874487
0.6989487132867577
0.6937163556507641
0.7122246030441984
0.6935368890582558
0.6959157667767621
0.692077471686024
0.68737378675195
0.6983444810029955
0.6982999160984307
0.7050809122489342
0.6914962456541442
0.6855695148024886
0.6872488568178627
0.6860190210114743
0.6928798244360244
0.6957266666879468
0.6993941638039998
0.6889064029196151
0.7049933342866928
0.6938385763870396
0.6987604815130196
0.68681037166505
0.6960780707296504
0.6935224201818463
0.6925809675611359
0.6926076986936976
0.6878936858602067
0.6861467066906093
0.6869058234376902
0.6877512863740791
0.7113212735779629
0.6936555435795324
0.6882268413396365
0.6998309641960326
0.6938927714983131
0.6928828056531388
0.6997994348989858
0.6869603230121714
0.699508928793379
0.6953325100003528
0.6988684797107096
0.6991835936825359
0.6867661093493147
0.6989642856167804
0.6992805745943327
0.6950599998279212
0.6960243994844653
0.6920072464732914
0.6957233107205628
0.6868730132215859
0.704616332473758
0.6996146337312857
0.6988724795967116
0.6912204557755013
0.7118558197087178
0.7054672786673526
0.7132291867978263
0.7090903784010946
0.7013669868313339
0.7076441289264791
0.6943846621643492
0.6929375712546746
0.697138709592662
0.6923023166506923
0.6932729307914024
0.7062102095899367
0.6926754415530506
0.7001042958223977
0.7002553464494714
0.6936181332756995
0.6944609592467915
0.6962895812511172
0.688754728697974
0.6873782356902916
0.8104151756575095
