688.05
688.45
688.0
688.1
688.15
688.0
688.25
688.35
688.2
688.0
688.2
688.25
688.25
688.1
688.1
688.15
688.2
688.25
688.3
688.25
688.2
688.15
688.15
688.15
688.25
688.4
687.9
688.2
688.3
687.75
688.35
688.25
688.3
688.3
688.4
688.25
688.3
688.25
688.3
688.25
688.1
688.35
688.3
688.3
688.3
688.3
688.3
688.3
688.35
688.3
688.1
688.1
688.05
688.3
688.1
688.15
688.5
688.35
688.4
688.4
688.25
688.3
688.05
688.35
688.35
688.45
688.6
688.4
688.35
688.35
688.35
688.45
688.25
688.15
688.45
688.2
688.2
688.3
687.75
688.4
688.4
688.1
688.35
688.3
688.5
688.3
688.35
688.45
688.35
688.35
688.25
688.45
688.3
688.4
688.45
688.2
688.45
688.35
688.3
688.15
689.0
