0.5982934702647481
0.5902489884375646
0.5758390887938669
0.6159324546534959
0.6265477134061774
0.6265644756506832
0.6178886720265464
0.6020460214603143
0.5802931480584089
0.5773650896804353
0.5489992993153985
0.5171716152242024
0.5109810408737978
0.5199034367963723
0.5282178998043896
0.535995547299054
0.543296094348592
0.5501701271115956
0.5566608423599534
0.5628053957768808
0.5686359593379049
0.5741805594560665
0.5794637478826602
0.5845071435896994
0.5893298740927662
0.5939489376464296
0.5983795026254864
0.6026351566321354
0.6067281150576717
0.6106693967109835
0.6144689725180598
0.6181358920639648
0.6216783917958646
0.6251039879633932
0.6284195567901576
0.6316314039099084
0.6347453247348401
0.6377666571305509
0.6407003275363767
0.6435508914789648
0.6463225692716413
0.6490192775651251
0.6516446573107821
0.6542020986114689
0.6566947628636008
0.6591256025346234
0.6614973788703766
0.6638126777851473
0.6660739241521014
0.6682833946821183
0.6704432295539005
0.6725554429368341
0.674621932529824
0.6766444882237015
0.678624799981395
0.6805644650185195
0.6824649943570706
0.6843278188163068
0.6861542944974188
0.6879457078120977
0.6897032800994419
0.6914281718707058
0.6931214867170588
0.6947842749117286
0.6964175367345641
0.6980222255441141
0.6995992506197231
0.7011494797938539
0.7026737418928143
0.7041728290022634
0.7056474985722736
0.7070984753752938
0.7085264533290943
0.709932097195634
0.7113160441657769
0.7126789053388751
0.7140212671054201
0.7153436924402297
0.7166467221129801
0.7179308758222999
0.7191966532591006
0.7204445351043456
0.7216749839660112
0.722888445259603
0.7240853480362345
0.7252661057619378
0.7264311170515976
0.7275807663606135
0.728715424637163
0.7298354499377068
0.7309411880081791
0.7320329728331159
0.7331111271548074
0.7341759629644025
0.7352277819667508
0.736266876020641
0.7372935275559683
0.738308009969258
0.739310587998869
0.7403015180811106
0.7412810486884147
0.742249420650634
0.743206867460456
0.7441536155638625
0.7450898846364968
0.7460158878467472
0.7469318321062989
0.7478379183088594
0.7487343415577178
0.7496212913827528
0.7504989519474689
0.7513675022465994
0.7522271162947872
0.7530779633068162
0.7539202078698422
0.754754010108042
0.7555795258400752
0.7563969067297287
0.7572063004300953
0.7580078507216097
0.758801697644256
0.7595879776242352
0.7603668235953666
0.7611383651154826
0.7619027284780622
0.7626600368193315
0.7634104102210497
0.7641539658091863
0.764890817848683
0.7656210778344855
0.7663448545790168
0.7670622542962582
0.7677733806825925
0.7684783349945582
0.7691772161236523
0.7698701206683167
0.7705571430032313
0.7712383753460346
0.7719139078215846
0.7725838285238666
0.7732482235756499
0.7739071771859919
0.7745607717056788
0.775209087680693
0.7758522039037892
0.7764901974642581
0.7771231437959539
0.777751116723657
0.77837418850784
0.778992429887902
0.7796059101239337
0.7802146970370729
0.7808188570485054
0.7814184552171649
0.7820135552761864
0.7826042196681582
0.7831905095792205
0.7837724849720576
0.7843502046178222
0.7849237261270362
0.7854931059795054
0.7860583995532847
0.7866196611527316
0.7871769440356798
0.7877303004397668
0.7882797816079457
0.7888254378132137
0.7893673183825826
0.7899054717203196
0.7904399453304873
0.7909707858388043
0.791498039013853
0.7920217497876569
0.7925419622756505
0.7930587197960604
0.7935720648887225
0.7940820393333505
0.7945886841672781
0.7950920397026892
0.7955921455433574
0.7960890406009101
0.7965827631106299
0.7970733506468152
0.7975608401377094
0.7980452678800147
0.7985266695530049
0.7990050802322496
0.7994805344029625
0.799953065972987
0.8004227082854278
0.800889494130945
0.8013534557597161
0.8018146248930804
0.8022730327348733
0.8027287099824622
0.8031816868374918
0.8036319930163492
0.8040796577603555
0.8045247098456952
0.8049671775930894
0.8054070888772199
0.805844471135915
0.8062793513791006
0.8067117561975261
0.8071417117712706
0.8075692438780367
0.8079943779012377
0.8084171388378842
0.8088375513062764
0.8092556395535087
0.8096714274627885
0.8100849385605802
0.8104961960235738
0.8109052226854874
0.811312041043705
0.8117166732657578
0.8121191411956499
0.8125194663600351
0.812917669974249
0.8133137729481978
0.8137077958921124
0.8140997591221659
0.8144896826659644
0.8148775862679084
0.8152634893944333
0.8156474112391299
0.8160293707277483
0.8164093865230884
0.8167874770297812
0.8171636603989619
0.8175379545328394
0.8179103770891637
0.8182809454855947
0.8186496769039744
0.8190165882945059
0.8193816963798408
0.8197450176590771
0.8201065684116714
0.8204663647012654
0.8208244223794321
0.8211807570893391
0.8215353842693375
0.8218883191564695
0.8222395767899078
0.822589172014317
0.8229371194831492
0.8232834336618665
0.8236281288311003
0.8239712190897421
0.8243127183579726
0.8246526403802275
0.8249909987281022
0.8253278068031984
0.8256630778399123
0.825996824908166
0.8263290609160842
0.8266597986126174
0.8269890505901122
0.82731682928683
0.8276431469894178
0.8279680158353262
0.8282914478151839
0.8286134547751237
0.8289340484190619
0.829253240310936
0.8295710418768961
0.8298874644074571
0.8302025190596053
0.8305162168588694
0.8308285687013478
0.831139585355699
0.8314492774650956
0.8317576555491378
0.8320647300057344
0.8323705111129465
0.832675009030797
0.8329782338030475
0.8332801953589396
0.8335809035149077
0.8338803679762562
0.8341785983388095
0.834475604090529
0.8347713946131021
0.8350659791835021
0.8353593669755194
0.8356515670612652
0.8359425884126488
0.8362324399028271
0.8365211303076296
0.8368086683069571
0.8370950624861558
0.8373803213373674
0.8376644532608546
0.8379474665663044
0.8382293694741078
0.8385101701166177
0.8387898765393842
0.8390684967023689
0.8393460384811388
0.8396225096680385
0.839897917973343
0.8401722710263912
0.8404455763766984
0.8407178414950522
0.8409890737745878
0.8412592805318462
0.8415284690078151
0.8417966463689502
0.8420638197081826
0.8423299960459059
0.84259518233095
0.8428593854415369
0.8431226121862214
0.8433848693048158
0.8436461634693007
0.8439065012847189
0.8441658892900566
0.8444243339591098
0.8446818417013352
0.8449384188626899
0.8451940717264558
0.8454488065140504
0.8457026293858271
0.845955546441859
0.8462075637227149
0.8464586872102178
0.8467089228281957
0.8469582764432185
0.8472067538653236
0.8474543608487303
0.847701103092543
0.8479469862414438
0.8481920158863737
0.8484361975652033
0.8486795367633942
0.8489220389146488
0.8491637094015512
0.8494045535561977
0.8496445766608178
0.8498837839483863
0.8501221806032249
0.8503597717615963
0.850596562512288
0.8508325578971881
0.851067762911852
0.8513021825060614
0.8515358215843732
0.8517686850066634
0.8520007775886591
0.8522321041024659
0.8524626692770855
0.8526924777989269
0.8529215343123092
0.8531498434199576
0.8533774096834923
0.8536042376239098
0.8538303317220572
0.854055696419101
0.8542803361169867
0.8545042551788945
0.8547274579296861
0.8549499486563468
0.8551717316084205
0.8553928109984389
0.8556131910023439
0.8558328757599055
0.856051869375132
0.8562701759166758
0.8564877994182324
0.8567047438789358
0.8569210132637455
0.8571366115038309
0.8573515424969482
0.8575658101078137
0.857779418168471
0.8579923704786535
0.8582046708061418
0.8584163228871163
0.8586273304265054
0.8588376970983277
0.8590474265460311
0.859256522382826
0.8594649881920154
0.8596728275273193
0.8598800439131947
0.860086640845153
0.8602926217900707
0.8604979901864983
0.8607027494449635
0.8609069029482705
0.8611104540517972
0.8613134060837851
0.861515762345629
0.86171752611216
0.861918700631927
0.8621192891274728
0.8623192947956075
0.8625187208076788
0.8627175703098373
0.8629158464232997
0.8631135522446081
0.8633106908458861
0.8635072652750917
0.8637032785562665
0.8638987336897819
0.8640936336525826
0.864287981398427
0.8644817798581234
0.8646750319397648
0.8648677405289595
0.8650599084890602
0.8652515386613878
0.8654426338654553
0.865633196899187
0.8658232305391356
0.8660127375406959
0.8662017206383176
0.8663901825457134
0.8665781259560659
0.8667655535422311
0.8669524679569401
0.8671388718329982
0.867324767783481
0.8675101584019287
0.8676950462625377
0.8678794339203502
0.8680633239114415
0.8682467187531041
0.8684296209440313
0.868612032964497
0.8687939572765339
0.8689753963241102
0.8691563525333035
0.8693368283124718
0.869516826052425
0.8696963481265914
0.8698753968911844
0.8700539746853665
0.8702320838314107
0.8704097266348609
0.8705869053846906
0.8707636223534588
0.8709398797974645
0.8711156799568996
0.8712910250560002
0.8714659173031954
0.871640358891255
0.8718143519974353
0.8719878987836229
0.8721610013964779
0.8723336619675742
0.8725058826135389
0.8726776654361895
0.8728490125226706
0.8730199259455883
0.8731904077631428
0.8733604600192606
0.8735300847437234
0.8736992839522979
0.8738680596468621
0.8740364138155309
0.874204348432781
0.8743718654595736
0.8745389668434749
0.874705654518778
0.8748719304066203
0.8750377964151014
0.8752032544394001
0.9126074862834862
0.9127791382769681
0.9129503707779172
0.9131211857094353
0.9132915849817393
0.9134615704922736
0.9136311441258239
0.913800307754627
0.9139690632384806
0.9141374124248522
0.9143053571489868
0.9144728992340116
0.9146400404910433
0.9148067827192903
0.914973127706156
0.9151390772273412
0.9153046330469439
0.915469796917559
0.9156345705803778
0.9157989557652837
0.9159629541909506
0.9161265675649369
0.9162897975837804
0.9164526459330921
0.9166151142876479
0.9167772043114811
0.9169389176579719
0.9171002559699374
0.9172612208797204
0.9174218140092771
0.9175820369702641
0.9177418913641233
0.9179013787821684
0.918060500805668
0.9182192590059295
0.9183776549443813
0.9185356901726541
0.9186933662326625
0.9188506846566841
0.9190076469674389
0.9191642546781678
0.9193205092927099
0.9194764123055794
0.9196319652020417
0.9197871694581881
0.9199420265410106
0.9200965379084759
0.9202507050095976
0.9204045292845092
0.9205580121645348
0.920711155072261
0.9208639594216057
0.9210164266178886
0.9211685580578993
0.9213203551299654
0.92147181921402
0.9216229516816685
0.9217737538962543
0.9219242272129243
0.9220743729786938
0.9222241925325105
0.9223736872053182
0.9225228583201193
0.9226717071920373
0.9228202351283783
0.9229684434286924
0.9231163333848339
0.9232639062810208
0.9234111633938955
0.9235581059925814
0.9237047353387432
0.923851052686643
0.9239970592831983
0.924142756368038
0.9242881451735584
0.9244332269249789
0.924578002840397
0.9247224741308426
0.9248666420003312
0.9250105076459187
0.925154072257753
0.9252973370191269
0.9254403031065301
0.9255829716897005
0.9257253439316748
0.9258674209888397
0.926009204010981
0.9261506941413336
0.9262918925166306
0.926432800267152
0.9265734185167721
0.9267137483830081
0.9268537909770669
0.926993547403892
0.9271330187622099
0.9272722061445764
0.9274111106374214
0.927549733321095
0.9276880752699113
0.9278261375521931
0.9279639212303163
0.9281014273607526
0.9282386569941132
0.928375611175191
0.9285122909430038
0.9286486973308352
0.928784831366277
0.9289206940712701
0.9290562864621457
0.9291916095496647
0.9293266643390594
0.9294614518300719
0.9295959730169941
0.9297302288887073
0.9298642204287194
0.9299979486152048
0.9301314144210416
0.9302646188138498
0.9303975627560278
0.9305302472047906
0.9306626731122053
0.9307948414252286
0.930926753085742
0.9310584090305882
0.9311898101916061
0.9313209574956659
0.9314518518647044
0.9315824942157589
0.9317128854610021
0.9318430265077755
0.9319729182586229
0.9321025616113248
0.9322319574589297
0.9323611066897889
0.9324900101875873
0.9326186688313765
0.9327470834956065
0.9328752550501576
0.9330031843603712
0.9331308722870817
0.9332583196866466
0.9333855274109781
0.933512496307572
0.9336392272195396
0.9337657209856356
0.9338919784402893
0.9340180004136329
0.9341437877315312
0.9342693412156102
0.9343946616832857
0.9345197499477913
0.9346446068182076
0.9347692330994887
0.9348936295924911
0.9350177970940003
0.9351417363967585
0.9352654482894909
0.9353889335569333
0.9355121929798585
0.935635227335102
0.9357580373955883
0.9358806239303576
0.9360029877045902
0.9361251294796331
0.9362470500130246
0.9363687500585192
0.936490230366113
0.9366114916820684
0.9367325347489378
0.9368533603055883
0.9369739690872262
0.9370943618254197
0.9372145392481237
0.9373345020797031
0.9374542510409551
0.9375737868491337
0.9376931102179711
0.9378122218577022
0.9379311224750855
0.9380498127734265
0.9381682934525992
0.938286565209069
0.9384046287359133
0.9385224847228446
0.9386401338562308
0.9387575768191168
0.9388748142912462
0.9389918469490818
0.9391086754658264
0.9392253005114439
0.939341722752679
0.9394579428530786
0.9395739614730109
0.939689779269686
0.9398053968971758
0.9399208150064338
0.9400360342453138
0.9401510552585904
0.940265878687978
0.940380505172149
0.9404949353467541
0.9406091698444401
0.940723209294869
0.9408370543247364
0.9409507055577901
0.941064163614848
0.9411774291138162
0.9412905026697075
0.9414033848946586
0.9415160763979478
0.9416285777860129
0.9417408896624693
0.9418530126281249
0.9419649472810002
0.9420766942163432
0.9421882540266473
0.9422996273016678
0.9424108146284387
0.9425218165912885
0.9426326337718579
0.9427432667491147
0.9428537160993711
0.942963982396299
