0.9439218725720125
0.9342202253060917
0.9299607367691275
0.9358185586591722
0.946046708422717
0.9518213366135522
0.9494010411976341
0.9419203406051052
0.9369780325751248
0.9398917230780826
0.9479466725056221
0.9541098135321523
0.9542058049886057
0.9495531158993216
0.9454159002061492
0.946333013293027
0.9516346449318068
0.9567599781280436
0.9582334548945258
0.9562942573478346
0.9540282991797303
0.9543151072961427
0.9571556782390711
0.9602420214927544
0.961715000971196
0.961742297231802
0.961781884710374
0.9627356262392116
0.9640745910008303
0.964837452562656
0.965074386830676
0.9659036900446323
0.9680360428778665
0.9705441988346929
0.9715996928873505
0.9704782496761067
0.9687263763503019
0.9690764037556203
0.972560514353714
0.9769633260622119
0.9788315255733556
0.9767472249030303
0.9729026278249583
0.9716939914830879
0.9754561641031484
0.9815540586574023
0.9849756053455144
0.9830061353770359
0.9775663693824165
0.9741817304148627
0.9770573780091317
0.9841942573897413
0.9894528428086514
0.9885519720697201
0.9824121760003741
0.9768329136077906
0.9778388481671263
0.9850421558751732
0.9919452789985458
0.9927492378865337
0.9869297046324548
0.9797057330612747
0.9782983146302834
0.9844917710084299
0.9924185418782109
0.995137174218008
0.990522132105472
0.9825800804535794
0.9788073100235684
0.9830856353064663
0.9911161651476177
0.9955063610168737
0.9926527731117964
0.9850181027072051
0.9794877879398564
0.9813769076150594
0.9885058629067989
0.9939267384001639
