0.587083963288394
0.5929489335966857
0.5933233783934491
0.591837739643129
0.589952505121886
0.5882056935494906
0.5867650673056479
0.5856554510515436
0.5848504967138258
0.5843092791865033
0.5839904001203116
0.5838568977208816
0.5838774457656599
0.5840261277248139
0.6125570612144331
0.6131283196800487
0.6137701441726289
0.6144710761782677
0.6152217254085015
0.6160143673368926
0.6168426209641495
0.6177011917437203
0.6185856666058672
0.6194923503113033
0.6204181344839071
0.621360392469234
0.622316894627472
0.6232857398322348
0.6242652998601159
0.625254174069139
0.6262511523195543
0.6272551845226282
0.6282653555398052
0.6292808644175435
0.6303010071489417
0.6313251623149313
0.6323527790851913
0.6333833671596752
0.6344164883116167
0.6354517492565664
0.6364887956229627
0.6375273068406017
0.6385669917962947
0.6396075851326031
0.6406488440871084
0.6416905457872352
0.6427324849299633
0.6437744717875035
0.6448163304896493
0.6458578975414562
0.6468990205414642
0.6479395570711254
0.6489793737306104
0.6500183452999555
0.6510563540076489
0.6520932888914182
0.6531290452381916
0.6541635240920978
0.6551966318209509
0.656228279733023
0.6572583837370601
0.6582868640394783
0.6593136448735271
0.6603386542559374
0.661361823767197
0.6623830883521483
0.6634023861380777
0.6644196582678807
0.6654348487462537
0.6664479042971732
0.6674587742312126
0.6684674103214798
0.6694737666871744
0.6704777996839464
0.6714794678003954
0.6724787315601832
0.6734755534293442
0.6744698977284735
0.6754617305495458
0.676451019677177
0.6774377345141844
0.6784218460113337
0.6794033266011772
0.6803821501359001
0.6813582918290885
0.6823317282013319
0.6833024370295547
0.6842703972999614
0.6852355891644573
0.6861979939003904
0.6871575938734357
0.6881143725034272
0.6890683142329225
0.6900194044982684
0.6909676297029252
0.6919129771927908
0.6928554352332673
0.6937949929878017
0.6947316404976341
0.695665368662495
0.696596169221995
0.6975240347374639
0.6984489585740096
0.699370934882585
0.7002899585818722
0.7012060253398115
0.7021191315546336
0.7030292743352757
0.703936451481092
0.704840661460798
0.7057419033906174
0.7066401770116311
0.7075354826663565
0.7084278212746125
0.7093171943087574
0.7102036037684049
0.711087052154752
0.7119675424446699
0.7128450780647245
0.713719662865307
0.7145913010950623
0.715459997375809
0.7163257566781411
0.7171885842978989
0.7180484858336886
0.7189054671656137
0.7197595344353656
0.7206106940278016
0.7214589525541135
0.7223043168366622
0.7231467938955327
0.7239863909368275
0.7248231153426923
0.7256569746630396
0.7264879766089054
0.7273161290473503
0.7281414399977925
0.7289639176296381
0.7297835702610577
0.7306004063587404
0.7314144345384485
0.7322256635661868
0.7330341023597958
0.7338397599907789
0.7346426456861762
0.7354427688303063
0.7362401389662008
0.7370347657965776
0.7378266591842056
0.7386158291515377
0.7394022858795006
0.7401860397053589
0.740967101119584
0.7417454807616864
0.7425211894149938
0.7432942380003701
0.7440646375689088
0.7448323992936406
0.7455975344603248
0.7463600544574107
0.7471199707652721
0.7478772949448343
0.7486320386257257
0.749384213494096
0.7501338312802551
0.7508809037462831
0.751625442673775
0.752367459851872
0.7531069670657349
0.7538439760856036
0.7545784986565779
0.7553105464892425
0.7560401312512426
0.7567672645599026
0.7574919579759537
0.7582142229984276
0.758934071060739
0.7596515135279703
0.7603665616953411
0.7610792267878268
0.7617895199608756
0.7624974523021442
0.7632030348341663
0.7639062785178458
0.7646071942566567
0.7653057929014221
0.7660020852555379
0.7666960820805004
0.7673877941015973
0.7680772320136234
0.7687644064864828
0.7694493281705503
0.7701320077016698
0.7708124557056791
0.7714906828023661
0.7721666996087678
0.7728405167417481
0.7735121448198
0.774181594464034
0.7748488762983374
0.7755140009486995
0.7761769790417159
0.7768378212023034
0.7774965380506692
0.7781531401985922
0.7788076382450866
0.7794600427715314
0.7801103643363534
0.7807586134693631
0.7814048006658478
0.7820489363805252
0.782691031021468
0.7833310949441056
0.7839691384454054
0.7846051717583352
0.7852392050466959
0.7858712484004107
0.7865013118313448
0.787129405269713
0.7877555385611341
0.7883797214643584
0.7890019636496994
0.7896222746981737
0.7902406641013451
0.7908571412618547
0.7914717154946037
0.7920843960285462
0.7926951920090358
0.793304112500662
0.7939111664905044
0.7945163628917253
0.7951197105474164
0.7957212182346153
0.7963208946684042
0.796918748506004
0.7975147883507818
0.7981090227560925
0.7987014602288814
0.7992921092329831
0.7998809781920568
0.8004680754921145
0.8010534094835993
0.8016369884829888
0.8022188207739082
0.802798914607744
0.8033772782037665
0.8039539197487734
0.8045288473962834
0.8051020692653096
0.8056735934387579
0.8062434279614988
0.8068115808381675
0.807378060030753
0.8079428734560383
0.8085060289829592
0.8090675344299448
0.8096273975623066
0.8101856260897393
0.8107422276639911
0.8112972098767601
0.8118505802578657
0.8124023462737345
0.8129525153262387
0.8135010947519121
0.8140480918215591
0.8145935137402682
0.8151373676478266
0.8156796606195277
0.8162203996673504
0.8167595917414878
0.8172972437321845
0.8178333624718467
0.8183679547373767
0.8189010272526788
0.8194325866912836
0.819962639679035
0.8204911927967801
0.8210182525830065
0.8215438255363745
0.8220679181180872
0.8225905367540574
0.8231116878368239
0.823631377727185
0.8241496127555178
0.8246663992227629
0.8251817434010593
0.8256956515340249
0.8262081298366848
0.8267191844950548
0.8272288216654027
0.827737047473206
0.8282438680118431
0.8287492893410506
0.8292533174851909
0.8297559584313767
0.8302572181274991
0.8307571024802146
0.8312556173529386
0.8317527685639012
0.8322485618843143
0.8327430030366996
0.8332360976934228
0.8337278514754756
0.8342182699515404
0.8347073586373704
0.8351951229955084
0.8356815684353585
0.8361667003136255
0.8366505239351193
0.8371330445539202
0.8376142673748918
0.8380941975555196
0.8385728402080483
0.8390502004018807
0.8395262831661999
0.8400010934927683
0.8404746363388523
0.8409469166302215
0.8414179392641666
0.8418877091124793
0.842356231024341
0.8428235098290634
0.8432895503386333
0.8437543573500107
0.8442179356471408
0.8446802900026409
0.845141425179133
0.8456013459301992
0.846060057000943
0.8465175631281512
0.8469738690400552
0.847428979455701
0.8478828990839438
0.8483356326220929
0.8487871847542349
0.8492375601492749
0.8496867634587372
0.8501347993143735
0.8505816723256285
0.851027387077018
0.8514719481254741
0.8519153599977143
0.8523576271876874
0.8527987541541545
0.8532387453184521
0.8536776050624871
0.8541153377270068
0.8545519476101827
0.8549874389665393
0.8554218160062534
0.8558550828948448
0.8562872437532674
0.8567183026584057
0.8571482636439739
0.8575771307018045
0.8580049077835089
0.858431598802484
0.8588572076362325
0.8592817381289594
0.8597051940943984
0.8601275793188248
0.8605488975641978
0.8609691525713827
0.8613883480633934
0.8618064877486024
0.8622235753238593
0.8626396144774667
0.8630546088919593
0.8634685622466415
0.8638814782198394
0.8642933604908289
0.8647042127414115
0.8651140386571103
0.8655228419279721
0.8659306262489642
0.8663373953199658
0.8667431528453589
0.8671479025332328
0.8675516480942234
0.8679543932400136
0.8683561416815299
0.8687568971268744
0.8691566632790343
0.8695554438334173
0.869953242475265
0.8703500628769928
0.8707459086955117
0.8711407835695849
0.8715346911172682
0.8719276349334855
0.872319618587785
0.8727106456223188
0.8731007195500825
0.8734898438534482
0.8738780219830178
0.8742652573568163
0.8746515533598387
0.8750369133439599
0.8754213406282056
0.8758048384993787
0.8761874102130296
0.8765690589947499
0.8769497880417658
0.8773296005247999
0.8777084995901678
0.87808648836207
0.8784635699450374
0.8788397474264836
0.8792150238793228
0.8795894023646004
0.8799628859340942
0.8803354776328383
0.8807071805015262
0.8810779975787536
0.8814479319030618
0.8818169865147494
0.8821851644574235
0.8825524687792683
0.8829189025340126
0.8832844687815857
0.8836491705884562
0.8840130110276536
0.8843759931784826
0.884738120125939
0.8850993949598485
0.8854598207737501
0.8858194006635526
0.8861781377259953
0.886536035056949
0.8868930957495919
0.8872493228925026
0.8876047195677078
0.8879592888487254
0.8883130337986418
0.8886659574682604
0.8890180628943601
0.8893693530980914
0.8897198310835434
0.8900694998365052
0.8904183623234443
0.8907664214907163
0.8911136802640182
0.8914601415480937
0.8918058082266892
0.8921506831627573
0.8924947691989018
0.8928380691580483
0.8931805858443249
0.8935223220441306
0.8938632805273686
0.8942034640488149
0.8945428753495954
0.8948815171587373
0.8952193921947649
0.8955565031673067
0.8958928527786811
0.8962284437254302
0.8965632786997718
0.8968973603909444
0.8972306914864159
0.8975632746729414
0.8978951126374461
0.8982262080677247
0.8985565636529438
0.8988861820839451
0.8992150660533478
0.8995432182554507
0.8998706413859472
0.90019733814146
0.9005233112189113
0.9008485633147504
0.9011730971240545
0.9014969153395297
0.9018200206504371
0.9021424157414677
0.9024641032915959
0.9027850859729356
0.903105366449628
0.9034249473767825
0.9037438313994963
0.9040620211519752
0.9043795192567678
0.9046963283241382
0.9050124509515795
0.905327889723485
0.9056426472109784
0.9059567259719048
0.9062701285509818
0.9065828574801041
0.9068949152787953
0.907206304454789
0.9075170275047316
0.9078270869149843
0.9081364851625056
0.9084452247157945
0.9087533080358713
0.9090607375772704
0.9093675157890252
0.9096736451156203
0.9099791279978862
0.9102839668738203
0.9105881641793098
0.9108917223487417
0.9111946438154855
0.9278813294156254
0.928175341692312
0.9284687459558121
0.9287615445524159
0.9290537398265636
0.9293453341204847
0.9296363297737128
0.9299267291224855
0.9302165344990428
0.9305057482308391
0.9307943726396871
0.9310824100408531
0.9313698627421212
0.9316567330428512
0.9319430232330495
0.9322287355924733
0.9325138723897927
0.9327984358818239
0.9330824283128578
0.9333658519140953
0.9336487089032044
0.9339310014840115
0.9342127318463338
0.9344939021659571
0.9347745146047634
0.9350545713110058
0.9353340744197268
0.9356130260533129
0.9358914283221743
0.9361692833255396
0.9364465931523464
0.9367233598822129
0.9369995855864721
0.9372752723292436
0.9375504221685266
0.937825037157289
0.9380991193445302
0.9383726707762965
0.9386456934966279
0.938918189548415
0.9391901609741491
0.939461609816548
0.9397325381190422
0.9400029479261133
0.9402728412834709
0.940542220238067
0.9408110868379418
0.9410794431319041
0.9413472911690474
0.9416146329981131
0.9418814706667077
0.9421478062203872
0.9424136417016297
0.9426789791487069
0.9429438205944836
0.9432081680651594
0.9434720235789841
0.9437353891449637
0.943998266761588
0.9442606584156001
0.9445225660808337
0.9447839917171402
0.9450449372694273
0.9453054046668274
0.945565395822013
0.9458249126306711
0.9460839569711526
0.9463425307042951
0.9466006356734339
0.946858273704592
0.9471154466068528
0.9473721561729054
0.9476284041797541
0.9478841923895784
0.9481395225507289
0.9483943963988376
0.948648815658027
0.9489027820421896
0.9491562972563182
0.949409362997861
0.9496619809580753
0.9499141528233552
0.9501658802765093
0.9504171649979635
0.9506680086668663
0.9509184129620776
0.9511683795630205
0.9514179101503821
0.9516670064066488
0.9519156700164662
0.9521639026668183
0.9524117060470203
0.952659081848527
0.9529060317645582
0.9531525574895503
0.9533986607184408
0.9536443431458028
0.9538896064648421
0.9541344523662756
0.9543788825371142
0.9546228986593691
0.9548665024087073
0.9551096954530801
0.9553524794513514
0.9555948560519472
0.9558368268915551
0.9560783935938946
0.9563195577685818
0.9565603210101083
0.9568006848969525
0.9570406509908391
0.9572802208361603
0.9575193959595661
0.9577581778697339
0.957996568057316
0.9582345679950686
0.9584721791381569
0.9587094029246288
0.9589462407760483
0.9591826940982761
0.9594187642823795
0.959654452705656
0.9598897607327502
0.9601246897168427
0.960359241000887
0.9605934159188741
0.9608272157970984
0.9610606419554047
0.9612936957083906
0.9615263783665442
0.9617586912372988
0.9619906356259821
0.9622222128366479
0.9624534241727734
0.9626842709378131
0.9629147544355997
0.9631448759705864
0.9633746368479295
0.9636040383734104
0.9638330818532013
0.9640617685934818
0.9642900998999131
0.9645180770769856
0.9647457014272481
0.9649729742504431
0.9651998968425547
0.9654264704947999
0.9656526964925741
0.9658785761143766
0.9661041106307338
0.9663293013031441
0.9665541493830594
0.9667786561109267
0.9670028227153042
0.9672266504120697
0.9674501404037331
0.9676732938788661
0.9678961120116583
0.9681185959616039
0.9683407468733273
0.9685625658765438
0.9687840540861579
0.9690052126024924
0.9692260425116443
0.9694465448859554
0.9696667207845894
0.969886571254201
0.9701060973296832
0.9703253000349763
0.9705441803839235
0.9707627393811535
0.9709809780229756
0.9711988972982656
0.9714164981893324
0.971633781672741
0.9718507487200839
0.972067400298683
0.9722837373722117
0.9724997609012278
0.9727154718436054
0.9729308711548665
0.9731459597884
0.9733607386955743
0.9735752088257393
0.9737893711261223
0.9740032265416241
0.9742167760145201
