0.6574902130284549
0.495874976592269
0.5091224637144565
0.5207269056997043
0.5309410370815459
0.5399889588863747
0.5480578108882619
0.5553007977476091
0.5618427793651103
0.5677857322462877
0.5732133712588927
0.5781948628292237
0.5827877483624597
0.5870402309398665
0.5909929642606712
0.5946804571893866
0.5981321824100106
0.6013734569816173
0.6044261463552885
0.6073092310243927
0.6100392656384915
0.6126307533941641
0.6150964532429246
0.6174476334819744
0.6196942822846577
0.6218452834375052
0.6239085637978619
0.6258912176362974
0.6277996119822905
0.629639476276687
0.6314159789954723
0.6331337934055588
0.6347971542137566
0.636409906551548
0.6379755484829626
0.6394972680171863
0.6409779754410294
0.6424203316509659
0.6438267730538167
0.6451995335143607
0.6465406637533408
0.6478520485374418
0.6491354219513953
0.6503923809995141
0.6516243977480914
0.6528328301899912
0.6540189319873883
0.6551838612271826
0.6563286883054325
0.6574544030416992
0.6585619211110192
0.6596520898699403
0.6607256936434022
0.6617834585309242
0.6628260567834073
0.6638541107956603
0.6648681967544082
0.6658688479768812
0.6668565579710359
0.6678317832449315
0.6687949458896961
0.6697464359578217
0.6706866136561523
0.6716158113708522
0.6725343355398039
0.6734424683862684
0.674340469526214
0.6752285774604483
0.6761070109615722
0.6769759703647726
0.6778356387705886
0.6786861831669928
0.6795277554774252
0.68036049354079
0.6811845220288586
0.681999953306018
0.6828068882358551
0.6836054169386528
0.6843956195035152
0.6851775666585047
0.6859513204018783
0.6867169345972423
0.6874744555352007
0.6882239224638554
0.6889653680903146
0.6896988190551869
0.6904242963818769
0.691141815902346
0.6918513886608676
0.6925530212971871
0.6932467164103773
0.6939324729045846
0.6946102863177644
0.6952801491344194
0.6959420510832762
0.6965959794207661
0.6972419192011079
0.6978798535337328
0.6985097638287359
0.6991316300309877
0.6997454308434939
0.7003511439405493
0.7009487461711896
0.7015382137534154
0.7021195224596206
0.7333007971674426
0.7336533569795549
0.7340008910022828
0.7343433003714789
0.7346804889190238
0.7350123632216043
0.7353388326473312
0.7356598094002114
0.7359752085624871
0.7362849481348576
0.7365889490745896
0.7368871353315326
0.7371794338820448
0.7374657747608411
0.7377460910907725
0.7380203191105427
0.7382883982003745
0.7385502709056311
0.7388058829584022
0.7390551832970633
0.7392981240838155
0.7395346607202165
0.7397647518607104
0.7399883594241672
0.7402054486034384
0.7404159878729437
0.7406199489942953
0.7408173070199734
0.7410080402950627
0.7411921304570641
0.7413695624337922
0.7415403244393745
0.7417044079683633
0.7418618077879785
0.7420125219284925
0.7421565516717782
0.7422939015380317
0.7424245792706905
0.7425485958195657
0.7426659653222025
0.7427767050834956
0.7428808355535726
0.7429783803039725
0.743069366002136
0.7431538223842348
0.7432317822263581
0.7433032813140853
0.7433683584104651
0.7434270552224288
0.7434794163656642
0.7435254893279742
0.7435653244311505
0.7435989747913884
0.743626496278272
0.7436479474723604
0.7436633896214022
0.7436728865952118
0.7436765048392371
0.7436743133268505
0.7436663835103965
0.7436527892710276
0.7436336068673637
0.7436089148830073
0.7435787941729496
0.7435433278089048
0.7435026010236029
0.7434567011540835
0.7434057175840217
0.7433497416851265
0.7432888667576457
0.743223187970019
0.743152802297713
0.7430778084612805
0.7429983068636781
0.7429143995268864
0.742826190027868
0.7427337834339026
0.7426372862373435
0.7425368062898295
0.7424324527359957
0.7423243359467231
0.7422125674519667
0.7420972598732025
0.7419785268555351
0.7418564829995044
0.7417312437926344
0.7416029255407643
0.7414716452992002
0.7413375208037319
0.7412006704015524
0.7410612129821214
0.7409192679080155
0.7407749549458008
0.7406283941969727
0.7404797060290004
0.7403290110065164
0.740176429822691
0.7400220832308311
0.739866091976241
0.7397085767283879
0.7395496580134051
0.7393894561469765
0.7392280911676367
0.7390656827705251
0.738902350241633
0.7387382123925771
0.7385733874959386
0.7384079932212027
0.7382421465713327
0.738075963820016
0.7379095604496144
0.7377430510898534
0.7375765494572838
0.7374101682955478
0.737244019316483
0.7370782131420939
0.7369128592474244
0.7367480659043586
0.736583940126383
0.8271060945011768
0.8269428493379836
0.8267805939137135
0.8266194295273739
0.8264594559617766
0.8263007714345683
0.8261434725504101
0.8259876542543315
0.8258334097862806
0.8256808306368937
0.8255300065045054
0.8253810252534197
0.8252339728734632
0.8250889334408368
0.8249459890802874
0.8248052199286144
0.824666704099529
0.8245305176498804
0.8243967345472654
0.8242654266390343
0.8241366636227067
0.8240105130178071
0.8238870401391362
0.823766308071482
0.8236483776457865
0.823533307416771
0.8234211536420314
0.823311970262608
0.8232058088850372
0.823102718764888
0.8230027467917895
0.8229059374759504
0.822812332936174
0.822721972889369
0.8226348946415576
0.8225511330803783
0.8224707206690843
0.822393687442033
0.8223200610016642
0.8222498665169636
0.8221831267234043
0.822119861924363
0.8220600899940014
0.8220038263816077
0.8219510841173873
0.8219018738196946
0.8218562037036956
0.821814079591449
0.8217755049233959
0.8217404807712432
0.8217090058522281
0.8216810765447499
0.8216566869053529
0.821635828687045
0.8216184913589348
0.8216046621271712
0.8215943259571646
0.8215874655970743
0.8215840616025394
0.821584092362634
0.8215875341270273
0.8215943610343235
0.8216045451415624
0.8216180564548564
0.8216348629611401
0.8216549306610081
0.8216782236026188
0.8217047039166341
0.8217343318521743
0.8217670658137577
0.8218028623992011
0.8218416764384506
0.8218834610333186
0.8219281675980942
0.8219757459010026
0.8220261441064813
0.8220793088182439
0.822135185123103
0.8221937166355202
0.8222548455428529
0.8223185126512673
0.822384657432286
0.822453218069938
0.8225241315084807
0.8225973335006596
0.8226727586564754
0.8227503404924245
0.8228300114811814
0.8229117031016885
0.822995345889622
0.8230808694881996
0.8231682026992972
0.823257273534841
0.823348009268442
0.8234403364872392
0.8235341811439186
0.8236294686088736
0.8237261237224743
0.823824070847412
0.8239232339210866
0.8240235365080011
0.824124901852134
0.8242272529292537
0.8243305124991425
0.8244346031576998
0.8245394473888892
0.8246449676164994
0.8247510862556862
0.8248577257642639
0.8249648086937146
0.8250722577398849
0.8251799957933388
0.8252879459893355
0.825396031757404
0.8255041768704823
0.8256123054935941
0.8257203422320321
0.8258282121790209
0.8259358409628298
0.8260431547933099
0.8261500805078257
0.8262565456165565
0.8263624783471413
0.8264678076886395
0.8265724634347847
0.8266763762265055
0.8267794775936891
0.8268816999961651
0.8269829768638862
0.8782408255597147
0.8786566689643746
0.8790709341924023
0.8794836292878625
0.8798947622383275
0.88030434097539
0.8807123733751682
0.8811188672588063
0.8815238303929691
0.8819272704903299
0.8823291952100568
0.882729612158289
0.8831285288886113
0.8835259529025213
0.883921891649894
0.8843163525294375
0.8847093428891485
0.8851008700267589
0.8854909411901797
0.8858795635779391
0.8862667443396168
0.8866524905762732
0.8870368093408734
0.8874197076387078
0.8878011924278075
0.888181270619355
0.888559949078092
0.8889372346227199
0.8893131340263002
0.889687654016647
0.8900608012767175
0.8904325824449968
0.8908030041158805
0.891172072840052
0.8915397951248556
0.8919061774346676
0.8922712261912601
0.8926349477741654
0.8929973485210326
0.8933584347279829
0.8937182126499605
0.8940766885010797
0.894433868454969
0.8947897586451102
0.8951443651651768
0.8954976940693659
0.8958497513727272
0.8962005430514923
0.8965500750433947
0.8968983532479917
0.8972453835269794
0.8975911717045068
0.8979357235674864
0.8982790448659003
0.8986211413131044
0.8989620185861293
0.8993016823259785
0.8996401381379222
0.8999773915917901
0.9003134482222602
0.9006483135291441
0.9009819929776713
0.901314491998769
0.9016458159893392
0.9019759703125346
0.9023049602980301
0.9026327912422921
0.9029594684088459
0.9032849970285385
0.9036093822998019
0.9039326293889115
0.9042547434302413
0.9045757295265191
0.9048955927490785
0.9052143381381058
0.9055319707028888
0.9058484954220597
0.9061639172438367
0.9064782410862653
0.906791471837453
0.9071036143558059
0.9074146734702605
0.9077246539805152
0.9080335606572566
0.9083413982423871
0.9086481714492478
0.9089538849628415
0.90925854344005
0.9095621515098541
0.9098647137735472
0.9101662348049497
0.91046671915062
0.9107661713300639
0.9110645958359419
0.9113619971342749
0.9116583796646478
0.9119537478404106
0.9122481060488785
0.9125414586515301
0.9128338099842024
0.9131251643572862
0.9134155260559179
0.9137048993401693
0.9139932884452384
0.9142806975816343
0.9145671309353646
0.9148525926681172
0.9151370869174436
0.9154206177969384
0.9157031893964188
0.9159848057821002
0.9162654709967734
0.9165451890599766
0.916823963968169
0.9171017996949009
0.9173787001909823
0.9176546693846511
0.9179297111817394
0.9182038294658368
0.9184770280984551
0.9187493109191887
0.9190206817458749
0.9192911443747533
0.9195607025806224
0.919829360116995
0.9200971207162546
0.9203639880898062
0.9206299659282297
0.9208950579014292
0.9211592676587835
0.9214225988292915
0.9216850550217212
0.9219466398247534
0.9222073568071257
0.9224672095177756
0.9227262014859811
0.9229843362215014
0.9232416172147158
0.9234980479367608
0.9237536318396675
0.9240083723564961
0.9242622729014699
0.9245153368701092
0.9247675676393622
0.9250189685677361
0.925269542995426
0.9255192942444442
0.9257682256187472
0.9260163404043614
0.9262636418695085
0.9265101332647302
0.9267558178230104
0.9270006987598971
0.9272447792736241
0.9274880625452294
0.9277305517386764
0.927972250000969
0.9282131604622704
0.9284532862360183
0.9286926304190399
0.9289311960916655
0.9291689863178417
0.9294060041452433
0.9296422526053848
0.9298777347137296
0.9301124534698
0.9303464118572852
0.9305796128441489
0.9308120593827356
0.9310437544098757
0.9312747008469918
0.9315049016002005
0.9317343595604172
0.9319630776034568
0.9321910585901363
0.9324183053663747
0.932644820763292
0.9328706075973092
0.9330956686702458
0.9333200067694168
0.9335436246677293
0.9337665251237784
0.9339887108819415
0.9342101846724731
0.9344309492115973
0.9346510072016013
0.9348703613309264
0.9350890142742593
0.9353069686926225
0.9355242272334645
0.9357407925307473
0.9359566672050359
0.9361718538635853
0.9363863551004267
0.9366001734964545
0.9368133116195112
0.9370257720244723
0.9372375572533301
0.9374486698352765
0.9376591122867876
0.9378688871117034
0.9380779968013107
0.9382864438344235
0.9384942306774627
0.9387013597845364
0.9389078335975177
0.9391136545461236
0.9393188250479927
0.9395233475087621
0.9397272243221433
0.9399304578699987
0.9401330505224168
0.9403350046377857
0.9405363225628687
0.9407370066328772
0.940937059171543
0.9411364824911914
0.9413352788928128
0.9415334506661338
0.9417310000896876
0.9419279294308851
0.942124240946083
0.9423199368806546
0.942515019469057
0.9427094909348994
0.9429033534910108
0.9430966093395072
0.9432892606718573
0.9434813096689494
0.9436727585011558
0.9438636093283989
0.9440538643002148
0.9442435255558176
0.9444325952241626
0.9446210754240099
0.9448089682639863
0.944996275842648
0.9451830002485416
0.9453691435602656
0.945554707846531
0.9457396951662213
0.9459241075684529
0.9461079470926336
0.9462912157685218
0.9464739156162858
0.94665604864656
0.9468376168605044
0.9470186222498603
0.9471990667970084
0.9473789524750232
0.9475582812477313
0.9477370550697646
0.9479152758866172
0.9480929456346984
0.9482700662413889
0.9484466396250927
0.9486226676952922
0.9487981523526003
0.9489730954888135
0.9491474989869637
0.9493213647213714
0.9494946945576956
0.9496674903529861
0.9498397539557344
0.9500114872059234
0.9501826919350775
0.9503533699663135
0.9505235231143884
0.9506931531857495
0.9508622619785827
0.9510308512828608
0.9511989228803912
0.9513664785448639
0.951533520041899
0.9517000491290923
0.9518660675560645
0.9520315770645046
0.952196579388217
0.952361076253168
0.9525250693775299
0.9526885604717263
0.9528515512384773
0.9530140433728427
0.953176038562267
0.9533375384866226
0.953498544818254
0.9536590592220197
0.9538190833553358
0.9539786188682184
0.9541376674033257
0.9542962305959997
0.9544543100743079
0.9546119074590855
0.954769024363975
0.954925662395468
0.9550818231529449
0.9552375082287156
0.9553927192080597
0.9555474576692652
0.9557017251836689
0.9558555233156947
0.9560088536228923
0.9561617176559771
0.9563141169588665
0.9564660530687196
0.9566175275159741
0.956768541824384
0.9569190975110566
0.9570691960864907
0.9572188390546111
0.9573680279128074
0.9575167641519685
0.9576650492565199
0.9578128847044584
0.9579602719673885
0.9581072125105567
0.958253707792888
0.9583997592670186
0.9585453683793324
0.958690536569994
0.9588352652729843
0.9589795559161324
0.8275323711890182
0.8274856507521287
0.8274382597506458
0.8273902338744978
0.8273416091589761
0.8272924219584076
0.8272427089196795
0.8271925069556328
0.8271418532183448
0.8270907850723195
0.827039340067604
0.8269875559128511
0.8269354704483449
0.8268831216190109
0.8268305474474269
0.8267777860068551
