0.642946890034946
0.642946890034946
0.642946890034946
0.642946890034946
0.642946890034946
0.642946890034946
0.642946890034946
0.642946890034946
0.642946890034946
0.642946890034946
0.642946890034946
0.642946890034946
0.642946890034946
0.642946890034946
0.642946890034946
0.642946890034946
0.642946890034946
0.642946890034946
0.642946890034946
0.642946890034946
0.642946890034946
0.642946890034946
0.642946890034946
0.642946890034946
0.642946890034946
0.642946890034946
0.642946890034946
0.642946890034946
0.642946890034946
0.642946890034946
0.642946890034946
0.642946890034946
0.642946890034946
0.642946890034946
0.642946890034946
0.642946890034946
0.642946890034946
0.642946890034946
0.642946890034946
0.642946890034946
0.642946890034946
0.642946890034946
0.642946890034946
0.642946890034946
0.642946890034946
0.642946890034946
0.642946890034946
0.642946890034946
0.642946890034946
0.642946890034946
0.642946890034946
0.642946890034946
0.642946890034946
0.642946890034946
0.642946890034946
0.642946890034946
0.642946890034946
0.642946890034946
0.642946890034946
0.642946890034946
0.642946890034946
0.642946890034946
0.642946890034946
0.642946890034946
0.642946890034946
0.642946890034946
0.642946890034946
0.642946890034946
0.642946890034946
0.642946890034946
0.642946890034946
0.642946890034946
0.642946890034946
0.642946890034946
0.642946890034946
0.642946890034946
0.642946890034946
0.642946890034946
0.642946890034946
0.642946890034946
0.642946890034946
0.642946890034946
0.642946890034946
0.642946890034946
0.642946890034946
0.642946890034946
0.642946890034946
0.642946890034946
0.642946890034946
0.642946890034946
0.7408349643870482
0.7394777304459272
0.7381840685311201
0.7369525407376525
0.7357817181929469
0.7346701831241758
0.7336165306931401
0.7326193706180854
0.731677328600431
0.7307890475730492
0.7299531887854456
0.7291684327400471
0.7284334799926895
0.7277470518293865
0.7271078908305159
0.726514761332681
0.7259664497976926
0.7254617650973519
0.724999538722036
0.7245786249204178
0.7241979007770714
0.7238562662341498
0.7235526440628212
0.7232859797896628
0.7230552415827973
0.7228594201021292
0.7226975283176976
0.7225686012997902
0.7224716959841723
0.7224058909154834
0.7164467074723726
0.7164944335927145
0.7165712215185869
0.7166761707766154
0.7168084042205686
0.7169670675421477
0.7171513287818606
0.7173603778411184
0.7175934259965754
0.7178497054176074
0.7181284686877332
0.718428988330664
0.7187505563416081
0.7190924837243503
0.7194541000345782
0.7198347529298428
0.7202338077264971
0.7206506469638945
0.7210846699760795
0.7215352924711679
0.7220019461185703
0.7224840781441669
0.7229811509335345
0.7234926416432684
0.7240180418204439
0.7245568570302159
0.7251086064915515
0.7256728227210654
0.7262490511849098
0.726836849958661
0.7274357893951329
0.7280454518000254
0.7286654311153268
0.7292953326103568
0.7299347725803521
0.730583378052472
0.7312407864991076
0.7319066455583716
0.7325806127616364
0.7332623552679952
0.7339515496055085
0.7346478814191042
0.735351045224995
0.7360607441714749
0.7367766898059599
0.7374986018481334
0.7382262079690656
0.7389592435761618
0.7396974516038147
0.7404405823096178
0.741188393076016
0.7419406482172539
0.7426971187915012
0.7434575824180194
0.7442218230992511
0.7449896310477039
0.7457608025175088
0.7465351396405355
0.747312450266943
0.7480925478100561
0.7488752510954513
0.7496603842141416
0.7504477763797575
0.7512372617896093
0.752028679489537
0.7528218732424394
0.7536166914003893
0.7544129867802328
0.7552106165425839
0.756009442074118
0.7568093288730801
0.7576101464379126
0.7584117681589252
0.7592140712129181
0.7600169364606819
0.7608202483472916
0.7616238948051195
0.7624277671594921
0.7632317600369195
0.7640357712758223
0.7648397018396904
0.7656434557326065
0.7664469399170672
0.7672500642340367
0.7680527413251769
0.7688548865571856
0.7696564179481926
0.7704572560961493
0.7712573241091606
0.7720565475377039
0.7728548543086853
0.7736521746612757
0.774448441084485
0.7752435882564207
0.7760375529851871
0.776830274151377
0.7776216926521149
0.7784117513466063
0.7792003950031519
0.7799875702475859
0.7807732255131007
0.7815573109914171
0.7823397785852637
0.7831205818621311
0.7838996760092622
0.7846770177898476
0.7854525655003927
0.7862262789292193
0.7869981193160797
0.7877680493128428
0.78853603294523
0.7893020355755679
0.7900660238665318
0.7908279657458523
0.7915878303719592
0.792345588100535
0.7931012104519564
0.793854670079596
0.7946059407389654
0.7953549972576692
0.7961018155061578
0.7968463723692478
0.7975886457183955
0.7983286143846997
0.799066258132617
0.7998015576343659
0.8005344944450055
0.8012650509781682
0.8019932104824297
0.8027189570182974
0.8034422754358037
0.8041631513526842
0.8048815711331286
0.8055975218670861
0.8063109913501119
0.8070219680637405
0.8077304411563707
0.8084364004246497
0.8091398362953413
0.8098407398076678
0.8105391025961117
0.811234916873663
0.8119281754155039
0.812618871543118
0.8133069991088102
0.813992552480631
0.8146755265276897
0.8153559166058507
0.8160337185437995
0.8167089286294698
0.8173815435968232
0.8180515606129704
0.8187189772656255
0.8193837915508867
0.8200460018613307
0.8207056069744179
0.8213626060411944
0.8220169985752881
0.8226687844421889
0.8233179638488052
0.8239645373332903
0.8246085057551328
0.8252498702855013
0.8258886323978392
0.8265247938587025
0.8271583567188338
0.8277893233044675
0.8284176962088584
0.8290434782840298
0.8296666726327342
0.8302872826006226
0.8309053117686145
0.8315207639454666
0.832133643160532
0.8327439536567076
0.8333516998835634
0.8339568864906495
0.8345595183209757
0.8351596004046605
0.8357571379527446
0.8363521363511631
0.8369446011548756
0.8375345380821475
0.8381219530089795
0.8387068519636819
0.8392892411215899
0.8398691267999153
0.8404465154527331
0.8410214136660975
0.8415938281532857
0.8421637657501654
0.8427312334106822
0.843296238202467
0.8438587873025547
0.8444188879932181
0.8449765476579086
0.8455317737773044
0.8460845739254615
0.8466349557660665
0.847182927048787
0.8477284956057187
0.8482716693479261
0.8488124562620737
0.849350864407147
0.8498869019112605
0.850420576968548
0.8509518978361391
0.8514808728312128
0.8520075103281306
0.8525318187556477
0.8530538065941952
0.8535734823732382
0.8540908546687037
0.8546059321004765
0.8551187233299643
0.8556292370577271
0.8561374820211713
0.8566434669923062
0.8571472007755614
0.8576486922056629
0.8581479501455693
0.8586449834844615
0.8591398011357897
0.859632412035373
0.8601228251395521
0.8606110494233925
0.8610970938789384
0.8615809675135133
0.8620626793480706
0.8625422384155883
0.8630196537595096
0.8634949344322277
0.8639680894936126
0.8644391280095802
0.8649080590507029
0.8653748916908582
0.8658396350059181
0.866302298072474
0.866762889966601
0.8672214197626561
0.8676778965321122
0.8681323293424268
0.8685847272559433
0.8690350993288248
0.8694834546100207
0.8699298021402624
0.8703741509510904
0.8708165100639114
0.8712568884890821
0.8716952952250229
0.8721317392573575
0.8725662295580802
0.8729987750847479
0.8734293847796986
0.8738580675692939
0.8742848323631852
0.8747096880536048
0.8751326435146777
0.8755537076017572
0.8759728891507822
0.876390196977655
0.8768056398776402
0.8772192266247831
0.877630965971349
0.8780408666472809
0.8784489373596747
0.8788551867922751
0.879259623604987
0.8796622564334053
0.8800630938883615
0.8804621445554861
0.8808594169947876
0.8812549197402471
0.8816486612994276
0.8820406501530988
0.8824308947548758
0.8828194035308721
0.8832061848793663
0.8835912471704824
0.8839745987458826
0.8843562479184729
0.8847362029721222
0.8851144721613917
0.885491063711277
0.8858659858169613
0.8862392466435812
0.8866108543260005
0.886980816968597
0.8873491426450587
0.8877158393981905
0.8880809152397295
0.8884443781501714
0.888806236078605
0.8891664969425561
0.8895251686278406
0.8898822589884251
0.8902377758462975
0.8905917269913435
0.8909441201812335
0.8912949631413147
0.8916442635645129
0.8919920291112396
0.8923382674093082
0.892682986053855
0.8930261926072687
0.8933678945991251
0.8937080995261296
0.8940468148520639
0.8943840480077405
0.8947198063909622
0.8950540973664872
0.8953869282660004
0.8957183063880892
0.8960482389982252
0.8963767333287505
0.8967037965788691
0.8970294359146437
0.8973536584689957
0.8976764713417114
0.8979978815994514
0.8983178962757645
0.8986365223711066
0.8989537668528622
0.8992696366553709
0.8995841386799573
0.8998972797949647
0.900209066835792
0.900519506604935
0.9008286058720291
0.9011363713738982
0.9014428098146041
0.9017479278655003
0.902051732165288
0.9023542293200764
0.902655425903444
0.9029553284565036
0.90325394348797
0.9035512774742294
0.9038473368594127
0.9041421280554695
0.9044356574422452
0.9047279313675609
0.9050189561472944
0.9053087380654635
0.9055972833743121
0.9058845982943972
0.9061706890146777
0.9064555616926071
0.9067392224542246
0.9070216773942504
0.9073029325761821
0.9075829940323916
0.9078618677642248
0.9081395597421025
0.9084160759056211
0.9086914221636581
0.9089656043944739
0.9092386284458205
0.9095105001350468
0.9097812252492067
0.9100508095451695
0.910319258749729
0.9105865785597156
0.9108527746421078
0.911117852634146
0.9113818181434462
0.9116446767481149
0.9119064339968644
0.9121670954091297
0.9124266664751852
0.9126851526562627
0.9129425593846695
0.9131988920639077
0.9134541560687933
0.9137083567455773
0.9139614994120651
0.9142135893577382
0.9144646318438762
0.9147146321036776
0.9149635953423833
0.9152115267373984
0.9154584314384161
0.9157043145675402
0.9159491812194093
0.9161930364613203
0.9164358853333531
0.916677732848494
0.9169185839927609
0.917158443725328
0.9173973169786499
0.9176352086585873
0.9178721236445315
0.91810806678953
0.918343042920411
0.9185770568379088
0.9188101133167894
0.9190422171059753
0.9192733729286706
0.9195035854824868
0.9197328594395668
0.9199611994467113
0.9201886101255023
0.9204150960724296
0.9206406618590136
0.9208653120319319
0.9210890511131422
0.921311883600008
0.9215338139654213
0.9217548466579277
0.9219749861018499
0.9221942366974111
0.9224126028208585
0.9226300888245865
0.9228466990372597
0.923062437763935
0.9232773092861851
0.9234913178622195
0.9237044677270069
0.9239167630923968
0.9241282081472406
0.9243388070575131
0.9245485639664324
0.9247574829945805
0.9249655682400237
0.9251728237784319
0.9253792536631981
0.925584861925557
0.9257896525747046
0.9259936295979153
0.9261967969606605
0.926399158606726
0.9266007184583289
0.9268014804162349
0.9270014483598741
0.927200626147457
0.9273990176160907
0.9275966265818929
0.927793456840108
0.9279895121652204
0.9281847963110688
0.9283793130109593
0.9285730659777793
0.9287660589041091
0.9289582954623349
0.9291497793047596
0.9293405140637154
0.9295305033516732
0.929719750761354
0.9299082598658388
0.9300960342186771
0.9302830773539972
0.930469392786614
0.9306549840121372
0.9308398545070792
0.931024007728962
0.931207447116424
0.9313901760893264
0.9315721980488584
0.9317535163776434
0.9319341344398427
0.9321140555812613
0.9322932831294497
0.9324718203938095
0.9326496706656948
0.932826837218515
0.933003323307837
0.9331791321714864
0.9333542670296485
0.9335287310849691
0.9337025275226536
0.9338756595105678
0.934048130199336
0.9342199427224396
0.9343911001963158
0.9345616057204547
0.9347314623774962
0.9349006732333269
0.9350692413371766
0.9352371697217131
0.9354044614031379
0.9355711193812808
0.9357371466396941
0.9359025461457459
0.9360673208507141
0.9362314736898782
0.9363950075826128
0.9365579254324777
0.9367202301273108
0.9368819245393177
0.9370430115251629
0.9372034939260593
0.9373633745678571
0.937522656261134
0.9376813418012818
0.9378394339685963
0.9379969355283632
0.9381538492309457
0.9383101778118715
0.9384659239919181
0.9386210904771987
0.9387756799592474
0.9389296951151038
0.9390831386073971
0.9392360130844299
0.9393883211802619
0.9395400655147914
0.9396912486938394
0.93984187330923
0.9399919419388727
0.9401414571468433
0.9402904214834638
0.940438837485383
0.9405867076756564
0.9407340345638247
0.9408808206459925
0.9410270684049077
0.9411727803100374
0.9413179588176473
0.9414626063708774
0.9416067253998188
0.9417503183215898
0.9418933875404117
0.9420359354476837
0.9421779644220577
0.942319476829513
0.9424604750234298
0.9426009613446626
0.9427409381216139
0.942880407670306
0.9430193722944538
0.9431578342855363
0.943295795922868
0.9434332594736702
0.9435702271931408
0.9437067013245249
0.9438426840991849
0.943978177736669
0.9441131844447805
0.9442477064196464
0.944381745845785
0.9445153048961744
0.9446483857323189
0.9447809905043165
0.9449131213509251
0.9450447803996288
0.9451759697667034
0.9453066915572818
0.9454369478654189
0.9455667407741563
0.945696072355586
0.9458249446709149
0.9459533597705279
0.9460813196940501
0.9462088264704107
0.9463358821179048
0.9464624886442545
0.9465886480466721
0.9467143623119195
0.9468396334163699
0.9469644633260683
0.9470888539967911
0.9472128073741062
0.9473363253934317
0.9474594099800958
0.9475820630493949
0.9477042865066514
0.9478260822472726
0.9479474521568078
0.9480683981110051
0.9481889219758689
0.9483090256077162
