8.65523995501006	0.1035707040591057	371
7.813532631986428	0.11346188205745783	423
8.651193678574533	0.10361412622150368	370
7.333415645496686	0.11999881471655531	417
6.576275932874414	0.13199096876354177	459
6.576275932874414	0.13199096876354177	459
6.576275932874414	0.13199096876354177	459
4.070230286172016	0.19722970034069046	547
4.070230286172016	0.19722970034069046	547
3.34294872549252	0.23025830218306184	598
2.858663683521574	0.25915707665078475	662
2.858663683521574	0.25915707665078475	662
2.7740824680545777	0.26496506328741376	628
2.6765989996390793	0.27199049994251945	639
2.6032939722643564	0.2775238455971959	647
2.144292249130095	0.3180365948097419	627
2.144292249130095	0.3180365948097419	627
2.006047909309985	0.33266269539581034	661
2.006047909309985	0.33266269539581034	661
1.8599810198366358	0.3496526700925871	651
1.8599810198366358	0.3496526700925871	651
1.670814673990411	0.37441759240670935	651
1.4211338279800985	0.4130296262203231	664
1.4211338279800985	0.4130296262203231	664
1.4211338279800985	0.4130296262203231	664
1.401694187749127	0.4163727443322841	665
1.401694187749127	0.4163727443322841	665
1.2688614115589254	0.4407497059562153	665
1.2688614115589254	0.4407497059562153	665
1.2523975967013858	0.44397134922559417	665
1.2523945278433488	0.4439719541307413	665
1.2247029792502593	0.4494982068738934	664
1.2247029792502593	0.4494982068738934	664
1.1710712288094496	0.4606021150896878	665
1.1710712288094496	0.4606021150896878	665
1.1710712288094496	0.4606021150896878	665
1.1463211368771935	0.46591350325839764	664
1.1463211368771935	0.46591350325839764	664
1.1441892492973267	0.46637674371686666	665
1.1439764081717019	0.46642304280426305	667
1.1439764081717019	0.46642304280426305	667
1.1439764081717019	0.46642304280426305	667
1.1325100661409566	0.46893096350519226	665
1.1317949942730168	0.46908825787022695	667
1.1317949942730168	0.46908825787022695	667
1.1313267864284131	0.4691913067332849	667
1.1313267864284131	0.4691913067332849	667
1.1130138720208766	0.47325765970651423	667
1.1130138720208766	0.47325765970651423	667
1.0988498739722752	0.4764514186559726	667
1.0988498739722752	0.4764514186559726	667
1.0988498739722752	0.4764514186559726	667
1.0988498739722752	0.4764514186559726	667
1.0862473354649826	0.4793295516790295	667
1.0862473354649826	0.4793295516790295	667
1.0862473354649826	0.4793295516790295	667
1.0862473354649826	0.4793295516790295	667
1.0862473354649826	0.4793295516790295	667
1.0826579763825255	0.4801556526996098	667
1.0820744510104099	0.4802902218576814	667
1.0815340358271843	0.4804149164933584	667
1.0820744510104099	0.4802902218576814	667
1.0820744510104099	0.4802902218576814	667
1.0806458779472639	0.48061998949412094	667
1.0806458779472639	0.48061998949412094	667
1.0806458779472639	0.48061998949412094	667
1.0806458779472639	0.48061998949412094	667
1.0806458779472639	0.48061998949412094	667
1.080264881718086	0.4807080140554516	667
1.080264881718086	0.4807080140554516	667
1.080264881718086	0.4807080140554516	667
1.0801095113639199	0.4807439197488712	667
1.079812365858326	0.4808126042597626	667
1.079812365858326	0.4808126042597626	667
1.079812365858326	0.4808126042597626	667
1.079812365858326	0.4808126042597626	667
1.07965699550416	0.4808485255798519	667
1.07965699550416	0.4808485255798519	667
1.07965699550416	0.4808485255798519	667
1.079310795362441	0.4809285856786463	667
1.078847759053554	0.48103570626801184	667
1.0783952834026278	0.4811404298237523	667
1.0717762016028072	0.48267761702560386	667
1.0717762016028072	0.48267761702560386	667
1.0625157106302172	0.48484479165225	668
0.672988972160778	0.5977325712484719	683
0.672988972160778	0.5977325712484719	683
0.672988972160778	0.5977325712484719	683
0.672988972160778	0.5977325712484719	683
0.6662598706597035	0.6001464823155593	683
0.6662598706597035	0.6001464823155593	683
0.6662598706597035	0.6001464823155593	683
0.6649301715929118	0.6006257902355484	683
0.6649301715929118	0.6006257902355484	683
0.6649301715929118	0.6006257902355484	683
0.6630518287653051	0.6013041702629479	683
0.6630518287653051	0.6013041702629479	683
0.6630518287653051	0.6013041702629479	683
0.6630518287653051	0.6013041702629479	683
0.6630390654224548	0.6013087850981865	683
0.6630390654224548	0.6013087850981865	683
