5.967631616328095	0.14352079086049538	476
4.752965796875543	0.1738233869812165	517
4.515514885051891	0.18130673578820228	485
4.515514885051891	0.18130673578820228	485
4.515514885051891	0.18130673578820228	485
4.515514885051891	0.18130673578820228	485
4.515514885051891	0.18130673578820228	485
4.450070821572578	0.18348385419906477	495
4.114128473337907	0.19553673811939196	515
4.501273705982686	0.18177608558405134	486
4.138228680772189	0.19461959794473704	512
4.138228680772189	0.19461959794473704	512
4.1375721860560555	0.19464446703330254	512
2.989525910167271	0.25065634927987535	568
3.1003219486968283	0.2438832883154021	561
3.068453612614015	0.24579363444124214	563
2.661698434606921	0.2730973120421231	577
2.0308241232396758	0.32994326273577723	664
1.8470573815018805	0.3512398473235126	669
1.656808519189284	0.3763914458935665	679
1.656808519189284	0.3763914458935665	679
1.6557806261382926	0.3765371243987408	679
1.6319304174985676	0.3799492544907085	679
1.4807968471348643	0.40309628785401175	678
1.4684093518479084	0.4051191911306675	676
1.4684093518479084	0.4051191911306675	676
1.3730296579151724	0.42140223433977264	686
1.3327075379499758	0.42868640141610614	676
1.2129548472228155	0.4518845024131273	683
1.1878241878811104	0.45707511853065835	683
1.0550757721023152	0.4866000629149617	683
1.0856238962155926	0.47947283391531936	683
1.063446634993025	0.4846260538273529	683
0.9665884598504457	0.5084947971656701	688
0.9665884598504457	0.5084947971656701	688
0.9315856371583888	0.517709378638334	689
0.9201528392030976	0.5207918763461664	689
0.9201528392030976	0.5207918763461664	689
0.9201528392030976	0.5207918763461664	689
0.8868474977103213	0.5299845383442457	690
0.8868474977103213	0.5299845383442457	690
0.8297064171399668	0.5465357669582371	679
0.8074831726011931	0.5532554964596852	683
0.8074831726011931	0.5532554964596852	683
0.7963893413744283	0.5566721962594667	683
0.7960687640171134	0.5567715557634807	683
0.7663102236745256	0.5661519627733684	686
0.7663102236745256	0.5661519627733684	686
0.7663102236745256	0.5661519627733684	686
0.7486431156272471	0.5718719795155542	686
0.7486431156272471	0.5718719795155542	686
0.7367566781540176	0.5757858959626346	687
0.7472695386440382	0.5723215439193464	686
0.7480852446008586	0.5720544825194327	686
0.7214206829422806	0.5809155251293853	687
0.7197362727411187	0.5814845077414584	687
0.7100546357966648	0.5847766375804297	687
0.7016009597855852	0.5876818499949645	687
0.7016009597855852	0.5876818499949645	687
0.6990174648612915	0.5885754682819817	687
0.6990174648612915	0.5885754682819817	687
0.6976740250120543	0.5890412324550348	687
0.6976740250120543	0.5890412324550348	687
0.697160868295243	0.5892193360576807	687
0.697160868295243	0.5892193360576807	687
0.6965953616260558	0.5894157337796663	687
0.6965953616260558	0.5894157337796663	687
0.6965953616260558	0.5894157337796663	687
0.6965953616260558	0.5894157337796663	687
0.6965953616260558	0.5894157337796663	687
0.6965953616260558	0.5894157337796663	687
0.6965953616260558	0.5894157337796663	687
0.694288314979374	0.5902183183103484	687
0.6024338389914121	0.624050725632086	691
0.6024338389914121	0.624050725632086	691
0.6024338389914121	0.624050725632086	691
0.6024338389914121	0.624050725632086	691
0.6024338389914121	0.624050725632086	691
0.5941848086931419	0.6272798451891947	691
0.5569031860367794	0.6423006960025429	691
0.5563789254718777	0.6425170526495085	691
0.5569031860367794	0.6423006960025429	691
0.555614891571745	0.6428326222755755	691
0.5543197706319711	0.6433682559370714	691
0.5543197706319711	0.6433682559370714	691
0.5543197706319711	0.6433682559370714	691
0.5491436190002245	0.6455179414839363	691
0.5455284335242613	0.6470278891729637	691
0.5419670754549679	0.6485222777567693	691
0.5419289504970566	0.6485383127916755	691
0.5418643100147598	0.648565501843951	691
0.539595701752859	0.6495211690065652	691
0.5390150598583697	0.6497662213208144	691
0.536855248256109	0.6506793669310846	691
0.5332213140973979	0.6522215617571795	691
0.5330224511446793	0.6523061676319996	691
0.5263034763113293	0.6551776992716642	691
0.5257171750321605	0.655429470392454	691
0.5257171750321605	0.655429470392454	691
0.5245972187659581	0.6559109433568437	691
0.5245972187659581	0.6559109433568437	691
