8.167867400326461	0.10907662123956884	380
5.522665779343507	0.15331154988300627	488
5.522665779343507	0.15331154988300627	488
5.83818217365104	0.14623769513675888	487
5.404923486166246	0.15612989010092979	486
4.578589697307997	0.17925677532487463	471
4.545885225886922	0.1803138650133308	499
4.547885133210222	0.18024886528632236	489
3.445201284047859	0.22496169151858672	553
2.288258398435446	0.3041123533587872	665
2.181242790761246	0.31434255911058834	655
1.037264473975088	0.49085428660561237	671
1.037264473975088	0.49085428660561237	671
1.037264473975088	0.49085428660561237	671
1.014831120811139	0.49631951267330826	672
0.9689380836244422	0.5078879870915948	675
0.9502291268794717	0.5127602629953963	678
0.9363569572987493	0.5164337062082897	676
0.9363569572987493	0.5164337062082897	676
0.8704325777752787	0.5346356836820151	678
0.8597136962863795	0.5377171776477624	678
0.7728048771658771	0.5640778705430154	676
0.7728048771658771	0.5640778705430154	676
0.7728048771658771	0.5640778705430154	676
0.7727034154148658	0.56411015588074	676
0.7532556983086652	0.570367460356571	676
0.6854253867449818	0.5933220229530742	678
0.7268031353715209	0.5791048090637445	677
0.6628731596426333	0.6013687780100493	678
0.6210238418985221	0.616894072840294	687
0.5652857463405249	0.6388609890161563	689
0.5652857463405249	0.6388609890161563	689
0.5652857463405249	0.6388609890161563	689
0.5557777837821575	0.6427653167594156	690
0.5557777837821575	0.6427653167594156	690
0.544543631172409	0.6474404347133496	691
0.49595127693209773	0.6684709692222086	691
0.49392536069802573	0.6693774845168686	690
0.4770717900741682	0.6770151638667387	690
0.47573799267515726	0.6776270618250066	690
0.46706206769314085	0.6816344188984688	690
0.46706206769314085	0.6816344188984688	690
0.46706206769314085	0.6816344188984688	690
0.46706206769314085	0.6816344188984688	690
0.4633204135880415	0.6833773319323918	690
0.4633204135880415	0.6833773319323918	690
0.46209794406485505	0.6839487081281624	690
0.4495225979215412	0.6898823112063875	690
0.4495225979215412	0.6898823112063875	690
0.4495225979215412	0.6898823112063875	690
0.4495225979215412	0.6898823112063875	690
0.4493620464379554	0.6899587321592032	690
0.44575629907476366	0.6916795041045071	690
0.43257780414350494	0.69804236608138	690
0.43257780414350494	0.69804236608138	690
0.42948738570589157	0.6995514685889953	689
0.42948738570589157	0.6995514685889953	689
0.4294469576255689	0.6995712535294656	689
0.42028353959067977	0.7040847634467384	690
0.42028353959067977	0.7040847634467384	690
0.42028353959067977	0.7040847634467384	690
0.41674798230103777	0.7058418381339998	690
0.41198247815418326	0.7082240859725483	689
0.41198247815418326	0.7082240859725483	689
0.41198247815418326	0.7082240859725483	689
0.4073414909976832	0.7105595950923658	689
0.4073414909976832	0.7105595950923658	689
0.4070849861212528	0.710689126714786	689
0.4060137875812284	0.7112305788411253	689
0.4060137875812284	0.7112305788411253	689
0.40375987429474985	0.7123725491173487	689
0.40375987429474985	0.7123725491173487	689
0.40375987429474985	0.7123725491173487	689
0.4017815024075826	0.7133779396307368	689
0.40118432795056214	0.7136819760628118	689
0.40118432795056214	0.7136819760628118	689
0.40112254969905153	0.7137134437061133	689
0.40104025520176634	0.7137553659055914	689
0.4000566212274088	0.71425682707269	689
0.4000566212274088	0.71425682707269	689
0.3913389474912086	0.7187321262034309	689
0.3913389474912086	0.7187321262034309	689
0.3913389474912086	0.7187321262034309	689
0.3913389474912086	0.7187321262034309	689
0.390978045517025	0.718918607826266	689
0.390978045517025	0.718918607826266	689
0.390978045517025	0.718918607826266	689
0.390978045517025	0.718918607826266	689
0.3904796805741448	0.7191762770579205	689
0.3901573220371492	0.7193430442351596	689
0.3901573220371492	0.7193430442351596	689
0.3901573220371492	0.7193430442351596	689
0.3822176837380858	0.7234750443183365	690
0.3822176837380858	0.7234750443183365	690
0.3822176837380858	0.7234750443183365	690
0.3822176837380858	0.7234750443183365	690
0.38165334094369924	0.7237705510971213	689
0.3811329375488665	0.7240432639125431	690
0.37925300532933515	0.7250301403267359	690
0.37781357749169675	0.725787592992439	690
0.37781357749169675	0.725787592992439	690
