8.654931972183968	0.10357400786261549	376
8.434752176202066	0.10599112529127896	377
8.1986400103726  	0.10871172247988581	377
8.004730818231975	0.11105273663209224	375
6.844484389340821	0.12747810440655755	461
5.194609847700455	0.16143066707763962	466
5.299242376299355	0.15874924955459083	482
4.539005710520712	0.18053781712133166	503
4.242308874263717	0.1907556429781048	518
4.539005710520712	0.18053781712133166	503
4.251592708092682	0.19041842267375464	518
4.078650783268021	0.19690268984324966	522
3.468900700544572	0.22376867758062782	607
3.468900700544572	0.22376867758062782	607
3.988235751763165	0.2004716797209385	521
3.988235751763165	0.2004716797209385	521
3.6905370443617693	0.213195203564599	547
3.396999080777036	0.2274278392214902	595
2.9580387136423405	0.25265038377549404	628
3.468900700544572	0.22376867758062782	607
3.468900700544572	0.22376867758062782	607
3.618079358593942	0.21654023726098726	524
3.618079358593942	0.21654023726098726	524
3.614163378202241	0.21672401214142045	524
3.6131055888514  	0.21677370715656785	524
3.6127470875308814	0.2167905547440889	524
3.6127470875308814	0.2167905547440889	524
3.6127470875308814	0.2167905547440889	524
3.5995303556006712	0.21741350152898511	528
3.5994396291552087	0.21741779012841891	528
3.581847584894179	0.21825256765346893	526
3.599261860453416	0.21742619366782817	528
3.5178133561692024	0.22134601878461213	532
3.5178133561692024	0.22134601878461213	532
3.5104005020866396	0.22170980149930622	532
3.5178133561692024	0.22134601878461213	532
3.5028922118315573	0.22207948868339636	532
3.5018801397482267	0.22212941459075056	527
3.458093264265344	0.22431114396275234	536
3.436584871233942	0.2253985957721285	536
3.4224420776767026	0.22611941150065726	532
3.4178291937562273	0.226355514471522	536
3.417700455430535	0.2263621108060264	536
3.4140227926366147	0.2265507105373765	536
3.36892041450964	0.2288894978903474	536
3.3627219857728443	0.2292146974437228	536
3.3627219857728443	0.2292146974437228	536
3.3627219857728443	0.2292146974437228	536
3.355799519173572	0.2295789775443408	536
3.3557854784872148	0.22957971758225906	536
3.3557854784872148	0.22957971758225906	536
3.3556704864506273	0.22958577860991627	536
3.296668750750171	0.23273844413195838	538
3.296668750750171	0.23273844413195838	538
3.288816822425462	0.23316453963973877	538
3.288816822425462	0.23316453963973877	538
3.288816822425462	0.23316453963973877	538
3.2881275349475763	0.233202019261357	538
3.2881275349475763	0.233202019261357	538
3.2869724581031763	0.23326485294063734	538
3.2869724581031763	0.23326485294063734	538
3.2869724581031763	0.23326485294063734	538
3.2869724581031763	0.23326485294063734	538
3.2867354732078122	0.23327774859214456	538
3.2865117272720266	0.23328992514769317	538
3.285779321136052	0.23332979256965686	538
3.285779321136052	0.23332979256965686	538
3.285779321136052	0.23332979256965686	538
3.2850716478865336	0.23336832664004953	538
3.2850716478865336	0.23336832664004953	538
3.284222942530368	0.2334145569486576	538
2.5481085249477764	0.281840308144103	637
2.5481085249477764	0.281840308144103	637
2.5481085249477764	0.281840308144103	637
2.5377582325034647	0.2826648782306298	637
2.5377093938446946	0.28266878046566307	637
1.6307975094271903	0.380112873155993	653
1.6235965012190794	0.38115617227547766	653
1.6235965012190794	0.38115617227547766	653
1.5874470930793425	0.3864813323815219	666
1.5874470930793425	0.3864813323815219	666
1.587429922126851	0.38648389718628834	666
1.587429922126851	0.38648389718628834	666
1.3552394899111098	0.4245852722339253	665
1.2953050553915253	0.43567193722292546	671
1.2373079383389218	0.4469657407743545	672
1.2373079383389218	0.4469657407743545	672
1.2274590495219884	0.4489420356412835	671
1.2208835812061007	0.45027123819652337	671
1.195929624085481	0.45538800015800185	677
1.1754965337763013	0.45966517733961443	677
1.0444713649233546	0.48912399418100394	676
1.030725340028654	0.49243488535278224	676
1.030725340028654	0.49243488535278224	676
1.030725340028654	0.49243488535278224	676
1.030154217937945	0.49257341691790957	676
0.9694969779554156	0.507743861093976	676
0.924533400040087	0.5196064666787131	676
0.9211617528562911	0.5205183782746289	676
0.9193209799109775	0.5210175944861407	676
0.9193209799109775	0.5210175944861407	676
