8.651192918226378	0.1036141343845163	369
6.978240951016842	0.12534091238151288	583
6.978240951016842	0.12534091238151288	583
5.3116896702552925	0.15843617988898248	518
6.978240951016842	0.12534091238151288	583
6.978240951016842	0.12534091238151288	583
6.978240951016842	0.12534091238151288	583
6.416207316645065	0.1348398119555777	398
5.238145598105112	0.16030404938027706	537
5.238145598105112	0.16030404938027706	537
3.055994777084471	0.24654864095234846	609
2.7532217688992344	0.26643775976320355	635
2.5662208499549712	0.2804088815791166	636
2.5437429594931413	0.28218750948658794	637
2.5449494721792054	0.28209146783276	652
2.536764860454341	0.28274427038712935	637
2.4357928849415376	0.29105363259316946	645
1.8676405701415748	0.3487187377707626	683
1.8588475579147563	0.34979129867610015	669
0.9006673809017705	0.5261309843311724	688
0.9006673809017705	0.5261309843311724	688
0.9006673809017705	0.5261309843311724	688
0.9006673809017705	0.5261309843311724	688
0.8962564808516977	0.5273548225664353	688
0.8962564808516977	0.5273548225664353	688
0.8930982846271919	0.5282345920021423	688
0.8552220203913834	0.5390190440867217	687
0.8552220203913834	0.5390190440867217	687
0.8552220203913834	0.5390190440867217	687
0.8418547026429886	0.5429309915516352	687
0.8418547026429886	0.5429309915516352	687
0.8418547026429886	0.5429309915516352	687
0.8417884515854692	0.5429505213474266	687
0.840223973167911	0.543412114275698	687
0.8251197772044593	0.5479092454587844	686
0.7856954657342279	0.5600059020079485	685
0.7856954657342279	0.5600059020079485	685
0.7856954657342279	0.5600059020079485	685
0.7856954657342279	0.5600059020079485	685
0.7856954657342279	0.5600059020079485	685
0.7856954657342279	0.5600059020079485	685
0.7724895947336247	0.5641782061633389	685
0.7724895947336247	0.5641782061633389	685
0.7627476448259211	0.5672961770422642	685
0.7681812523864822	0.5655528801984062	685
0.7681812523864822	0.5655528801984062	685
0.7681812523864822	0.5655528801984062	685
0.7646254519587421	0.5666924949370958	685
0.7618135224695073	0.5675969603175228	685
0.7599813882685594	0.5681878266813852	685
0.7559731356885242	0.5694847943148605	685
0.7559731356885242	0.5694847943148605	685
0.7444222851864045	0.5732556895724034	685
0.7444222851864045	0.5732556895724034	685
0.7444222851864045	0.5732556895724034	685
0.74068082353498	0.5744878592786453	685
0.739492500102148	0.5748803170702244	685
0.7102966097293214	0.5846939029822811	685
0.7102966097293214	0.5846939029822811	685
0.7102966097293214	0.5846939029822811	685
0.7102693790947845	0.5847032123847545	685
0.7102693790947845	0.5847032123847545	685
0.7094705356493566	0.5849764468857264	685
0.7079078200806125	0.5855116934547443	685
0.7079078200806125	0.5855116934547443	685
0.7079078200806125	0.5855116934547443	685
0.7079078200806125	0.5855116934547443	685
0.7070817460006477	0.5857950284705468	685
0.7022479170483931	0.5874584953136243	685
0.700460967784714	0.58807583293297	685
0.6996366033050112	0.5883610638035567	685
0.6996366033050112	0.5883610638035567	685
0.6518616535637636	0.605377573746916	685
0.6518616535637636	0.605377573746916	685
0.6518616535637636	0.605377573746916	685
0.6518616535637636	0.605377573746916	685
0.650448769743433	0.6058958135098328	685
0.650448769743433	0.6058958135098328	685
0.6371385830934507	0.6108218389859537	684
0.6371385830934507	0.6108218389859537	684
0.6371385830934507	0.6108218389859537	684
0.6371385830934507	0.6108218389859537	684
0.6371385830934507	0.6108218389859537	684
0.6371385830934507	0.6108218389859537	684
0.6371385830934507	0.6108218389859537	684
0.6371385830934507	0.6108218389859537	684
0.6035474600005486	0.6236173390213582	684
0.6345810578570599	0.6117775531493083	684
0.6345810578570599	0.6117775531493083	684
0.6345810578570599	0.6117775531493083	684
0.6345810578570599	0.6117775531493083	684
0.6345810578570599	0.6117775531493083	684
0.6295063051739618	0.6136828049236929	684
0.6295063051739618	0.6136828049236929	684
0.6295063051739618	0.6136828049236929	684
0.6295063051739618	0.6136828049236929	684
0.6295063051739618	0.6136828049236929	684
0.629443412094059	0.6137064917859666	684
0.629443412094059	0.6137064917859666	684
0.629443412094059	0.6137064917859666	684
0.6035474600005486	0.6236173390213582	684
