10.144867238323178	0.08972740353167787	15
8.3024629638522  	0.1074984123974297	39
9.038436840410128	0.09961710332971964	45
8.3024629638522  	0.1074984123974297	39
8.3024629638522  	0.1074984123974297	39
8.3024629638522  	0.1074984123974297	39
7.964888456635811	0.11154628469022387	43
7.964888456635811	0.11154628469022387	43
7.809846582312726	0.11350935463594462	41
7.809846582312726	0.11350935463594462	41
7.640007857330503	0.11574063548467296	27
7.640007857330503	0.11574063548467296	27
7.089878503615456	0.12361125071941303	29
6.980576400067873	0.1253042324100168	31
6.7373026280206885	0.12924400764401975	40
6.14802823538174	0.13989871990853925	42
6.14802823538174	0.13989871990853925	42
6.145076479471521	0.1399565145136087	42
6.004904753461763	0.14275711593448986	43
5.7289087549607105	0.14861250708189144	40
5.728044814179944	0.148631590249282	40
4.7456330212548545	0.1740452264007628	66
4.7456330212548545	0.1740452264007628	66
4.454648659937353	0.18332986455107175	44
4.454648659937353	0.18332986455107175	44
4.26367919030952	0.18998118309356862	58
4.26367919030952	0.18998118309356862	58
4.201311765330871	0.19225919251090826	55
4.081112874379346	0.19680727917742807	49
4.081112874379346	0.19680727917742807	49
3.5350977795425176	0.22050241221058653	45
3.4784227567097368	0.22329289893451068	50
3.172065553261174	0.23968942655235395	56
3.0007624444912646	0.24995235630071494	58
2.9682847437876894	0.2519980456456634	64
2.783553837089852	0.2643017763344838	53
2.514468999278876	0.2845380056575224	61
2.480136956528165	0.28734501328292966	65
2.3620209699046746	0.2974401435777938	62
2.271852368702874	0.30563726211046927	57
2.2371629056752544	0.3089124734028192	61
2.198979465962544	0.31259969332097887	63
2.0767341000267243	0.3250199619106877	72
1.919623505603747	0.3425099154328156	80
2.0266695514319752	0.3303961608649616	75
1.8837559422609602	0.3467699833211152	79
1.8102244596748556	0.35584346174102427	85
1.7794587151233656	0.35978228226916303	90
1.7794587151233656	0.35978228226916303	90
1.7676158410588667	0.36132182261878093	88
1.7676158410588667	0.36132182261878093	88
1.7541844708543428	0.3630838858407338	87
1.7469258501479548	0.3640433177131949	82
1.7468159862141397	0.36405787829212116	82
1.700772227340387	0.3702644709823457	89
1.699890099337626	0.37038544652070604	89
1.699890099337626	0.37038544652070604	89
1.6906389045664707	0.3716589388129453	88
1.6884818330833258	0.3719571349504471	88
1.6848361983885345	0.37246220108333233	85
1.6694698326921062	0.37460621871554184	86
1.6694698326921062	0.37460621871554184	86
1.6620360585627778	0.37565231199005467	84
1.6620360585627778	0.37565231199005467	84
1.565873672489736	0.38973080035919044	87
1.565873672489736	0.38973080035919044	87
1.565873672489736	0.38973080035919044	87
1.565873672489736	0.38973080035919044	87
1.5518495866659503	0.39187262651578253	84
1.546904174912078	0.39263353912187177	81
1.5392803787261067	0.39381236053250446	82
1.5392803787261067	0.39381236053250446	82
1.5314230522108925	0.3950347213306052	92
1.516344083617802	0.3974019318384625	83
1.516344083617802	0.3974019318384625	83
1.516344083617802	0.3974019318384625	83
1.5121081857038394	0.39807202798466307	86
1.5057428089150884	0.3990832564468059	87
1.5002499068268167	0.39996001890432886	87
1.49513579934441	0.4007797893255939	81
1.4572586451262715	0.40695756711789405	80
1.4572586451262715	0.40695756711789405	80
1.4535588997063429	0.40757122240663807	83
1.4304841755445963	0.4114406545255251	82
1.2824034922818628	0.438134625793197	85
1.2821282220750903	0.4381874735726819	87
1.277271943821236	0.43912190755839703	90
1.277271943821236	0.43912190755839703	90
1.2784412898392106	0.4388965405690001	86
1.2642588926209957	0.4416456100752899	87
1.2642588926209957	0.4416456100752899	87
1.2642588926209957	0.4416456100752899	87
1.2570032679098777	0.44306537532223467	90
1.2570032679098777	0.44306537532223467	90
1.2570032679098777	0.44306537532223467	90
1.2445045370643237	0.445532625791855	87
1.2445045370643237	0.445532625791855	87
1.2445045370643237	0.445532625791855	87
1.2438314724831017	0.4456662687297836	88
1.2416022652617087	0.4461094706661751	86
1.2416022652617087	0.4461094706661751	86
