9.061149958970677	0.0993922170008394	15
10.601748704233467	0.08619390278942182	42
9.876780130491909	0.09193897348320991	18
9.758135017965124	0.09295291408130586	20
7.20335875423052	0.1219012882356625	30
8.575153783266275	0.10443696494437713	34
8.47947392694993	0.10549108607778566	18
7.70315477139023	0.11490086368305055	31
7.033929833632609	0.12447208535649379	34
6.811854822796699	0.1280105714563181	33
6.811854822796699	0.1280105714563181	33
6.746330072829764	0.1290933888174347	35
6.212813653581276	0.13864215104233066	43
6.1425182504128815	0.14000664260706563	47
6.1425182504128815	0.14000664260706563	47
6.08216287843928	0.1411998025411657	44
6.021683296986199	0.14241599310370684	51
5.716174918554487	0.14889427570406827	44
5.4828270121425495	0.15425369181176157	48
5.4828270121425495	0.15425369181176157	48
5.4828270121425495	0.15425369181176157	48
5.4828270121425495	0.15425369181176157	48
4.914082204428965	0.16908794389958182	38
4.914082204428965	0.16908794389958182	38
4.914082204428965	0.16908794389958182	38
4.901774015496524	0.16944057793034095	30
4.85475101240562	0.17080145643787448	32
4.85475101240562	0.17080145643787448	32
4.85475101240562	0.17080145643787448	32
4.85475101240562	0.17080145643787448	32
4.85475101240562	0.17080145643787448	32
4.849917665757275	0.1709425768252329	30
4.849917665757275	0.1709425768252329	30
4.849917665757275	0.1709425768252329	30
4.849917665757275	0.1709425768252329	30
4.849917665757275	0.1709425768252329	30
4.849195357805052	0.17096368625568634	30
4.849027189397563	0.17096860172110054	32
4.84885802996996	0.17097354643862608	30
4.848138814707737	0.17099457309136656	33
4.845496130923268	0.17107187783598019	32
4.84536042057084	0.17107584957136707	32
4.84529596364377	0.17107773604959295	34
4.843670304072127	0.17112532842640968	33
4.843598060630585	0.1711274440206946	33
4.834773916206595	0.17138624638435646	29
4.8347370623693955	0.1713873289079998	29
4.83113082974401	0.17149332251286506	31
4.83113082974401	0.17149332251286506	31
4.829936315119441	0.17152846033782318	31
4.829936315119441	0.17152846033782318	31
4.829936315119441	0.17152846033782318	31
4.829562472516037	0.17153946024501568	31
4.828772259619556	0.17156271603331952	31
4.828772259619556	0.17156271603331952	31
4.828498254645109	0.1715707814106378	29
4.827604969950082	0.17159708064573323	31
4.827538913326863	0.17159902574191713	31
4.827243998263337	0.1716077103169225	31
4.81977924329165	0.17182782339255928	33
4.81977924329165	0.17182782339255928	33
4.81977924329165	0.17182782339255928	33
4.818141516498509	0.1718761905609032	33
4.818141516498509	0.1718761905609032	33
4.818141516498509	0.1718761905609032	33
4.816463461268928	0.17192577700502543	34
4.816463461268928	0.17192577700502543	34
4.8157500424384345	0.17194686716293583	36
4.814478630418382	0.17198446560083838	33
4.811163684553028	0.1720825731786139	34
4.8104886787119385	0.17210256405175178	35
4.801503005602982	0.17236912555836287	34
4.809717932024874	0.17212539605196767	34
4.804260087587694	0.17228724848813753	33
4.804260087587694	0.17228724848813753	33
4.804260087587694	0.17228724848813753	33
4.80297478016129	0.17232540858504397	33
4.80297478016129	0.17232540858504397	33
4.802341957266529	0.17234420297267308	33
4.802341957266529	0.17234420297267308	33
4.802112610125984	0.17235101543096154	33
4.802052696469769	0.1723527951768596	33
4.801931965114135	0.17235638163508318	33
4.801629427782493	0.17236536949624193	32
4.8014228724249595	0.172371506437352	33
4.8011952609745885	0.17237826947959034	33
4.800872669199113	0.17238785559105596	33
4.799566109236504	0.17242669212915432	34
4.799566109236504	0.17242669212915432	34
4.799566109236504	0.17242669212915432	34
4.798703646767692	0.17245233778370778	34
4.798703646767692	0.17245233778370778	34
4.798165829054051	0.17246833386328764	34
4.796931367135597	0.17250506115516148	34
4.796931367135597	0.17250506115516148	34
4.796931367135597	0.17250506115516148	34
4.796931367135597	0.17250506115516148	34
4.796618303544843	0.17251437780342785	33
4.796433508767289	0.17251987769504615	34
4.7939523307752685	0.17259375688826104	33
4.7939523307752685	0.17259375688826104	33
