1.2823916975813536	0.43813688993861055	243
1.2900150943865865	0.4366783443704175	243
1.2823916975813536	0.43813688993861055	243
1.2766102850207912	0.43924953101530395	243
1.281238645067237	0.43835834631432263	243
1.2735684006091579	0.4398372178871195	243
1.2683276304683209	0.440853422833605	243
1.2462649563303696	0.4451834576245443	244
1.2554375341725987	0.44337295307397967	244
1.2651739770933346	0.4414671941813482	243
1.24951624925668	0.44454002069575427	244
1.2582815356935466	0.44281458453889694	244
1.2657089567542568	0.4413629548574283	244
1.24583904172444	0.4452678849291721	244
1.2441694796682987	0.4455991443871725	244
1.2571739787559735	0.44303186613516754	244
1.2481254480768191	0.44481503505752307	244
1.2337474959008299	0.4476781739364494	244
1.2571696857677792	0.4430327087526203	244
1.242791228553886	0.4458729761685323	244
1.2544517917854754	0.44356681462149267	243
1.2477297772954157	0.44489333642376333	244
1.2599428380877216	0.4424890679297722	243
1.2581230802811767	0.4428456574100833	244
1.25469344299341	0.4435192744750102	244
1.261849147219825	0.4421161337081919	243
1.2596877493766327	0.4425390190639677	244
1.2558282955440982	0.44329615067568934	244
1.2517460577025772	0.4440998116014401	244
1.2571069245374487	0.44304502774272914	244
1.2399274064160717	0.4464430396876209	244
1.2563609256965775	0.4431915074452385	244
1.2477823965318344	0.4448829217378549	244
1.2435324891184902	0.4457256602479207	244
1.2481625942613586	0.4448076854194585	244
1.2562052377321584	0.4432220895848808	244
1.2484031519298053	0.44476009524435134	244
1.2481625942613586	0.4448076854194585	244
1.261264476667753	0.44223044686644575	244
1.2555690335608314	0.4433471044871173	244
1.2425612835056854	0.4459186945548036	244
1.2439112936823569	0.4456504153330215	244
1.2659637977551381	0.44131331709301247	243
1.249151597460235	0.44461209334631346	244
1.2631605830796082	0.441859940243058	244
1.2614999948434886	0.4421843918992389	244
1.262467596540637	0.44199528051982806	244
1.2503732429423988	0.4443707296717073	244
1.2554000910150855	0.4433803137561864	244
1.254226327809492	0.4436111794381063	244
1.2556238827187407	0.4433363237822626	244
1.2629414270755999	0.4419027324504375	243
1.2629414270755999	0.4419027324504375	243
1.2569713931327744	0.4430716326501403	244
1.2399274064160717	0.4464430396876209	244
1.2535570984888738	0.4437429167739089	244
1.250990816808308	0.4442488136925878	243
1.2477323630221422	0.4448928246312522	244
1.2480778276209485	0.44482445746029187	244
1.2433525867728932	0.44576140455857616	244
1.2599081522780784	0.44249585939674574	244
1.2480051373476666	0.4448388410623745	244
1.2558457248060617	0.4432927256521372	244
1.2539704025199083	0.44366154891919324	244
1.240361184007578	0.4463565996136351	244
1.2478179548276813	0.4448758841223245	244
1.2481432390387717	0.4448115149582575	244
1.2425612835056854	0.4459186945548036	244
1.2536649487955143	0.4437216812261541	244
1.2480807285517743	0.44482388345733714	243
1.252069768146975	0.4440359771015486	244
1.2645851330829667	0.4415819857647027	243
1.2421951264294182	0.4459915143926163	244
1.2490850092140438	0.44462525689478316	244
1.2564475571956337	0.44317449205104664	244
1.2481254480768191	0.44481503505752307	244
1.2550327679069646	0.44345253613683044	244
1.2498045917544052	0.44448304695662333	244
1.2498045917544052	0.44448304695662333	244
1.2504201877124448	0.4443614598998516	244
1.2480051373476666	0.4448388410623745	244
1.2555768301496992	0.4433455720209857	244
1.2498111512304297	0.4444817510363465	244
1.2544062783315617	0.44357576964347295	244
1.255605668554756	0.44333990375220783	244
1.26748809050975	0.441016649298119	243
1.2631778741366446	0.4418565643592991	243
1.254230130001054	0.4436104312027505	244
1.2553223879115354	0.4433955896327602	244
1.2391030509646344	0.446607403607077	244
1.251472636147506	0.4441537436187098	244
1.2604503922214576	0.44238971288250656	244
1.2540721310682628	0.44364152602608786	244
1.2372118952784632	0.44698492892445985	244
1.255605668554756	0.44333990375220783	244
1.251472636147506	0.4441537436187098	244
1.252896458262798	0.4438730401179187	243
1.2589807987002257	0.44267751216627466	244
1.257834300263438	0.44290229796018366	243
1.245256600680145	0.44538339167873936	244
1.2337474959008299	0.4476781739364494	244
