13.034350015042776	0.0712537451986124	139
5.410961326537104	0.15598284704365115	165
4.081949532459868	0.19677487814719793	196
2.5158594988888883	0.28442547272324975	234
4.231090260442851	0.1911647381735949	189
1.4031281231569415	0.41612429664645595	243
1.1421218802151116	0.4668268454919008	243
1.453276028628531	0.4076182167560802	238
2.972145012696922	0.2517531451655239	222
2.403789802703782	0.29379017447130706	240
2.914575028646952	0.2554555712132164	213
1.8825200418422823	0.34691866335155747	235
1.8984420278149403	0.3450129381245116	234
1.4078391051034924	0.41531014172851827	241
1.3509141482186644	0.42536644766790843	243
1.3509141482186644	0.42536644766790843	243
1.3432701169561074	0.4267540445994308	244
1.223256829678511	0.44979058948605716	242
1.1764204845266024	0.45947003674591497	245
1.1642321091620562	0.4620576488846098	243
1.1637127460028691	0.4621685581172215	243
1.1213550493923572	0.4713968085099384	244
1.1189914175457985	0.47192262871842744	243
1.0920338447488283	0.47800373904565635	244
1.0920338447488283	0.47800373904565635	244
1.0857778905409483	0.479437434127106	244
1.0857778905409483	0.479437434127106	244
1.0821342255584512	0.4802764335386635	244
1.0743530299676396	0.48207801929240574	245
1.071086690150455	0.4828383112864071	245
1.071086690150455	0.4828383112864071	245
1.0732012379186446	0.48234584357277976	243
1.0732012379186446	0.48234584357277976	243
1.0732012379186446	0.48234584357277976	243
1.0732012379186446	0.48234584357277976	243
1.0732012379186446	0.48234584357277976	243
1.0732012379186446	0.48234584357277976	243
1.0732012379186446	0.48234584357277976	243
1.0605583131379392	0.48530536293202076	245
1.0605583131379392	0.48530536293202076	245
1.0605583131379392	0.48530536293202076	245
1.0605583131379392	0.48530536293202076	245
1.0605583131379392	0.48530536293202076	245
1.0605583131379392	0.48530536293202076	245
1.0605583131379392	0.48530536293202076	245
1.0605583131379392	0.48530536293202076	245
1.0605583131379392	0.48530536293202076	245
1.054409215708748	0.4867579410925741	244
1.054409215708748	0.4867579410925741	244
1.052797001119693	0.48714022840765675	245
1.052797001119693	0.48714022840765675	245
1.052797001119693	0.48714022840765675	245
1.052797001119693	0.48714022840765675	245
1.052797001119693	0.48714022840765675	245
1.052797001119693	0.48714022840765675	245
1.052797001119693	0.48714022840765675	245
1.052797001119693	0.48714022840765675	245
1.0300186180188808	0.4926063195301686	243
1.0300186180188808	0.4926063195301686	243
1.0300186180188808	0.4926063195301686	243
1.0199454353806132	0.49506287768192736	243
1.0199454353806132	0.49506287768192736	243
1.0199454353806132	0.49506287768192736	243
1.0199454353806132	0.49506287768192736	243
1.0199454353806132	0.49506287768192736	243
1.0199454353806132	0.49506287768192736	243
1.0199454353806132	0.49506287768192736	243
1.0199454353806132	0.49506287768192736	243
1.0199454353806132	0.49506287768192736	243
1.0199454353806132	0.49506287768192736	243
1.0199454353806132	0.49506287768192736	243
1.0199454353806132	0.49506287768192736	243
1.0199454353806132	0.49506287768192736	243
1.0199454353806132	0.49506287768192736	243
1.0199454353806132	0.49506287768192736	243
1.0199454353806132	0.49506287768192736	243
1.0199454353806132	0.49506287768192736	243
1.0199454353806132	0.49506287768192736	243
1.0199454353806132	0.49506287768192736	243
1.0199454353806132	0.49506287768192736	243
1.0199454353806132	0.49506287768192736	243
1.0199454353806132	0.49506287768192736	243
1.0199454353806132	0.49506287768192736	243
1.0199454353806132	0.49506287768192736	243
1.0199454353806132	0.49506287768192736	243
1.0199454353806132	0.49506287768192736	243
1.0199454353806132	0.49506287768192736	243
1.0199454353806132	0.49506287768192736	243
1.0199454353806132	0.49506287768192736	243
1.0199454353806132	0.49506287768192736	243
1.0199454353806132	0.49506287768192736	243
1.0199454353806132	0.49506287768192736	243
1.0199454353806132	0.49506287768192736	243
1.0199454353806132	0.49506287768192736	243
1.0199454353806132	0.49506287768192736	243
1.0199454353806132	0.49506287768192736	243
1.0199454353806132	0.49506287768192736	243
1.0199454353806132	0.49506287768192736	243
1.0199454353806132	0.49506287768192736	243
1.0199454353806132	0.49506287768192736	243
1.0199454353806132	0.49506287768192736	243
