7.327614346404246	0.1200824099679624	152
1.3299916966007783	0.42918607884264076	243
1.7716479959995344	0.360796176658563	239
1.195731614903959	0.4554290666547331	242
1.1909131275969234	0.4564306943091066	242
1.1854544826362812	0.4575707286265303	242
1.1533972211796273	0.4643825069358089	243
1.1351673056736162	0.4683473736895356	243
1.1552469575518303	0.4639839515820087	243
1.1572689967932859	0.46354905275441743	243
1.163876884178008	0.46213350089918354	242
1.1472334653684142	0.4657155433391235	243
1.1350235376677251	0.4683789112191187	243
1.159962404330823	0.46297102115988426	243
1.1347488778080579	0.4684391735232069	243
1.1481571851833943	0.4655152830050596	243
1.1742089108078448	0.4599374029924484	242
1.1378090256033406	0.46776863041719835	243
1.147024126673532	0.46576095143809065	243
1.168418824760082	0.461165522352741	242
1.1687178250786951	0.46110194163397605	243
1.1558527579072813	0.463853570858297	243
1.1775842095389777	0.4592244908920022	242
1.1653197767314893	0.4618255514709619	243
1.1664313702569458	0.4615885892943827	242
1.138769507881957	0.4675585640784215	243
1.135232811272019	0.4683330055256465	243
1.150362569181657	0.46503785656042207	243
1.156946845532168	0.4636182862231253	243
1.1563106017975928	0.46375508202128085	243
1.1733186303660117	0.4601258122153899	242
1.1453184540455317	0.4661312627569354	243
1.1701811540091331	0.46079102574115877	242
1.171052616356934	0.4606060638355317	242
1.1623764073822824	0.4624541761489963	243
1.1356140370503038	0.46824940398930587	244
1.164451136725544	0.4620108918295261	243
1.1556962238865556	0.4638872531849949	243
1.1712019572238703	0.4605743821632393	243
1.1635821139083973	0.4621964627880717	243
1.174435761475072	0.4598894194609961	243
1.1709425654233616	0.46062941319914064	243
1.135619704044587	0.46824816146157927	243
1.1533912727124005	0.46438378973292915	243
1.1364798787098787	0.4680596386444106	243
1.1349369244772516	0.46839791308816026	243
1.1347957237325197	0.4684288941012023	243
1.179380048219334	0.4588460836911174	242
1.1500511897441588	0.46510520529466703	243
1.1348857772731715	0.46840913487993313	243
1.1410255468890642	0.46706588879941763	243
1.1545664867854717	0.46413049034841375	243
1.1712158261173147	0.46057144019084184	242
1.144411991274417	0.46632830075050236	243
1.1765935435933916	0.45943350468139105	242
1.1640046389627976	0.462106218256213	243
1.1616686664135658	0.46260558592409284	243
1.1348857772731715	0.46840913487993313	243
1.1822750446067416	0.4582373805132367	242
1.1550577206088994	0.46402469429795856	243
1.1761111289913064	0.4595353549170673	242
1.1550948881192002	0.46401669156791625	243
1.1463134792816496	0.4659151655398867	243
1.1465700258234168	0.46585948185706333	243
1.1653593692793436	0.46181710721431496	243
1.1360719723126809	0.46814901977170775	244
1.1162590331249076	0.4725319463957025	243
1.1404779274417391	0.46718538284353256	243
1.1384961162362515	0.46761833814316095	243
1.1374288820608254	0.46785182346550835	243
1.1347454032914563	0.46843993595589917	243
1.156739055703045	0.4636629532699885	243
1.1700557344186915	0.46081765741739217	243
1.1608474226054402	0.46278140211966046	243
1.1489152424934186	0.46535106654075614	243
1.1475819087578178	0.46563998137719903	243
1.1479225362941101	0.4655661380253205	243
1.1479347923294951	0.46556348152239396	243
1.1482909151428857	0.465486304927882	243
1.139149697730275	0.46747546516311633	243
1.1149998395762253	0.47281327463380146	244
1.135248815331684	0.4683294952886616	243
1.1477078256681044	0.46561268159877484	243
1.135271484659538	0.4683245232207308	243
1.1654946778697672	0.46178825107236765	243
1.166638073763994	0.4615445524146768	243
1.1345964498504082	0.4684726239800875	243
1.150458526979901	0.4650171056330008	243
1.1735950514176765	0.46006729696397375	242
1.1491554985479722	0.465299044520337	243
1.159655432763022	0.46303682746308245	243
1.134739921104744	0.4684411389479672	243
1.1381732528925381	0.46768894833343927	243
1.1476897903043919	0.4656165916113379	243
1.101678810034046	0.47581009773030003	245
1.158514799135388	0.46328151208440116	243
1.1680976263325586	0.4612338429111922	243
1.139707341384237	0.46735363320904993	243
1.1414352348370127	0.4669765322489948	243
1.136521696680494	0.46805047735002947	243
1.101678810034046	0.47581009773030003	245
