2.753924330134232	0.2663878949217504	218
2.752786327510846	0.26646867493340115	218
1.6762509234402179	0.3736570406165571	237
1.5249893594082244	0.3960412729162421	238
1.4982218147195163	0.40028471215326145	238
1.5029166991176193	0.3995338719632743	239
1.4971757271459545	0.40045239473111066	239
1.4657390745538752	0.40555791580702005	239
1.4741520977611522	0.4041788703713466	239
1.4970610418803338	0.40047078674816106	239
1.464683456453674	0.405731615304002	239
1.464683456453674	0.405731615304002	239
1.4660744292851084	0.40550276509289723	239
1.4881042213226536	0.4019124244998102	239
1.4657390745538752	0.40555791580702005	239
1.4552878903600932	0.40728421458281194	239
1.4648995564818406	0.4056960444373252	239
1.4715790936830704	0.40459963533266136	239
1.4702412400069989	0.4048187617486164	239
1.4821179300531158	0.40288174380924785	239
1.4646299354474697	0.4057404260240162	239
1.4645439119565464	0.405754588160745	239
1.467923069338325	0.40519901630001376	239
1.4496421895739555	0.40822288424658504	239
1.456015537054244	0.40716354799587484	239
1.4645789442891475	0.4057488206320887	239
1.4660744292851084	0.40550276509289723	239
1.4645464009237685	0.40575417838559547	239
1.4577113484310367	0.40688260671391857	240
1.47090828373736	0.40470947731311785	239
1.456203758063501	0.40713234670254367	239
1.4726374166974745	0.40442646109255626	239
1.4356797772914  	0.410563001476348	240
1.4759762587509035	0.403881093958666	239
1.4537527834679491	0.4075390180858707	239
1.457265216867693	0.40695647874538854	239
1.4533776859786778	0.4076013268218381	239
1.4660265680459277	0.4055106351884915	239
1.4749242591210534	0.4040527690148954	239
1.4765234957211912	0.4037918484228993	239
1.4556049072313584	0.4072316344763614	239
1.5069884818641515	0.3988849598768073	239
1.4680469235329923	0.4051786821656157	239
1.4647002689362651	0.40572884768320655	239
1.4536840267826754	0.40755043806973873	239
1.4650380091187054	0.405673257897357	239
1.4650380091187054	0.405673257897357	239
1.477619958838831	0.4036131515782037	239
1.4680358166980483	0.40518050558029844	239
1.4712076954943825	0.4046604426747477	239
1.4766109200573438	0.4037775945754312	239
1.464613621284104	0.4057431117657232	239
1.4551889593681164	0.4073006259597089	239
1.4675727861639434	0.40525653614237944	239
1.4699676941905218	0.4048635949174746	239
1.4716513365284685	0.4045878094620495	239
1.4650380091187054	0.405673257897357	239
1.4533465223331836	0.4076065043795685	239
1.464683456453674	0.405731615304002	239
1.4847612445122569	0.4024531540841437	239
1.4700424711273408	0.404851338262048	239
1.4649766658764967	0.40568335345455286	239
1.4556878519189758	0.407217879592701	239
1.4548702657514023	0.4073535021183344	239
1.4675558520399412	0.4052593173010835	239
1.4658584915081407	0.4055382753891896	239
1.5013388221193134	0.39978590311596746	238
1.4768352979363777	0.40374101613989793	239
1.471462349580532	0.4046187473459689	239
1.4800873578792828	0.403211603342512	239
1.4649675796478987	0.40568484886232953	239
1.4607134716605426	0.4063862012041485	239
1.4036120277878328	0.4160405208657369	241
1.4645464009237685	0.40575417838559547	239
1.4650380091187054	0.405673257897357	239
1.4694311578282604	0.4049515601315444	239
1.464613621284104	0.4057431117657232	239
1.4535402820201815	0.4075743150940346	239
1.4626081150873274	0.4060735420603203	239
1.5052643364242662	0.3991594760923664	238
1.4550958273786303	0.40731607656542107	239
1.4545878586007985	0.4074003692701532	239
1.4926139014490427	0.40118527759901573	238
1.4748559908682524	0.40406391470445546	239
1.4647190427992454	0.4057257572304363	239
1.4726374166974745	0.40442646109255626	239
1.4647002689362651	0.40572884768320655	239
1.471534174970339	0.40460698869842704	239
1.476022001317874	0.403873632571821	239
1.4664781131673617	0.40543639721004304	239
1.464683456453674	0.405731615304002	239
1.4452807561099636	0.40895099570931653	239
1.5249893594082244	0.3960412729162421	238
1.4754902309932225	0.4039603903420687	239
1.4645464009237685	0.40575417838559547	239
1.4689683769895288	0.405027463826541	239
1.4589436288174833	0.40667870067477085	239
1.4766109200573438	0.4037775945754312	239
1.4725951784067544	0.4044333697376057	240
1.4647002689362651	0.40572884768320655	239
1.4036120277878328	0.4160405208657369	241
