1.2261807420192985	0.4491998251197391	242
1.2261807420192985	0.4491998251197391	242
1.2261807420192985	0.4491998251197391	242
1.2261807420192985	0.4491998251197391	242
1.2261807420192985	0.4491998251197391	242
1.2017688878920147	0.4541802754590676	243
1.198002405804323	0.45495855571371235	243
1.1681698788844432	0.46121847265700205	243
1.1675980724820678	0.4613401408199826	243
1.1646970807872106	0.4619584000345866	243
1.1834068802723203	0.4579998391666134	243
1.1818375835206174	0.4583292576647241	243
1.1676231730347661	0.46133479861260057	243
1.1844297898848575	0.4577853701824449	243
1.211131378820345	0.4522571610075506	242
1.2010125047903188	0.4543363555743477	243
1.171151335748377	0.46058512068450946	243
1.1676639663296633	0.4613261167473398	243
1.2018342778939903	0.45416678722818304	243
1.1698380505975134	0.4608638878485091	243
1.163818687130648	0.4621459302239687	244
1.182545418835191	0.4581806139611486	243
1.1913583475124483	0.45633796094334106	243
1.1696370788570152	0.4609065773003886	243
1.166717298381454	0.4615276763364578	243
1.1821460648228228	0.45826446548214633	243
1.1878018282851097	0.4570797898929638	243
1.1678246662734824	0.4612919188335524	243
1.1683892639155955	0.46117180925081586	243
1.1704387481984202	0.4607363376782935	243
1.195180859603678	0.45554333057575125	243
1.1873994255659313	0.45716387611342485	243
1.1683892639155955	0.46117180925081586	243
1.1853145265952318	0.4576000332355004	243
1.182822842883701	0.4581223818781885	243
1.1741007823441714	0.45996027788637023	243
1.1677903894421457	0.4612992127238546	243
1.1921287482806782	0.45617758572999695	243
1.1683216131457914	0.46118619762739177	243
1.1804509015150613	0.4586207372544649	243
1.1959236064677714	0.4553892480843352	243
1.167681933215212	0.4613222930343619	243
1.1810087170219699	0.4585034402638413	243
1.18059055091283	0.45859136626148544	243
1.1955770676058264	0.4554611244370725	243
1.2024204708927573	0.45404590686293755	243
1.1920426357992158	0.45619550626824434	243
1.191197686945937	0.45637142004918185	243
1.1680287192201675	0.46124850244589777	243
1.1785954539075538	0.45901133145503836	243
1.2016566397043453	0.4542034311645831	243
1.1837112705013253	0.45793599799960055	243
1.1710053277246213	0.4606160967131647	243
1.2045652122729662	0.4536041821003667	243
1.1825559035380897	0.458178412923547	243
1.182149133619951	0.45826382101625995	243
1.1974929783460628	0.4550640251659176	243
1.1873994255659313	0.45716387611342485	243
1.1901160466320642	0.45659680980731077	243
1.163685210462433	0.4621744397773442	244
1.1856297347692544	0.4575340388593194	243
1.169351883469749	0.460967170711171	243
1.1859889477584038	0.45745885450401663	243
1.1816337151365182	0.45837208742321983	243
1.1799666517913894	0.45872261356762006	243
1.1727260937855202	0.4602512957616804	243
1.2034636020578338	0.4538309591617902	243
1.1900411093878225	0.45661243330702955	243
1.182822842883701	0.4581223818781885	243
1.1370468436842074	0.46793546101031114	243
1.1370468436842074	0.46793546101031114	243
1.1370468436842074	0.46793546101031114	243
1.1304281629341137	0.46938921358547886	243
1.1278670656876104	0.46995416965902176	244
1.0500234133047766	0.48779930683227285	245
1.099050413085894	0.47640589943233513	244
1.0907407254927846	0.4782993834705647	244
1.1197867941396333	0.4717455560930004	243
1.1005268425783388	0.4760710407168744	244
1.1004258800735423	0.47609392432595	244
1.0994846621077614	0.4763073615389301	244
1.099050413085894	0.47640589943233513	244
1.079524438469878	0.48087917674860503	244
1.1029813730594953	0.4755153863037612	244
1.1065448915839864	0.474710984795612	244
1.125584352161524	0.4704588641627381	243
1.1153032042374198	0.4727454664639939	243
1.1090314906925323	0.47415128906948417	244
1.1085516312258252	0.47425919535991684	244
1.0985155401025812	0.47652732652678725	244
1.093622132610208	0.477641110315001	245
1.1064632031417065	0.4747293940423642	244
1.0870681603744106	0.4791410357295684	244
1.1026009849091933	0.47560141328631017	244
1.0879865269455287	0.4789302934166337	244
1.1058613379522462	0.4748650739618055	244
1.0982607313684172	0.47658519508575686	244
1.099978722373878	0.47619530109789415	244
1.0875059558031075	0.47904054942697344	244
1.0871642227814755	0.47911898310873796	244
1.0500234133047766	0.48779930683227285	245
