5.233471840314739	0.16042424280038267	171
3.1932125240836506	0.2384806384738469	213
2.584784820019013	0.27895677152379156	222
1.474814167031277	0.4040707432993137	239
1.36641261551428	0.42258057341478267	241
1.474814167031277	0.4040707432993137	239
1.2335823742161716	0.4477112693687551	243
1.2335823742161716	0.4477112693687551	243
1.1821086985433167	0.45827231277138375	243
1.2326226839504535	0.4479037175375183	243
1.1537080086053684	0.46431549495307356	242
1.1566683370382635	0.46367815710286375	243
1.1821086985433167	0.45827231277138375	243
1.171571043649775	0.4604961016238699	243
1.1621050304283842	0.4625122211578533	243
1.1270620896555632	0.4701320214690727	244
1.1331471855263577	0.4687909051869987	244
1.1240250034169252	0.4708042506050057	244
1.124821990470489	0.47062765939210505	244
1.1244543419086432	0.47070910410886224	244
1.1187794232669317	0.471969846893315	244
1.1124127638941839	0.47339232989509267	245
1.1124323478625096	0.4733879411626423	243
1.0925546566013025	0.47788476962613047	245
1.0941575944324815	0.47751898073888793	245
1.10310075268532	0.47548839432593115	244
1.0756428618285676	0.4817784496505509	244
1.0883679255137437	0.47884282639228787	245
1.0904971535808508	0.47835511198237307	245
1.08065984390393	0.48061676344159443	245
1.08065984390393	0.48061676344159443	245
1.08065984390393	0.48061676344159443	245
1.08065984390393	0.48061676344159443	245
1.08065984390393	0.48061676344159443	245
1.08065984390393	0.48061676344159443	245
1.08065984390393	0.48061676344159443	245
1.08065984390393	0.48061676344159443	245
1.08065984390393	0.48061676344159443	245
1.08065984390393	0.48061676344159443	245
1.08065984390393	0.48061676344159443	245
1.072309681895972	0.48255336001957594	245
1.08065984390393	0.48061676344159443	245
1.0762262673947987	0.4816430731582917	245
1.08065984390393	0.48061676344159443	245
1.08065984390393	0.48061676344159443	245
1.0700783908159002	0.4830734934660422	245
1.0700783908159002	0.4830734934660422	245
1.0700783908159002	0.4830734934660422	245
1.0700783908159002	0.4830734934660422	245
1.0700783908159002	0.4830734934660422	245
1.08065984390393	0.48061676344159443	245
1.08065984390393	0.48061676344159443	245
1.08065984390393	0.48061676344159443	245
1.08065984390393	0.48061676344159443	245
1.08065984390393	0.48061676344159443	245
1.0432262264994683	0.48942206547203415	246
1.0432262264994683	0.48942206547203415	246
1.0432262264994683	0.48942206547203415	246
1.0432262264994683	0.48942206547203415	246
1.0432262264994683	0.48942206547203415	246
1.0432262264994683	0.48942206547203415	246
1.0432262264994683	0.48942206547203415	246
1.0432262264994683	0.48942206547203415	246
1.0432262264994683	0.48942206547203415	246
1.0432262264994683	0.48942206547203415	246
1.0432262264994683	0.48942206547203415	246
1.0432262264994683	0.48942206547203415	246
1.0432262264994683	0.48942206547203415	246
1.0432262264994683	0.48942206547203415	246
1.0432262264994683	0.48942206547203415	246
1.0432262264994683	0.48942206547203415	246
1.0432262264994683	0.48942206547203415	246
1.0432262264994683	0.48942206547203415	246
1.0432262264994683	0.48942206547203415	246
1.0432262264994683	0.48942206547203415	246
1.0432262264994683	0.48942206547203415	246
1.0432262264994683	0.48942206547203415	246
1.0432262264994683	0.48942206547203415	246
1.0432262264994683	0.48942206547203415	246
1.0432262264994683	0.48942206547203415	246
1.0432262264994683	0.48942206547203415	246
1.0432262264994683	0.48942206547203415	246
1.0432262264994683	0.48942206547203415	246
1.0432262264994683	0.48942206547203415	246
1.0432262264994683	0.48942206547203415	246
1.0432262264994683	0.48942206547203415	246
1.0432262264994683	0.48942206547203415	246
1.0432262264994683	0.48942206547203415	246
1.0432262264994683	0.48942206547203415	246
1.0432262264994683	0.48942206547203415	246
1.0432262264994683	0.48942206547203415	246
1.0432262264994683	0.48942206547203415	246
1.0432262264994683	0.48942206547203415	246
1.0432262264994683	0.48942206547203415	246
1.0432262264994683	0.48942206547203415	246
1.0432262264994683	0.48942206547203415	246
1.0432262264994683	0.48942206547203415	246
1.0432262264994683	0.48942206547203415	246
1.0432262264994683	0.48942206547203415	246
1.0432262264994683	0.48942206547203415	246
1.0432262264994683	0.48942206547203415	246
