8.7064610034262  	0.10302416088078019	118
8.7064610034262  	0.10302416088078019	118
1.6946326386409665	0.3711081004735207	241
1.7192158740158006	0.36775307527282747	239
7.969618553339519	0.11148746115047284	135
7.914906980794428	0.11217166955912397	145
7.914906980794428	0.11217166955912397	145
7.509489321085313	0.11751586520264397	148
7.7773799022488665	0.1139292147698641	147
7.618445583092757	0.11603020409640351	129
6.286203673223995	0.1372456830536993	143
4.249487116474907	0.19049480031327554	196
5.031053333827847	0.16580851546960376	192
4.1019905201473605	0.1960019321970667	198
4.110704074265585	0.19566775643211182	198
3.4536077866106782	0.2245370602697433	213
3.424384160139927	0.22602015643424003	200
2.843819597040529	0.2601578910649006	217
2.747008542832577	0.26687956234122784	219
2.6531686496611138	0.27373496706558154	220
2.6531686496611138	0.27373496706558154	220
2.6531686496611138	0.27373496706558154	220
2.6531686496611138	0.27373496706558154	220
2.6476453890693485	0.27414945624830533	220
2.4844536912334996	0.28698903432577955	223
2.6476453890693485	0.27414945624830533	220
2.372528135708179	0.29651346401295936	225
2.372528135708179	0.29651346401295936	225
2.372528135708179	0.29651346401295936	225
2.284500545572472	0.30446029346775616	227
2.372528135708179	0.29651346401295936	225
2.372528135708179	0.29651346401295936	225
2.372528135708179	0.29651346401295936	225
2.372528135708179	0.29651346401295936	225
2.372528135708179	0.29651346401295936	225
2.372528135708179	0.29651346401295936	225
2.2722255969016834	0.3056024012974084	225
2.2722255969016834	0.3056024012974084	225
2.2722255969016834	0.3056024012974084	225
2.2722255969016834	0.3056024012974084	225
2.2722255969016834	0.3056024012974084	225
2.2722255969016834	0.3056024012974084	225
2.2722255969016834	0.3056024012974084	225
2.2722255969016834	0.3056024012974084	225
2.2722255969016834	0.3056024012974084	225
2.2722255969016834	0.3056024012974084	225
2.244866496888257	0.3081790887110376	228
2.2722255969016834	0.3056024012974084	225
2.2722255969016834	0.3056024012974084	225
2.0618580583207073	0.32659907185523007	234
2.0618580583207073	0.32659907185523007	234
2.0618580583207073	0.32659907185523007	234
2.0618580583207073	0.32659907185523007	234
2.0618580583207073	0.32659907185523007	234
2.0618580583207073	0.32659907185523007	234
2.0618580583207073	0.32659907185523007	234
2.0618580583207073	0.32659907185523007	234
2.0618580583207073	0.32659907185523007	234
2.0618580583207073	0.32659907185523007	234
2.0618580583207073	0.32659907185523007	234
2.0618580583207073	0.32659907185523007	234
2.0618580583207073	0.32659907185523007	234
2.0618580583207073	0.32659907185523007	234
2.0618580583207073	0.32659907185523007	234
2.0618580583207073	0.32659907185523007	234
2.003727044250275	0.33291973114341294	230
2.0618580583207073	0.32659907185523007	234
2.0618580583207073	0.32659907185523007	234
2.0618580583207073	0.32659907185523007	234
2.0618580583207073	0.32659907185523007	234
2.0618580583207073	0.32659907185523007	234
2.0618580583207073	0.32659907185523007	234
2.0618580583207073	0.32659907185523007	234
2.0618580583207073	0.32659907185523007	234
2.0618580583207073	0.32659907185523007	234
2.0618580583207073	0.32659907185523007	234
2.0618580583207073	0.32659907185523007	234
2.0618580583207073	0.32659907185523007	234
2.0618580583207073	0.32659907185523007	234
2.0618580583207073	0.32659907185523007	234
2.0618580583207073	0.32659907185523007	234
2.0618580583207073	0.32659907185523007	234
2.0618580583207073	0.32659907185523007	234
2.0618580583207073	0.32659907185523007	234
2.0618580583207073	0.32659907185523007	234
2.0618580583207073	0.32659907185523007	234
2.0618580583207073	0.32659907185523007	234
2.0618580583207073	0.32659907185523007	234
2.0618580583207073	0.32659907185523007	234
2.0618580583207073	0.32659907185523007	234
2.0618580583207073	0.32659907185523007	234
2.0618580583207073	0.32659907185523007	234
2.0618580583207073	0.32659907185523007	234
2.0618580583207073	0.32659907185523007	234
2.0618580583207073	0.32659907185523007	234
2.0618580583207073	0.32659907185523007	234
2.0618580583207073	0.32659907185523007	234
2.0618580583207073	0.32659907185523007	234
2.0618580583207073	0.32659907185523007	234
2.0618580583207073	0.32659907185523007	234
1.6946326386409665	0.3711081004735207	241
