2.3447743174742444	0.2989738335335984	222
2.3447743174742444	0.2989738335335984	222
2.3377267864902986	0.29960510969548965	222
2.3259204935060693	0.3006686425464834	222
1.2188074524612231	0.45069255508888123	243
1.2167697687006849	0.4511068375793171	243
1.2167697687006849	0.4511068375793171	243
1.2052713251732154	0.45345894112211066	243
1.1907744506711948	0.4564595865601896	244
1.2031898898710207	0.453887340622529	243
1.19919870176304	0.45471107235482	243
1.1934352392911523	0.4559058695177925	243
1.185845834071727	0.4574888056662398	243
1.175853724913102	0.45958971807258664	244
1.202367811796946	0.4540567631998238	243
1.194499351502828	0.4556848008704965	243
1.1836351450752456	0.4579519624674025	244
1.1817492163442018	0.4583478213300917	244
1.1800360923870017	0.45870800189599764	244
1.1975142883027419	0.4550596122732625	243
1.188774313554693	0.45687670666051616	243
1.1951708663610263	0.4555454043801691	243
1.191680710681796	0.4562708405134963	243
1.191701798286069	0.4562664504733305	243
1.187908769355602	0.45705744864971076	243
1.1678227011559152	0.46129233699175914	244
1.1782422493884759	0.4590857606773268	244
1.1822745324107242	0.4582374880649484	244
1.1629636138924853	0.4623286279885183	244
1.1718928962227815	0.4604278607564566	244
1.1618694019122267	0.46256263172764994	244
1.1753531429672637	0.4596954766783118	243
1.2028591325235847	0.45395549140466596	243
1.178792559730379	0.4589698067097071	244
1.1917186485052582	0.45626294263727474	243
1.1965599921053869	0.45525731306865297	243
1.1756586006696423	0.4596309364402171	244
1.1971610727705  	0.4551327676395862	244
1.192944738357445	0.4560078430198008	243
1.166192082066781	0.4616395786314075	244
1.1918624462441323	0.45623300938138284	243
1.1901625422858821	0.4565871165691181	243
1.1762395467897635	0.45950823817861874	244
1.1947667287499197	0.45562928711315637	243
1.1876844283018326	0.45710431864080125	243
1.1777230989127743	0.45919520277819015	244
1.1862360650807953	0.4574071464524321	244
1.1838937901165705	0.45789772585351896	244
1.1987830100599592	0.4547970379181394	243
1.1896963865501813	0.45668431758042866	243
1.1796364750559272	0.45879210200606546	244
1.1924557898402222	0.45610953919069724	243
1.1922071510135726	0.45616127086240343	243
1.1756586006696423	0.4596309364402171	244
1.193430688713232	0.45590681535811206	243
1.1757315287143453	0.4596155301343208	244
1.2016182833032483	0.45421134425701953	243
1.1947438460290623	0.4556340375708511	243
1.1912283497354395	0.45636503384995736	243
1.1898013417622166	0.4566624291111548	244
1.1670557278876996	0.46145559947123865	244
1.1899863668121498	0.45662384714095205	244
1.1862360650807953	0.4574071464524321	244
1.1756586006696423	0.4596309364402171	244
1.1991787079974068	0.4547152063465591	243
1.1884119430253877	0.4569523590780362	243
1.1836962568564031	0.4579391464633346	243
1.1870010617144473	0.45724714884960954	243
1.202489275200454	0.45403172276922327	243
1.1960506345074398	0.4553629066136235	243
1.1924689061073883	0.45610681055242275	243
1.1778408919862062	0.459170366246541	244
1.1962913450595543	0.4553129994567657	243
1.1786751193303229	0.45899454724914573	244
1.1926768703368575	0.4560635511453047	243
1.2018681856964606	0.4541597932592389	243
1.1962609137871725	0.45531930824904915	243
1.175958712476105	0.45956754338507755	244
1.194557097066901	0.45567281039829566	243
1.1892612522661679	0.4567750874706575	243
1.1688088113152588	0.4610825974068028	244
1.1917344479227856	0.45625965360345055	243
1.1889647138839052	0.4568369666524631	243
1.1939833066286971	0.45579198208969646	243
1.1937420650487072	0.4558421046540844	243
1.1682982870027678	0.461191158981312	244
1.191444070693702	0.4563201102747969	243
1.1698195523922275	0.4608678168179927	244
1.2026143597100516	0.4540059387116855	243
1.170909534658732	0.4606364217554558	243
1.179720995488483	0.45877431197376545	244
1.184491231027201	0.4577724944813697	243
1.1774814659373185	0.459246159217957	244
1.1769034992195262	0.4593680888282483	244
1.186277469347802	0.45739848396201715	243
1.1876130630494917	0.4571192304940887	244
1.1845797546248262	0.4577539446124444	243
1.1721857808518574	0.46036577939840573	244
1.1929935344763238	0.4559976964267681	243
1.1787342313382083	0.4589820941059829	244
1.1618694019122267	0.46256263172764994	244
