9.951110458396478	0.09131494050754242	118
12.686112118229278	0.07306676953698527	159
2.13501995389089	0.31897723609666173	241
1.2897615583376711	0.4367266959997282	242
1.314323291869022	0.43209174946012446	242
1.202448283936927	0.4540401730625325	242
1.1731456900844153	0.46016242931285256	242
1.131516257683004	0.4691496001475577	244
1.122795813212614	0.47107686654356645	244
1.1247543740932846	0.4706426362467139	243
1.120606128794704	0.4715632886378449	244
1.0999088942630117	0.4762111359840504	243
1.070939600426862	0.4828726051662154	243
1.070939600426862	0.4828726051662154	243
1.070939600426862	0.4828726051662154	243
1.070939600426862	0.4828726051662154	243
1.0695357307770963	0.4832001618181808	246
1.0695357307770963	0.4832001618181808	246
1.0695357307770963	0.4832001618181808	246
1.0695357307770963	0.4832001618181808	246
1.0695357307770963	0.4832001618181808	246
1.0695357307770963	0.4832001618181808	246
1.0695357307770963	0.4832001618181808	246
1.0695357307770963	0.4832001618181808	246
1.0695357307770963	0.4832001618181808	246
1.0695357307770963	0.4832001618181808	246
1.0695357307770963	0.4832001618181808	246
1.0695357307770963	0.4832001618181808	246
1.0695357307770963	0.4832001618181808	246
1.0695357307770963	0.4832001618181808	246
1.0695357307770963	0.4832001618181808	246
1.0695357307770963	0.4832001618181808	246
1.0695357307770963	0.4832001618181808	246
1.0695357307770963	0.4832001618181808	246
1.0695357307770963	0.4832001618181808	246
1.0695357307770963	0.4832001618181808	246
1.0695357307770963	0.4832001618181808	246
1.0695357307770963	0.4832001618181808	246
1.0695357307770963	0.4832001618181808	246
1.0695357307770963	0.4832001618181808	246
1.0695357307770963	0.4832001618181808	246
1.0695357307770963	0.4832001618181808	246
1.0695357307770963	0.4832001618181808	246
1.0695357307770963	0.4832001618181808	246
1.0695357307770963	0.4832001618181808	246
1.0695357307770963	0.4832001618181808	246
1.0695357307770963	0.4832001618181808	246
1.0695357307770963	0.4832001618181808	246
1.0695357307770963	0.4832001618181808	246
1.0695357307770963	0.4832001618181808	246
1.0695357307770963	0.4832001618181808	246
1.0695357307770963	0.4832001618181808	246
1.0695357307770963	0.4832001618181808	246
1.0695357307770963	0.4832001618181808	246
1.0695357307770963	0.4832001618181808	246
1.0695357307770963	0.4832001618181808	246
1.0695357307770963	0.4832001618181808	246
1.0695357307770963	0.4832001618181808	246
1.0695357307770963	0.4832001618181808	246
1.0695357307770963	0.4832001618181808	246
1.0695357307770963	0.4832001618181808	246
1.0695357307770963	0.4832001618181808	246
1.0695357307770963	0.4832001618181808	246
1.0695357307770963	0.4832001618181808	246
1.0695357307770963	0.4832001618181808	246
1.0695357307770963	0.4832001618181808	246
1.0695357307770963	0.4832001618181808	246
1.0695357307770963	0.4832001618181808	246
1.0695357307770963	0.4832001618181808	246
1.0695357307770963	0.4832001618181808	246
1.0695357307770963	0.4832001618181808	246
1.0695357307770963	0.4832001618181808	246
1.0695357307770963	0.4832001618181808	246
1.0695357307770963	0.4832001618181808	246
1.0695357307770963	0.4832001618181808	246
1.0695357307770963	0.4832001618181808	246
1.0695357307770963	0.4832001618181808	246
1.0695357307770963	0.4832001618181808	246
1.0695357307770963	0.4832001618181808	246
1.0695357307770963	0.4832001618181808	246
1.0695357307770963	0.4832001618181808	246
1.0695357307770963	0.4832001618181808	246
1.0695357307770963	0.4832001618181808	246
1.0695357307770963	0.4832001618181808	246
1.0695357307770963	0.4832001618181808	246
1.0695357307770963	0.4832001618181808	246
1.0695357307770963	0.4832001618181808	246
1.0695357307770963	0.4832001618181808	246
1.0695357307770963	0.4832001618181808	246
1.0695357307770963	0.4832001618181808	246
1.0695357307770963	0.4832001618181808	246
1.0695357307770963	0.4832001618181808	246
1.0695357307770963	0.4832001618181808	246
1.0695357307770963	0.4832001618181808	246
1.0695357307770963	0.4832001618181808	246
1.0695357307770963	0.4832001618181808	246
1.0695357307770963	0.4832001618181808	246
1.0695357307770963	0.4832001618181808	246
1.0695357307770963	0.4832001618181808	246
1.0695357307770963	0.4832001618181808	246
1.0695357307770963	0.4832001618181808	246
