1.6946326386409665	0.3711081004735207	241
1.2256583503161407	0.4493052583106281	241
1.1445977457252416	0.4662879096992749	242
1.1544219829186366	0.46416162104198405	242
1.1445977457252416	0.4662879096992749	242
1.1397526325690746	0.46734374094418524	242
1.117440545424377	0.4722682779268214	243
1.13036548661327	0.46940302322947475	242
1.1047861985198637	0.4751076383450367	243
1.1013533302709677	0.4758837962157706	243
1.1045807243599837	0.47515402399406953	243
1.0932368014419467	0.47772903634750746	243
1.0898119432931563	0.47851195568544086	243
1.0933500136470418	0.4777031998857164	243
1.0924208795785375	0.47791532275352905	243
1.1128904632511074	0.4732853015301601	243
1.0622069793398714	0.48491737736243523	244
1.1145560621043267	0.472912502969932	243
1.1194388508175022	0.4718230014582792	243
1.095245749756725	0.477270983661992	243
1.116708155828608	0.47243168466393487	243
1.1093954463617886	0.47406947887593337	243
1.0934459495830426	0.47768130827508243	243
1.0549495093828547	0.4866299611907844	244
1.093271404500291	0.47772113919395065	243
1.1302964771642245	0.4694182292087178	242
1.1095445835379094	0.4740359638775227	243
1.0989399490216023	0.47643097196093626	243
1.122830048401622	0.47106926941841004	242
1.107188247652366	0.4745660484363974	243
1.098515353825102	0.476527368826363	243
1.105336202126375	0.47498351996702803	243
1.1035981037467868	0.4753759752011886	243
1.1012420906349996	0.4759089894766947	243
1.1046571053033531	0.47513677999146836	243
1.0992845672661402	0.47635276112293895	243
1.1003210209928698	0.47611769344063276	243
1.1202803645125283	0.4716357406016487	243
1.1119269388205648	0.4735012284840043	243
1.104666257755515	0.47513471378898464	243
1.1200937716709056	0.4716772500170461	243
1.1102765410109035	0.47387154269409715	243
1.0940408325616133	0.47754560677630764	243
1.1125492200207725	0.47336175201170794	243
1.09465170586211	0.47740633786580916	243
1.0937945134713567	0.4776017864055216	243
1.1074023398007202	0.474517837013772	243
1.1210130756546737	0.4714728124395646	243
1.0940952117565552	0.47753320593345255	243
1.1087440804377038	0.47421591329016743	243
1.0973187125500106	0.4767992551709782	243
1.1333279281328115	0.4687511876691395	242
1.0966897659701613	0.4769422812236072	242
1.114028927745882	0.4730304239811261	243
1.0829419009203356	0.4800902029759716	244
1.07904167467863	0.4809908392791482	243
1.0884582896256614	0.4788221076606905	243
1.1079922409025917	0.47438504781773966	243
1.1031758184372271	0.4754714233748911	243
1.1060790930069715	0.47481597596234715	243
1.091654374925997	0.47809045891502994	243
1.1121366063689682	0.47345422497038553	243
1.1004369271740004	0.4760914203434017	243
1.1077401129832807	0.4744417937677368	243
1.0619923068571444	0.4849678617492924	244
1.118270037774487	0.47208334261793533	243
1.093385556934307	0.47769508903293784	243
1.1052172054522131	0.4750103682461564	243
1.1066734851390647	0.4746820079401097	243
1.093467897190887	0.47767630033488767	243
1.105778925070534	0.4748836585333879	243
1.09348711709021	0.4776719148813893	243
1.098561702264502	0.4765168443324429	243
1.0952408373407552	0.47727210265201936	243
1.1226003749476807	0.47112024090952526	242
1.0745797991600208	0.48202532407039306	243
1.0997012891435647	0.4762582207147591	243
1.0931959539253717	0.4777383589552136	243
1.0827425279465754	0.48013616017430794	243
1.1011535660226452	0.475929040204776	243
1.1130596409618534	0.47324740893011685	243
1.09445546734494	0.4774510681134993	243
1.1032423856267906	0.47545637480198855	243
1.09465170586211	0.47740633786580916	243
1.1059383826734384	0.47484770125635106	243
1.093376187026082	0.4776972271862099	243
1.1057519544024192	0.474889740887732	243
1.1057033533718683	0.4749007016580457	243
1.09849697493649	0.4765315423103074	243
1.1171360769996093	0.4723361955161584	242
1.1139911260604243	0.4730388825536711	243
1.0812831090321362	0.4804728370015131	243
1.122865436459933	0.47106141671776847	243
1.0955186540025312	0.47720882755682303	243
1.082455546890294	0.4802023272445301	244
1.0932177849433558	0.4777333764279386	243
1.098491008809147	0.4765328971161428	243
1.1005575538612902	0.4760640803018124	243
1.1121329769275112	0.47345503854339954	243
1.1165149467283322	0.4724748112673528	242
1.0549495093828547	0.4866299611907844	244
