13.21404159855534	0.07035296703378412	140
7.437546298001082	0.11851786819076864	137
1.3868938061360323	0.41895454143342337	243
1.3868938061360323	0.41895454143342337	243
1.3868938061360323	0.41895454143342337	243
1.1745171182687664	0.4598722132829869	242
1.1232258918409375	0.47098144565906386	246
1.372628397505757	0.42147350215114066	242
1.7373071384788255	0.3653225412460362	237
1.729647508770533	0.3663476682564088	236
1.1462853910145308	0.46592126293479946	243
1.3969519164377622	0.4171965207738306	242
1.3867171069150037	0.418985558490662	241
1.188591208114769	0.4569149306148362	245
1.1406261493345293	0.46715303384987455	243
1.1406261493345293	0.46715303384987455	243
1.1149726805466116	0.47281934617781984	246
1.1243718307629866	0.4707273865709476	243
1.0944913630428361	0.47744288548758657	245
1.0944913630428361	0.47744288548758657	245
1.0979237349264468	0.4766617505450264	244
1.0980007991137926	0.47664424170972935	245
1.070725171333597	0.4829226079074394	244
1.05290467833107	0.48711467734242786	245
1.05290467833107	0.48711467734242786	245
1.05290467833107	0.48711467734242786	245
1.05290467833107	0.48711467734242786	245
1.05290467833107	0.48711467734242786	245
1.05290467833107	0.48711467734242786	245
1.05290467833107	0.48711467734242786	245
1.05290467833107	0.48711467734242786	245
1.05290467833107	0.48711467734242786	245
1.05290467833107	0.48711467734242786	245
1.0365531167696451	0.4910257394053082	245
1.0365531167696451	0.4910257394053082	245
1.0365531167696451	0.4910257394053082	245
1.0365531167696451	0.4910257394053082	245
1.0266439072064661	0.49342659381065307	243
1.0266439072064661	0.49342659381065307	243
1.0266439072064661	0.49342659381065307	243
1.0266439072064661	0.49342659381065307	243
1.0266439072064661	0.49342659381065307	243
1.0266439072064661	0.49342659381065307	243
1.0266439072064661	0.49342659381065307	243
1.0266439072064661	0.49342659381065307	243
1.0095651076189207	0.49762010507082943	245
1.0095651076189207	0.49762010507082943	245
1.0095651076189207	0.49762010507082943	245
1.0095651076189207	0.49762010507082943	245
1.0095651076189207	0.49762010507082943	245
1.0095651076189207	0.49762010507082943	245
1.0095651076189207	0.49762010507082943	245
1.0095651076189207	0.49762010507082943	245
1.0095651076189207	0.49762010507082943	245
1.0095651076189207	0.49762010507082943	245
1.0095651076189207	0.49762010507082943	245
1.0095651076189207	0.49762010507082943	245
1.0095651076189207	0.49762010507082943	245
1.0095651076189207	0.49762010507082943	245
1.0095651076189207	0.49762010507082943	245
1.0095651076189207	0.49762010507082943	245
1.0095651076189207	0.49762010507082943	245
1.0095651076189207	0.49762010507082943	245
1.0095651076189207	0.49762010507082943	245
1.0095651076189207	0.49762010507082943	245
1.0095651076189207	0.49762010507082943	245
1.0095651076189207	0.49762010507082943	245
1.0095651076189207	0.49762010507082943	245
1.0095651076189207	0.49762010507082943	245
1.0095651076189207	0.49762010507082943	245
1.0095651076189207	0.49762010507082943	245
1.0095651076189207	0.49762010507082943	245
1.0095651076189207	0.49762010507082943	245
1.0095651076189207	0.49762010507082943	245
1.0095651076189207	0.49762010507082943	245
1.0095651076189207	0.49762010507082943	245
1.0095651076189207	0.49762010507082943	245
1.0095651076189207	0.49762010507082943	245
1.0095651076189207	0.49762010507082943	245
1.0095651076189207	0.49762010507082943	245
1.0095651076189207	0.49762010507082943	245
1.0095651076189207	0.49762010507082943	245
1.0095651076189207	0.49762010507082943	245
1.0095651076189207	0.49762010507082943	245
1.0095651076189207	0.49762010507082943	245
1.0095651076189207	0.49762010507082943	245
1.0095651076189207	0.49762010507082943	245
1.0095651076189207	0.49762010507082943	245
1.0095651076189207	0.49762010507082943	245
1.0095651076189207	0.49762010507082943	245
1.0095651076189207	0.49762010507082943	245
1.0095651076189207	0.49762010507082943	245
1.0095651076189207	0.49762010507082943	245
1.0095651076189207	0.49762010507082943	245
1.0095651076189207	0.49762010507082943	245
1.0095651076189207	0.49762010507082943	245
1.0095651076189207	0.49762010507082943	245
1.0095651076189207	0.49762010507082943	245
1.0095651076189207	0.49762010507082943	245
1.0095651076189207	0.49762010507082943	245
1.0095651076189207	0.49762010507082943	245
