1.946382430854665	0.3393992543289526	243
1.2151784078707726	0.45143090797873886	243
1.1311501226401537	0.4692302008087352	244
1.184005293537835	0.45787434808828514	243
1.110930248511035	0.4737247953623099	244
1.1229895974057433	0.47103386715694834	244
1.1090989856333153	0.47413611537996275	244
1.0974841047573658	0.4767616582799699	245
1.0961254234693865	0.47707068899763516	245
1.0958739488762694	0.4771279305876975	245
1.094788770135175	0.4773751006577483	245
1.0835528396169685	0.4799494310803444	245
1.0883335162422307	0.47885071623971753	245
1.1010574074937944	0.47595082192105864	245
1.0743957109860183	0.48206810046125287	245
1.1018125632949387	0.47577981855448365	245
1.0884979738940028	0.4788130093971318	245
1.0915011655668285	0.4781254806181209	245
1.083507272740158	0.47995992770634005	245
1.1013726764908576	0.4758794150069224	245
1.113982404290556	0.47304083419539916	244
1.1013998881727205	0.4758732526961127	245
1.084390024771974	0.479756661716608	245
1.0943599352889741	0.4774728465487107	245
1.1098253299940064	0.47397288570937807	244
1.1090368435010767	0.4741500856570927	244
1.1041637980737862	0.47524817265434827	245
1.1075657121847127	0.4744810537667152	244
1.1018393833006246	0.4757737474828593	245
1.0954247710017568	0.4772302083276086	245
1.110872024572896	0.4737378620583762	245
1.0993643030711717	0.4763346688028821	245
1.100686263351147	0.4760349117553314	245
1.086497422889373	0.4792720992749678	245
1.1051621345568183	0.475022794484436	245
1.1070565089261555	0.4745957195564926	245
1.0946445088232577	0.4774079781975921	245
1.0980942687195299	0.476623007320973	245
1.0964799952897897	0.47699000336121655	245
1.1013221893280787	0.47589084866598264	245
1.084120979559533	0.4798185948933465	245
1.116179220433441	0.4725497681596068	244
1.108340952537031	0.4743065863216619	244
1.0843885976645018	0.4797569901890999	245
1.0973069367211832	0.4768019322738456	245
1.1080757187063008	0.47436626261872944	244
1.094785025634752	0.4773759539821919	245
1.1029838580081908	0.47551482442054255	245
1.1011910028511556	0.47592056059781157	245
1.0883335162422307	0.47885071623971753	245
1.0992698519807151	0.4763561002205002	245
1.1193593239128659	0.4718407061591381	244
1.074395695112765	0.4820681041500328	245
1.1209856591493985	0.47147890684043603	244
1.0861760074515783	0.47934594033682504	245
1.0937386297817497	0.47761453400907045	245
1.1050736495919318	0.475042761660073	245
1.1098493427391296	0.4739674913004649	244
1.0986488544573654	0.47649705565372624	245
1.068813963179081	0.4833687406398455	245
1.107749759717225	0.4744396223459466	245
1.083497776267152	0.4799621153383833	245
1.0958424221714596	0.47713510778349466	245
1.1070565089261555	0.4745957195564926	245
1.106097178190373	0.4748118986889449	245
1.1046343582475089	0.4751419153076461	245
1.0953087430680377	0.4772566349986965	245
1.0825488151596783	0.48018082107877286	245
1.1073747234731226	0.47452405538580245	244
1.083498116380509	0.4799620369886478	245
1.0878104521142051	0.47897068385080543	245
1.0987286038216544	0.47647894929294915	245
1.1015226204419826	0.4758454609399754	245
1.0943534647632922	0.47747432170577847	245
1.0947798120526215	0.4773771420969182	245
1.102015160042117	0.47573396187112343	245
1.0948477467359543	0.4773616610362878	245
1.1013040970483545	0.4758949460978414	245
1.0953140023875776	0.4772554370660033	245
1.1075228090930882	0.47449071283376587	244
1.0941684822252415	0.4775164980696349	245
1.096353668127361	0.4770187469814117	245
1.0871152909562465	0.47913021591722105	245
1.1081832764634219	0.4743420608466014	244
1.0951881200344995	0.4772841113587137	245
1.1266600480588311	0.47022089915723875	244
1.094496257203375	0.477441769857935	245
1.0956759044987125	0.47717301986119887	245
1.1020768136899908	0.4757200086540118	245
1.0941684822252415	0.4775164980696349	245
1.0947798120526215	0.4773771420969182	245
1.108771058775149	0.47420984645949965	244
1.0826510397539044	0.48015725194085546	245
1.1154453459606584	0.4727137015898104	244
1.1163307428866258	0.4725159351208136	244
1.1013211741819562	0.47589107856836765	245
1.0843328844256257	0.4797698138680796	245
1.1166766955071998	0.47243870645081165	244
1.1013040970483545	0.4758949460978414	245
1.1166501837029206	0.4724446239154054	244
1.068813963179081	0.4833687406398455	245
