2.5271616707334044	0.28351408110875437	221
2.4425368697666845	0.2904834538686507	222
1.988821690286864	0.3345800130030578	228
1.6946326386409665	0.3711081004735207	241
1.6946326386409665	0.3711081004735207	241
1.6946326386409665	0.3711081004735207	241
1.6664950337234028	0.3750241374361887	242
1.6946326386409665	0.3711081004735207	241
1.6946326386409665	0.3711081004735207	241
1.6786507317269412	0.37332228056298117	241
1.6693077206914586	0.3746289692448646	242
1.6668714539423786	0.3749712040007484	241
1.673938511019376	0.37398017788328786	241
1.662260162220653	0.3756206903407505	241
1.6672039163659866	0.37492446447907163	242
1.6663771739813629	0.3750407143288085	241
1.635816880065964	0.37938902643911054	242
1.6325211652024412	0.3798639924412915	242
1.6325211652024412	0.3798639924412915	242
1.6494896883002135	0.3774311726578383	240
1.6260600951358837	0.38079859705124364	242
1.62454137475036	0.3810189504423863	240
1.635081173066402	0.3794949507518646	242
1.6260894195985962	0.38079434482960306	240
1.622013575337471	0.3813862786241651	241
1.5870953961252554	0.3865338717303274	241
1.5205973961398098	0.3967313469146078	242
1.514777525346188	0.39764948983403153	242
1.4470009157524157	0.40866351686366864	242
1.3937143533223486	0.4177607903015049	244
1.384669735240286	0.41934528090919776	244
1.365529064388185	0.4227384119072905	243
1.3547031849149076	0.42468197537862384	243
1.3080174902020225	0.43327227988747574	244
1.2992245802559619	0.43492924031312963	244
1.2381293537871023	0.4468016999589037	243
1.2381293537871023	0.4468016999589037	243
1.2371710734891286	0.4469930850841834	243
1.2127171682855842	0.45193304157114716	243
1.2029034212407212	0.45394636476472444	243
1.1815978478845206	0.45837962343503985	243
1.1815978478845206	0.45837962343503985	243
1.1815978478845206	0.45837962343503985	243
1.179269924069218	0.4588692703714099	243
1.1787858541562064	0.4589712192652714	242
1.152000887356912	0.4646838232618947	244
1.1505849796648324	0.46498976299734485	244
1.137046423378669	0.4679355530419413	244
1.1290550001093835	0.4696919525088001	244
1.1290550001093835	0.4696919525088001	244
1.1287935196596859	0.4697496449349688	244
1.1280492947423273	0.46991392655736575	244
1.1041689374052244	0.47524701188354174	245
1.1041689374052244	0.47524701188354174	245
1.1041689374052244	0.47524701188354174	245
1.1041689374052244	0.47524701188354174	245
1.1041689374052244	0.47524701188354174	245
1.1041689374052244	0.47524701188354174	245
1.1041689374052244	0.47524701188354174	245
1.1041689374052244	0.47524701188354174	245
1.1041689374052244	0.47524701188354174	245
1.1041689374052244	0.47524701188354174	245
1.1041689374052244	0.47524701188354174	245
1.1041689374052244	0.47524701188354174	245
1.1041689374052244	0.47524701188354174	245
1.1041689374052244	0.47524701188354174	245
1.1041689374052244	0.47524701188354174	245
1.1041689374052244	0.47524701188354174	245
1.1041689374052244	0.47524701188354174	245
1.1041689374052244	0.47524701188354174	245
1.1041689374052244	0.47524701188354174	245
1.1041689374052244	0.47524701188354174	245
1.1041689374052244	0.47524701188354174	245
1.1041689374052244	0.47524701188354174	245
1.1041689374052244	0.47524701188354174	245
1.1041689374052244	0.47524701188354174	245
1.1041689374052244	0.47524701188354174	245
1.1041689374052244	0.47524701188354174	245
1.1041689374052244	0.47524701188354174	245
1.1041689374052244	0.47524701188354174	245
1.1041689374052244	0.47524701188354174	245
1.1041689374052244	0.47524701188354174	245
1.096781200625267	0.4769214831293779	245
1.096781200625267	0.4769214831293779	245
1.096781200625267	0.4769214831293779	245
1.1006246333962588	0.4760488780821421	244
1.1006246333962588	0.4760488780821421	244
1.1006246333962588	0.4760488780821421	244
1.0974299245698205	0.4767739738456808	245
1.0974299245698205	0.4767739738456808	245
1.0974299245698205	0.4767739738456808	245
1.0974299245698205	0.4767739738456808	245
1.0974299245698205	0.4767739738456808	245
1.0884684302454897	0.4788197827258776	245
1.0974299245698205	0.4767739738456808	245
1.0974299245698205	0.4767739738456808	245
1.0974299245698205	0.4767739738456808	245
1.0974299245698205	0.4767739738456808	245
1.0974299245698205	0.4767739738456808	245
1.0974299245698205	0.4767739738456808	245
1.0884684302454897	0.4788197827258776	245
