1.6485045442510575	0.3775715628544558	240
1.5676630169135053	0.38945920606126255	241
1.566899476210438	0.3895750531985455	241
1.5676630169135053	0.38945920606126255	241
1.5473179212128438	0.392569765898665	241
1.534345288474234	0.3945792250755364	242
1.5444717512317268	0.39300888269477563	241
1.5441588936064163	0.39305721136877264	242
1.5396143250644636	0.3937605762145072	242
1.5505357103942434	0.3920744947520955	241
1.5388727055260314	0.39387559597747107	242
1.5364632059017378	0.39424975598827583	242
1.5263533000194287	0.3958274561172064	242
1.544609555024052	0.3929875992273981	241
1.5380338611083553	0.3940057756216466	242
1.546350933369863	0.39271884597485207	241
1.5454854513781346	0.39285237299572723	241
1.5440767468303256	0.39306990296024036	242
1.536746093610473	0.39420579084315477	242
1.3854653834172785	0.4192054124748851	243
1.3854653834172785	0.4192054124748851	243
1.3854653834172785	0.4192054124748851	243
1.3666913331773465	0.42253080745323607	244
1.35541846691309	0.4245530100265186	244
1.3445558630759953	0.42652001419493857	245
1.3498757891890605	0.42555440785450993	244
1.3569364723750028	0.4242795729629211	244
1.3570324389974204	0.4242622984117082	244
1.348707000127139	0.42576617685640156	244
1.3550171198759313	0.42462536325539857	243
1.359406996535311	0.423835311783197	244
1.3555126905687402	0.4245360273387232	244
1.356069883826301	0.42443562768010157	244
1.3576051809307255	0.4241592307687516	243
1.3670235687260421	0.4224715010075759	243
1.358207704943057	0.4240508577356831	243
1.3557991900421298	0.42448439757809603	244
1.366661670584982	0.4225361032499521	243
1.373058959223299	0.4213970310823207	243
1.3552210629795198	0.42458859413176697	244
1.354290124105221	0.424756485940773	244
1.3682106451368348	0.4222597352366094	243
1.3653926249097599	0.4227627961079612	243
1.3621061676818906	0.4233509965309366	244
1.361488030114538	0.423461811894722	243
1.3643768563536183	0.42294442077318284	243
1.354698451168799	0.4246828291340792	244
1.361296170474538	0.42349621894276607	243
1.3698246466728026	0.42197214946008116	243
1.354300087680868	0.42475468833926866	244
1.3632160361356236	0.4231521725940973	243
1.3634190452864017	0.42311582535242664	243
1.3623370874768235	0.4233096137300562	243
1.3622443128792583	0.42332623875857045	244
1.366687639867282	0.4225314668293436	243
1.3590697705744936	0.42389589849073195	244
1.3629556184303735	0.42319880754436856	243
1.3553616680002731	0.42456324800811185	244
1.3621445857730492	0.4233441111195715	243
1.3460688201769393	0.4262449555612697	243
1.3579454099333752	0.42409802864276464	244
1.3578302238735596	0.4241187469202726	244
1.3597644200083325	0.4237711152524577	244
1.3474976189154757	0.425985522601719	243
1.359032272849935	0.4239026364789427	244
1.3563958600632442	0.42437691261822225	244
1.3618274921893192	0.4234009483364257	243
1.3556305126058348	0.42451479323630625	244
1.3701501929510893	0.4219141904905585	243
1.356045287899012	0.4244400585744867	244
1.3574933961321956	0.4241793430431843	244
1.3663469065138976	0.42259230768205497	243
1.3545504058377862	0.42470953160341635	244
1.3686867954906643	0.42217485313116454	243
1.365025001143481	0.4228285111220827	244
1.3541839824559856	0.42477563667592244	244
1.3551853114817787	0.4245950393478143	244
1.3589454305070432	0.42391824205321066	244
1.365754023416917	0.42269821380486344	243
1.3557285831326273	0.4244971204068886	244
1.36174197165462	0.42341628001784076	243
1.363890282784633	0.4230314779339135	243
1.3638803634087762	0.42303325306953116	243
1.3563450813141655	0.42438605785290434	244
1.3564188914588922	0.4243727648019686	244
1.3612318930048848	0.4235077473595395	243
1.3695496995689482	0.42202111235814677	243
1.3391923169974398	0.42749798412624257	244
1.361307345740301	0.42349421467898185	243
1.3648938941560624	0.4228519522466189	243
1.3598864911164317	0.42374919461779414	243
1.367115089171375	0.4224551668715258	243
1.3471102777131263	0.42605582255569857	244
1.3611701138660859	0.42351882828240606	243
1.3537639405522055	0.42485144018537163	244
1.3694717836776713	0.4220349897764531	243
1.362353397059579	0.42330669121931547	243
1.3556613962339228	0.424509227683883	244
1.3560014487254697	0.4244479563206431	244
1.361285829623737	0.42349807357262914	243
1.3391923169974398	0.42749798412624257	244
