1.6948642051626897	0.37107621158952975	241
1.6507219939762041	0.3772557070385017	239
1.20171814952509	0.45419074199651754	242
1.6946326386409665	0.3711081004735207	241
1.6877131394549674	0.3720635157525728	241
1.6946326386409665	0.3711081004735207	241
1.6810503718198857	0.37298814319598333	241
1.1514009097054498	0.4648134131991749	242
1.1447632097839062	0.4662519365486292	242
1.1514009097054498	0.4648134131991749	242
1.1273982843351342	0.47005772607949864	243
1.0992714135790247	0.4763557458704737	243
1.1259071214437462	0.470387435985858	243
1.09977745152228	0.47624094604646217	243
1.1037943762493048	0.47533162522414574	243
1.1116935816427598	0.4735535537414786	243
1.0967796870942124	0.4769218273884719	243
1.1117285412445896	0.47354571407678653	243
1.0990367743637743	0.4764089949320224	243
1.1129542780725228	0.47327100750718526	243
1.1034987469274888	0.4753984291460439	243
1.113228496406264	0.4732095945613976	243
1.1342301564423471	0.46855302694576717	243
1.102481545635138	0.4756284315912558	243
1.1086682645394064	0.47423296343791127	243
1.1168682950908146	0.4723959456141316	243
1.1304814108162349	0.4693774819733713	242
1.0990362068165858	0.4764091237457059	243
1.116885283802644	0.47239215447880145	243
1.1375323150196355	0.46782918460384254	243
1.1146522958756178	0.47289098162869764	243
1.1244411865047717	0.47071201893107995	243
1.110848351382478	0.4737431750343697	243
1.0990389753637333	0.47640849538142305	243
1.0991537855369076	0.47638243890941345	243
1.1003232692978173	0.476117183777296	243
1.099039118956266	0.47640846279093824	243
1.1107076663049669	0.4737747514560429	243
1.1184655004987996	0.4720397852901295	243
1.1112030639649326	0.47366357934416586	243
1.119077921455718	0.471903364135398	243
1.1332196711498672	0.46877497593155565	242
1.1184655004987996	0.4720397852901295	243
1.1022048911715685	0.475691025265713	243
1.1104312321739571	0.4738368086838343	243
1.0990630060011102	0.476403041328942	243
1.10180141876268	0.47578234131590563	243
1.1099314696715468	0.47394904259884335	243
1.0990924144341911	0.4763963668886628	243
1.1109186710123318	0.47372739354303534	243
1.0995629819562764	0.47628959387931574	243
1.1290024317348268	0.46970354993213687	242
1.1035259472820853	0.4753922818456676	243
1.1117769303819303	0.47353486327703304	243
1.1402884003796452	0.4672267530967414	242
1.1006416700127037	0.47604501723225956	243
1.1116000035789366	0.47357453983003733	243
1.099683713167392	0.4762622073643134	243
1.120369146158444	0.4716159928150904	243
1.1040631592940187	0.4752709040994436	243
1.1182558041756374	0.4720865147772699	243
1.1203702949728247	0.4716157372940448	243
1.1193496270014187	0.47184286502782424	243
1.1122761047508682	0.47342295723122085	243
1.0920768006018837	0.47799392436850463	243
1.1122683989400215	0.47342468433548496	243
1.108080929577156	0.4743650900540059	243
1.111911610695998	0.4735046651267956	243
1.1094977745827022	0.47404648255569676	243
1.119143871102645	0.47188867808190593	243
1.0995045040459008	0.4763028600667091	243
1.0679111311308032	0.48357977523587603	244
1.0990408221123593	0.4764080762343893	243
1.1255793532155784	0.47045997058975897	243
1.1126929153416112	0.47332955619738293	243
1.1123712410685247	0.4734016353556104	243
1.099100827091251	0.4763944576143643	243
1.1191259427340736	0.4718926703855132	243
1.112029247661952	0.4734782916036864	243
1.1127340388407974	0.4733203430322324	243
1.1280790367185125	0.46990735905278935	242
1.125720851381435	0.47042865451977545	243
1.0916811041120773	0.4780843494900251	243
1.1181804373837851	0.4721033120460332	243
1.1063875309872306	0.4747464487369595	243
1.1182901788255268	0.4720788539719539	243
1.1269358008793509	0.4701599359917514	243
1.122665638896851	0.47110575574196406	243
1.1055128121818303	0.4749436784304122	243
1.0995619047347382	0.4762898382490615	243
1.1123677174025797	0.47340242504256075	243
1.1265926581575776	0.4702358000550857	243
1.0933441601777691	0.4777045356531718	243
1.1199901904704654	0.4717002958292374	243
1.1030182328583025	0.47550705190076126	243
1.1106627930138708	0.4737848240419653	243
1.0995578740240188	0.47629075262564546	243
1.1051785454379677	0.47501909145286153	243
1.1183629066835223	0.4720626465111142	243
1.1193209728245166	0.47184924455650246	243
1.0679111311308032	0.48357977523587603	244
