1.403453713012425	0.41606792533009784	242
1.7502294876222908	0.36360602069776704	238
1.7083259749677888	0.36923177240948385	239
1.7083259749677888	0.36923177240948385	239
1.694025404280682	0.3711917483818253	239
1.6852147035869287	0.37240969918129563	239
1.672227989799666	0.3742195665254479	240
1.655512330903006	0.37657516719568396	240
1.6753748653706533	0.373779395532094	240
1.6854954943899048	0.37237076066187247	239
1.6938053457964755	0.3712220712459574	239
1.6906335135458772	0.3716596834780893	239
1.679278424725361	0.3732348197826827	240
1.6629379252675311	0.3755250884789345	240
1.688294243412711	0.37198309018827086	239
1.672227989799666	0.3742195665254479	240
1.6812338169758656	0.3729626240235509	239
1.6801645054144017	0.37311142580234347	240
1.678440301318169	0.3733516104532401	240
1.6873325698890327	0.3721162059377313	239
1.6598228410449105	0.3759648893033607	240
1.6447859973088408	0.37810242530682403	240
1.6842078269395835	0.37254939426212624	238
1.6828007269825667	0.3727447923889347	240
1.672201213092827	0.3742233163806523	239
1.679941134256422	0.373142524370208	240
1.6625908715110922	0.3755740360637806	240
1.6858117473182197	0.37232691419958935	239
1.6566007030524645	0.3764208896169412	240
1.6805079314719784	0.3730636228525757	240
1.6640300282616949	0.37537114424063367	240
1.6753781527375258	0.37377893625122505	240
1.6782638166746577	0.37337621252024517	240
1.675894418885181	0.3737068222656615	240
1.6715612611191253	0.3743129587008224	240
1.6703286441293106	0.3744857406216608	240
1.6845070622734803	0.3725078671065632	240
1.6588678807327397	0.3760999210402348	240
1.6818325967693502	0.37287935168087766	239
1.6740912069911837	0.37395882286497373	239
1.6850342288612399	0.37243473072003025	239
1.675721152634636	0.37373102164078453	239
1.6811125980196848	0.37297948647834367	239
1.6875736074256096	0.3720828323499896	239
1.6805473601518093	0.37305813538894766	239
1.6705460967670682	0.374455247640394	239
1.6859547818083735	0.37230708676589475	239
1.6552125254885681	0.3766176870591542	240
1.6668955202015414	0.3749678202333282	240
1.6866602177130268	0.37220933015907487	239
1.6663533016517504	0.3750440721342219	240
1.6922433798659504	0.3714374441324807	239
1.6832566327372673	0.37268146020750587	240
1.7083259749677888	0.36923177240948385	239
1.6827303706518129	0.3727545678610385	240
1.6783691885930232	0.3733615232205203	240
1.6796097285462872	0.37318867346496354	240
1.7077325782418715	0.3693126891612388	239
1.6849166189844034	0.37245104482174196	239
1.680386766378066	0.37308048694452883	240
1.6871551603851687	0.37214077353711983	238
1.6730782042803958	0.374100540118393	240
1.6743005508037767	0.37392954942908124	240
1.6764937591305313	0.3736231390746278	240
1.6835209059135023	0.3726447585321077	239
1.6786599523701111	0.37332099549074443	240
1.6816875641822946	0.372899517958917	240
1.677020427344732	0.3735496336842952	240
1.6627687892530154	0.375548941401153	240
1.6838780409857355	0.37259517188520225	239
1.6766122631440934	0.37360659732812623	241
1.6812577181904176	0.3729592993675	239
1.690818799292667	0.37163409154970567	239
1.6843648459868044	0.37252760238423854	239
1.6665068964992253	0.3750224690260015	240
1.690707541640924	0.3716494581905217	239
1.6667147236204565	0.3749932421126596	240
1.6690622760681244	0.374663419795933	239
1.6807364843212549	0.37303181638653066	239
1.684217072277243	0.3725481110779231	239
1.6806270552661864	0.3730470443605591	239
1.6815793266271954	0.3729145694368728	240
1.6852898720973604	0.37239927442877685	239
1.6794681505110585	0.3732083920494702	239
1.6911648568578743	0.3715863030284852	239
1.6607467503698958	0.37583434043881875	239
1.6909432451298458	0.3716169048937883	239
1.6894070217764499	0.37182917717655994	239
1.6776086740556833	0.37346756816608817	239
1.6730326624511493	0.37410691386128003	239
1.6827115777629162	0.372757179075467	240
1.69138169132662	0.371556365721982	239
1.6751462002619981	0.3738113453021978	240
1.7083259749677888	0.36923177240948385	239
1.698967856500252	0.3705120079854151	239
1.6953438970248393	0.3710101709484325	239
1.6805624635103344	0.3730560334305542	240
1.67704694247627	0.37354593381728274	240
1.6760357313613576	0.37368708806114415	240
1.682128328663129	0.3728382379445791	240
1.403453713012425	0.41606792533009784	242
