1.5890414223216887	0.38624333754508383	241
1.5932252907024287	0.38562017869613224	241
1.5890414223216887	0.38624333754508383	241
1.587340034717443	0.38649732411735654	241
1.5686910800861926	0.3893033334185304	241
1.1998558970682625	0.45457522982877885	243
1.1998558970682625	0.45457522982877885	243
1.1998558970682625	0.45457522982877885	243
1.1874913566675032	0.4571446634300915	243
1.1634533826136029	0.4622239647206681	244
1.1615835186161707	0.46262380860499547	244
1.197741932910622	0.4550124766812956	243
1.1831065862635015	0.45806283865944963	243
1.1916181392937109	0.4562838671896868	243
1.1891259961159877	0.4568033095281997	243
1.1738916222702058	0.46000453277228925	244
1.1901507994598313	0.456589564630269	243
1.180036039411236	0.45870801304278935	244
1.1615381818339896	0.46263351182237034	244
1.1814287699397636	0.45841515147323064	243
1.165156242938548	0.4618604330571548	244
1.180869239359417	0.4585327638871775	244
1.1763126684368765	0.4594927992209152	243
1.1620865191426248	0.46251618108074133	244
1.1729623709257693	0.46020125032075904	244
1.1621553445475181	0.46250145833498085	242
1.1189641922055782	0.47192869217819317	243
1.1496137292458157	0.4651998572556784	242
1.1523137755766784	0.4646162708000444	242
1.1195045122504952	0.47180838456352114	243
1.1509288751827504	0.4649154193511101	242
1.1527596735069494	0.46452003551838733	243
1.1160418133098888	0.4725804536139157	243
1.1091155269786863	0.4741323968310558	243
1.1196556364798023	0.47177474623224197	243
1.122236971946444	0.47120091357320654	243
1.1219189591673846	0.47127153262836574	243
1.125996464617925	0.4703676683581483	243
1.1267561371745556	0.4701996540743609	243
1.1214814132307944	0.47136873024831477	243
1.1312317339292406	0.4692122325695443	242
1.1385173401737712	0.4676136972163818	243
1.1098375282936084	0.47397014537360066	243
1.1293730235216468	0.46962180367353284	243
1.109310533521044	0.47408856311484554	243
1.126796801058999	0.470190663960971	243
1.1213380288418269	0.4714005907610884	243
1.1071987557052498	0.4745636818987747	243
1.1105183231239273	0.47381725571556715	243
1.092407614323321	0.47791835259756377	244
1.1088163011979917	0.47419967278890657	243
1.1207765873017517	0.471525386496412	243
1.1353794221510376	0.46830085071844857	243
1.1156203956613315	0.47267458852768596	243
1.1276396998281148	0.47000439034898006	242
1.1430238012175329	0.46663037500183724	243
1.1429646719242292	0.46664325040042376	243
1.111354222141431	0.47362966834894943	243
1.1136929321321687	0.4731056175653949	243
1.1158729579964828	0.4726181674663959	243
1.1160705439196699	0.47257403722829855	243
1.1376623350689552	0.46780072960762653	243
1.1230503273436387	0.47102039321470085	243
1.1235619360869633	0.470906914936833	242
1.1199142785473626	0.4717171869257063	242
1.1213934084814838	0.4713882847009555	243
1.109106178020949	0.47413449850037254	243
1.084341482931263	0.4797678346801764	244
1.1377819743154747	0.46777454951653963	243
1.1191564670482006	0.4718858732469682	243
1.124871436051013	0.47061670792584953	243
1.136025304642857	0.46815924784524027	243
1.1439957780067336	0.46641882892591185	243
1.108398734765475	0.47429358759847373	243
1.1238457028845015	0.4708439971142206	243
1.1081129262876588	0.4743578901918591	243
1.0654595193137373	0.48415376367785534	244
1.1088205571779766	0.4741987157684957	243
1.1177581580451619	0.47219744908128203	244
1.1238038063757447	0.4708532855049792	243
1.1135891388398111	0.47312885064734905	243
1.1129674653555217	0.4732680537661488	243
1.1276451075624965	0.47000319576117394	243
1.110467309226086	0.47382870875488836	243
1.128594755959742	0.46979350916850277	243
1.1382073474819094	0.46768149084216004	243
1.1211058774942926	0.4714521847355029	243
1.1409712236603284	0.4670777397420326	243
1.1199592392337392	0.47170718261613875	243
1.1197591739456239	0.4717517028779478	243
1.1346732959237955	0.4684557594408107	243
1.1219590861959274	0.47126262070995784	243
1.1232267971331154	0.4709812448440501	243
1.125207855039034	0.47054220961442517	243
1.1494127926022732	0.46524334620215485	242
1.1407121508961795	0.46713426631476995	242
1.1092710503189438	0.4740974375241103	243
1.1407984644716918	0.46711543220710455	242
1.1223519638048414	0.47117538327961983	243
1.13851668952237	0.46761383948953256	243
1.0654595193137373	0.48415376367785534	244
