7.086638488707785	0.12366077714447161	140
8.250701506918116	0.10809990996381759	165
7.391551785513497	0.1191674705179464	182
1.6946326386409665	0.3711081004735207	241
1.8129082002242756	0.3555039584726829	240
1.6946326386409665	0.3711081004735207	241
1.653528712106884	0.376856672188034	241
1.6430322658895442	0.37835330764054753	241
1.6158188147982495	0.3822894744631337	240
1.6386901532097005	0.3789759092342088	241
1.6130969514670477	0.3826876761838396	241
1.6130969514670477	0.3826876761838396	241
1.608393712421676	0.3833777068384295	240
1.6087461592600723	0.383325911741307	240
1.5921390577371686	0.3857817723995715	242
1.5921390577371686	0.3857817723995715	242
1.5663882018672233	0.38965266411076527	241
1.5663882018672233	0.38965266411076527	241
1.5368487487559488	0.39418983906328364	241
1.5194849424497372	0.39690651972211566	240
1.4357092228656219	0.4105580381321116	241
1.4042485628308066	0.41593037236656655	243
1.4669842917836828	0.4053532093132942	244
1.4431248631749525	0.409311867384647	244
1.4431248631749525	0.409311867384647	244
1.403580064816315	0.4160460534009386	243
1.3742879503539087	0.42117890538548247	243
1.3415595801328672	0.4270657934500462	243
1.3354387933213714	0.4281850600665233	244
1.324048792839551	0.4302835650787641	243
1.271279744677944	0.4402804200333301	242
1.2494609902517109	0.4445509410181422	242
1.1966598896147351	0.45523660933026217	243
1.1966598896147351	0.45523660933026217	243
1.1679665928954828	0.4612617202114838	242
1.1679665928954828	0.4612617202114838	242
1.1531429741513783	0.4644373420646307	244
1.1506547743141844	0.46497467280348925	245
1.1506547743141844	0.46497467280348925	245
1.144618750809488	0.46628334272585714	244
1.144618750809488	0.46628334272585714	244
1.1324185593613103	0.46895108636623106	243
1.1243589383587476	0.47073024334229846	243
1.122864409132655	0.471061644680629	243
1.122864409132655	0.471061644680629	243
1.122864409132655	0.471061644680629	243
1.122864409132655	0.471061644680629	243
1.1204155222724397	0.47160567798914454	244
1.1109588038173235	0.4737183872047449	244
1.1109588038173235	0.4737183872047449	244
1.1140088611665695	0.47303491407702614	244
1.120109732329648	0.4716736991255478	245
1.120109732329648	0.4716736991255478	245
1.1127145864163113	0.473324701040782	244
1.1127145864163113	0.473324701040782	244
1.0994085679884082	0.4763246255387872	243
1.0994085679884082	0.4763246255387872	243
1.0994085679884082	0.4763246255387872	243
1.0994085679884082	0.4763246255387872	243
1.0994085679884082	0.4763246255387872	243
1.0994085679884082	0.4763246255387872	243
1.0994085679884082	0.4763246255387872	243
1.0854920820685954	0.4795031391383189	245
1.0888554948238558	0.47873105749918127	245
1.0888554948238558	0.47873105749918127	245
1.0888554948238558	0.47873105749918127	245
1.0888554948238558	0.47873105749918127	245
1.0844507583970682	0.47974268328074815	245
1.0748805100488403	0.48195546449875376	245
1.0748805100488403	0.48195546449875376	245
1.0498817736354222	0.48783301206026186	245
1.0458807415279356	0.4887870439863298	246
1.0458807415279356	0.4887870439863298	246
1.0458807415279356	0.4887870439863298	246
1.0364717384867927	0.4910453610041519	245
1.0299561260368912	0.49262148436297115	246
1.0364717384867927	0.4910453610041519	245
1.0364717384867927	0.4910453610041519	245
1.0364717384867927	0.4910453610041519	245
1.0364717384867927	0.4910453610041519	245
1.0187297256897292	0.49536101206333355	247
1.0187297256897292	0.49536101206333355	247
1.0281766670789276	0.49305369509069724	246
1.0281766670789276	0.49305369509069724	246
1.026834108715946	0.4933802898321693	245
1.026834108715946	0.4933802898321693	245
1.026834108715946	0.4933802898321693	245
1.026834108715946	0.4933802898321693	245
1.0281766670789276	0.49305369509069724	246
1.0281766670789276	0.49305369509069724	246
1.0281766670789276	0.49305369509069724	246
1.0281766670789276	0.49305369509069724	246
1.0281766670789276	0.49305369509069724	246
1.0281766670789276	0.49305369509069724	246
1.0140684412159446	0.4965074570138612	247
1.0140684412159446	0.4965074570138612	247
1.0140684412159446	0.4965074570138612	247
1.0140684412159446	0.4965074570138612	247
1.0140684412159446	0.4965074570138612	247
1.0089143062673631	0.4977813124632662	245
1.0089143062673631	0.4977813124632662	245
