12.354350931253103	0.07488196207722131	161
2.741875180824958	0.26724568609996596	211
1.989111795047565	0.33454754072993353	233
1.9499170988206342	0.33899257724896614	234
1.1840045144631357	0.4578745114205116	242
1.158110070218834	0.46336839524528944	243
1.158110070218834	0.46336839524528944	243
1.158110070218834	0.46336839524528944	243
1.158110070218834	0.46336839524528944	243
1.1171477649041255	0.4723335879417395	244
1.1325879765634466	0.46891383192146074	244
1.1252330228487109	0.4705366372764042	244
1.1138408313955153	0.47307251574841613	244
1.1181004424050234	0.4721211421232402	244
1.126989156455771	0.47014814201794647	244
1.1166416372046248	0.47244653153505256	244
1.1311313488838246	0.46923433439414597	244
1.1160683705755465	0.4725745225935263	244
1.135368682173798	0.46830320606837944	243
1.1166534868471019	0.4724438866418176	244
1.1324609416758  	0.4689417660396384	244
1.119558574489998	0.4717963504455719	244
1.1259183721972912	0.4703849466084755	244
1.1363012560185792	0.46809877454441895	244
1.1186866848558081	0.4719905057920621	244
1.1165217818267321	0.4724732854565371	244
1.1275765189791496	0.4700183476737271	244
1.1193784936316817	0.47183643837323286	244
1.1283130031822983	0.46985570191263176	243
1.1431696981333002	0.4665986090000244	243
1.1232728623399753	0.47097102672801994	244
1.1164409790478653	0.47249132383076203	244
1.1173650110064477	0.47228512552243873	244
1.1193784936316817	0.47183643837323286	244
1.121513145822658	0.4713616797374265	244
1.128472067697956	0.46982058875761884	244
1.1171785299134351	0.4723267243981012	244
1.1182730911862393	0.47208266212738276	244
1.120464265784104	0.4715948371005538	244
1.1264746772729086	0.47026188963719384	244
1.1367756133133056	0.4679948581261605	244
1.1277999058554893	0.4699690028409634	244
1.1148101927135783	0.47285567444559606	244
1.1187444957335704	0.47197762732300164	244
1.0930793112933999	0.47776498224620967	245
1.1275198309502235	0.47003087137071037	244
1.136190892242864	0.4681229583139285	244
1.1177688331327926	0.47219506886439094	244
1.1305027097884053	0.4693727895325309	244
1.1087949630075566	0.47420447105668495	244
1.1310680769651187	0.46924826607327946	244
1.1118934133390368	0.47350874513071983	244
1.1276131183754363	0.47001026237493854	244
1.125903342594924	0.47038827211183465	244
1.1302480663249939	0.469428896947741	244
1.1164941075240773	0.47247946329972196	244
1.1140649005430974	0.473022374924773	244
1.1264725292263174	0.47026236467011107	244
1.1371377662866393	0.4679155531173543	243
1.1328153664192604	0.46886383872921894	244
1.1277548005203162	0.4699789655064871	244
1.1164339208425518	0.4724928995665975	244
1.12583457958922	0.47040348745913824	244
1.1096692686065153	0.4740079475398165	245
1.1388460634535136	0.4675418287865645	244
1.1169028799749192	0.4723882278490962	244
1.138783642433497	0.46755547413024223	244
1.123425662949612	0.47093713589715136	244
1.132578959657523	0.46891581456875714	244
1.1182853688421717	0.4720799259197959	244
1.12980400347896	0.4695267725887147	244
1.1257538682832977	0.47042134788990103	244
1.1300235965471568	0.46947836710402413	244
1.11669850442681	0.4724338387864994	244
1.1166230839435076	0.4724506727654539	244
1.128582598238438	0.4697961924651527	244
1.1371335512596337	0.46791647597811403	243
1.135266423605391	0.46832563325353227	244
1.1164230529083277	0.4724953258403743	244
1.1187152657355321	0.47198413877139855	244
1.1264725292263174	0.47026236467011107	244
1.1172685261651831	0.47230664775960635	244
1.1258527141037098	0.4703994746981399	244
1.126012674016056	0.47036408212515096	244
1.141486505192336	0.466965352139908	244
1.1169183459414669	0.4723847766340111	243
1.121731826034429	0.4713130979747924	244
1.1266202569648036	0.4702296974389022	244
1.122531366546797	0.47113555811753527	244
1.1093571433628664	0.474078087319883	244
1.1233586985254338	0.47095198785511366	244
1.1284252693986796	0.4698309188381883	244
0.8961592600157998	0.5273818613694229	246
0.9594541421216188	0.5103462125004058	245
1.1460374405691431	0.4659750948868783	243
1.1171785299134351	0.4723267243981012	244
1.1321322822265956	0.46901405149013337	244
1.1166705487656687	0.4724400783972488	244
1.117967780606154	0.47215071407450965	245
1.1289713708948843	0.4697104027188789	243
0.8961592600157998	0.5273818613694229	246
