9.682120420980997	0.09361437248318949	136
9.004532271138638	0.09995469782078956	136
3.112328065579319	0.2431712606710832	214
1.6946326386409665	0.3711081004735207	241
1.6946326386409665	0.3711081004735207	241
1.6946326386409665	0.3711081004735207	241
1.6471619302011893	0.3777630633740634	241
1.69348170178063	0.3712666766360103	241
1.6946326386409665	0.3711081004735207	241
1.6932890451880949	0.37129323411708365	241
1.6798122349447142	0.37316047257341906	241
1.6660830061382998	0.3750820952302061	240
1.234457905696261	0.44753584189289003	243
1.234457905696261	0.44753584189289003	243
1.234457905696261	0.44753584189289003	243
1.234457905696261	0.44753584189289003	243
1.234457905696261	0.44753584189289003	243
1.206032160231423	0.45330254836135087	244
1.2108167476899212	0.4523215237286846	244
1.2330772622129758	0.44781253963823975	243
1.2110657766575037	0.45227057944504606	244
1.2158257340524241	0.4512990280021457	243
1.2091411226132691	0.45266460787125523	244
1.200057801944344	0.45453351230873595	244
1.227200950819007	0.4489940611924895	243
1.2060031625349654	0.4533085069791462	244
1.2165790996179502	0.4511456415755071	243
1.1922447276855441	0.4561534519258472	244
1.2205335990274981	0.4503422062327535	243
1.208407942181212	0.45281489026538946	244
1.2060927809636277	0.45329009216158034	244
1.216081721179588	0.45124689691845593	244
1.1973119964355157	0.45510150657812926	244
1.198111066019413	0.4549360655423625	244
1.2131939718421583	0.45183567853641277	244
1.2121230301749115	0.4520544229951489	244
1.2224883294137694	0.4499461197457771	243
1.2156017073915097	0.4513446603077988	243
1.1991794758275767	0.4547150475855039	244
1.200190504146289	0.45450609759267946	244
1.1983528599309983	0.45488602772868225	244
1.2140285346315343	0.45166536219300496	243
1.1979116066208122	0.4549773507668281	244
1.2123567582213515	0.4520066649666219	243
1.212220239269932	0.452034558878286	243
1.2072887660916272	0.45304448396693775	244
1.1930186349240068	0.4559924772525484	244
1.1897779563989854	0.456667305960311	244
1.2081489016135192	0.45286801051744685	244
1.2078616908273592	0.45292692207783486	243
1.2207001640548973	0.4503084280293137	243
1.206404175084578	0.4532261184475265	243
1.1993479716791968	0.45468021107933293	244
1.2069793806741802	0.45310799401058455	244
1.2170539589619196	0.4510490130191622	243
1.2131953905987227	0.4518353888896704	243
1.2163022315548209	0.4512020002337234	243
1.2059482610967929	0.45331978887972746	244
1.214354555006479	0.4515988633071789	243
1.2067229634860908	0.4531606443340041	244
1.2152884629002194	0.4514084809934036	244
1.1967969244804784	0.45520821194543987	244
1.2270317598141673	0.44902817195720823	243
1.2102946101522054	0.45242837556896454	243
1.2292944969959667	0.448572407704557	243
1.2234596581696364	0.44974955867794125	243
1.190938089301839	0.456425494121862	244
1.2066782413075217	0.4531698284238624	244
1.2247083318313379	0.44949712539477876	243
1.199205547031841	0.454709657016667	244
1.2155713827484362	0.4513508378861127	243
1.230124337668103	0.4484054916174025	243
1.2063471816136904	0.45323782600189627	244
1.2219844402041344	0.4500481560114479	243
1.2163220954619838	0.4511979563112887	244
1.213418307138979	0.4517898838979878	243
1.218755161413676	0.45070317689440403	244
1.2228443422203654	0.449874055958914	243
1.2070492769762975	0.45309364427513843	244
1.221582054632424	0.45012967129204545	243
1.2007770099897974	0.4543849719716201	244
1.1955575415896342	0.4554651750443201	244
1.2065170888778372	0.45320292557016517	244
1.1965551561354573	0.4552583153702205	244
1.2085819647365688	0.4527792112615917	244
1.2070192010146397	0.4530998187692554	244
1.19979195262241	0.4545884436061705	244
1.2189092020964185	0.4506718882661819	244
1.2295438261467355	0.4485222440001437	243
1.2060216775641268	0.45330470238361065	244
1.1998903305969513	0.45456811464262625	244
1.206965369332007	0.45311087065343253	244
1.2294627411690624	0.4485385566370266	243
1.2020749123758512	0.45411715758619914	244
1.2203085692791735	0.45038784871449267	243
1.2145374135984026	0.4515615739248675	243
1.2261919116439781	0.4491975713187858	243
1.1980744479231935	0.4549436443996835	244
1.1921345945965434	0.45617636912666276	244
1.2267503720031574	0.4490849143096414	243
1.1897779563989854	0.456667305960311	244
