3.7779192961599413	0.20929612620366136	202
2.9680862322502493	0.2520106523574497	211
1.7015859541436051	0.3701529460745946	238
1.3820970767087422	0.4197981727015357	242
1.3781184779289612	0.42050049620356716	242
1.3634356534807284	0.4231128520580872	242
1.2350001524763101	0.4474272625404662	241
1.3781184779289612	0.42050049620356716	242
1.267540109784722	0.44100653200570683	243
1.267540109784722	0.44100653200570683	243
1.248514253534392	0.4447381191505107	242
1.2482091557757673	0.4447984732341061	242
1.2032704862049681	0.45387073727949484	243
1.214838265152429	0.45150023626270436	243
1.231069079633173	0.44821561516347924	242
1.1884684823090967	0.4569405536719816	244
1.1884684823090967	0.4569405536719816	244
1.1884684823090967	0.4569405536719816	244
1.1884684823090967	0.4569405536719816	244
1.1884684823090967	0.4569405536719816	244
1.1884684823090967	0.4569405536719816	244
1.1884684823090967	0.4569405536719816	244
1.1835282387628596	0.4579743839569387	243
1.1835282387628596	0.4579743839569387	243
1.1835282387628596	0.4579743839569387	243
1.1835282387628596	0.4579743839569387	243
1.1835282387628596	0.4579743839569387	243
1.1835282387628596	0.4579743839569387	243
1.1835282387628596	0.4579743839569387	243
1.1835282387628596	0.4579743839569387	243
1.1835282387628596	0.4579743839569387	243
1.1835282387628596	0.4579743839569387	243
1.1835282387628596	0.4579743839569387	243
1.1835282387628596	0.4579743839569387	243
1.1835282387628596	0.4579743839569387	243
1.1835282387628596	0.4579743839569387	243
1.1835282387628596	0.4579743839569387	243
1.1835282387628596	0.4579743839569387	243
1.1835282387628596	0.4579743839569387	243
1.1835282387628596	0.4579743839569387	243
1.1835282387628596	0.4579743839569387	243
1.1835282387628596	0.4579743839569387	243
1.1835282387628596	0.4579743839569387	243
1.1835282387628596	0.4579743839569387	243
1.1835282387628596	0.4579743839569387	243
1.1835282387628596	0.4579743839569387	243
1.1835282387628596	0.4579743839569387	243
1.1835282387628596	0.4579743839569387	243
1.1835282387628596	0.4579743839569387	243
1.1835282387628596	0.4579743839569387	243
1.1835282387628596	0.4579743839569387	243
1.1835282387628596	0.4579743839569387	243
1.1835282387628596	0.4579743839569387	243
1.1835282387628596	0.4579743839569387	243
1.1835282387628596	0.4579743839569387	243
1.1835282387628596	0.4579743839569387	243
1.1835282387628596	0.4579743839569387	243
1.1835282387628596	0.4579743839569387	243
1.1835282387628596	0.4579743839569387	243
1.1835282387628596	0.4579743839569387	243
1.1835282387628596	0.4579743839569387	243
1.1835282387628596	0.4579743839569387	243
1.1835282387628596	0.4579743839569387	243
1.1835282387628596	0.4579743839569387	243
1.1835282387628596	0.4579743839569387	243
1.1835282387628596	0.4579743839569387	243
1.1835282387628596	0.4579743839569387	243
1.1835282387628596	0.4579743839569387	243
1.1835282387628596	0.4579743839569387	243
1.1835282387628596	0.4579743839569387	243
1.1835282387628596	0.4579743839569387	243
1.1835282387628596	0.4579743839569387	243
1.1835282387628596	0.4579743839569387	243
1.1835282387628596	0.4579743839569387	243
1.1835282387628596	0.4579743839569387	243
1.1835282387628596	0.4579743839569387	243
1.1835282387628596	0.4579743839569387	243
1.1835282387628596	0.4579743839569387	243
1.1835282387628596	0.4579743839569387	243
1.1835282387628596	0.4579743839569387	243
1.1735935587974338	0.46006761289505377	244
1.1835282387628596	0.4579743839569387	243
1.1835282387628596	0.4579743839569387	243
1.1835282387628596	0.4579743839569387	243
1.1835282387628596	0.4579743839569387	243
1.1835282387628596	0.4579743839569387	243
1.1835282387628596	0.4579743839569387	243
1.1835282387628596	0.4579743839569387	243
1.1835282387628596	0.4579743839569387	243
1.1835282387628596	0.4579743839569387	243
1.1835282387628596	0.4579743839569387	243
1.1835282387628596	0.4579743839569387	243
1.1835282387628596	0.4579743839569387	243
1.1835282387628596	0.4579743839569387	243
1.1835282387628596	0.4579743839569387	243
1.1835282387628596	0.4579743839569387	243
1.1835282387628596	0.4579743839569387	243
1.1835282387628596	0.4579743839569387	243
1.1835282387628596	0.4579743839569387	243
1.1835282387628596	0.4579743839569387	243
1.1735935587974338	0.46006761289505377	244
