7.161816325317935	0.122521747628405	155
4.954514928967067	0.16793979222980476	227
7.471299854117242	0.11804563847589195	178
4.506999659019317	0.18158708224399625	186
1.3830246194200158	0.41963477500428914	243
2.6981882547989646	0.2704026758784784	222
2.5663200320911552	0.28040108318984425	225
2.4555784646950882	0.2893871489872934	239
1.6946326386409665	0.3711081004735207	241
1.9416236458831617	0.33994831439416534	240
1.6946326386409665	0.3711081004735207	241
1.6946326386409665	0.3711081004735207	241
1.6943866173892592	0.3711419859147591	241
1.6946326386409665	0.3711081004735207	241
1.6782753612161037	0.37337460310501375	241
1.6327707371189535	0.3798279834628906	242
1.6327707371189535	0.3798279834628906	242
1.6327707371189535	0.3798279834628906	242
1.6327707371189535	0.3798279834628906	242
1.6327707371189535	0.3798279834628906	242
1.6327707371189535	0.3798279834628906	242
1.6327707371189535	0.3798279834628906	242
1.6172724277718167	0.38207715382969815	243
1.6327707371189535	0.3798279834628906	242
1.6327707371189535	0.3798279834628906	242
1.6327707371189535	0.3798279834628906	242
1.6327707371189535	0.3798279834628906	242
1.6327707371189535	0.3798279834628906	242
1.6327707371189535	0.3798279834628906	242
1.6327707371189535	0.3798279834628906	242
1.6327707371189535	0.3798279834628906	242
1.6327707371189535	0.3798279834628906	242
1.6327707371189535	0.3798279834628906	242
1.6327707371189535	0.3798279834628906	242
1.6327707371189535	0.3798279834628906	242
1.6327707371189535	0.3798279834628906	242
1.6327707371189535	0.3798279834628906	242
1.6327707371189535	0.3798279834628906	242
1.6327707371189535	0.3798279834628906	242
1.6127067679744556	0.3827448270344041	242
1.6127067679744556	0.3827448270344041	242
1.6127067679744556	0.3827448270344041	242
1.6327707371189535	0.3798279834628906	242
1.6327707371189535	0.3798279834628906	242
1.6327707371189535	0.3798279834628906	242
1.6327707371189535	0.3798279834628906	242
1.6327707371189535	0.3798279834628906	242
1.6327707371189535	0.3798279834628906	242
1.6327707371189535	0.3798279834628906	242
1.5249516133029164	0.3960471934319126	244
1.5249516133029164	0.3960471934319126	244
1.5249516133029164	0.3960471934319126	244
1.1545665806021466	0.46413047013869735	242
1.1545665806021466	0.46413047013869735	242
1.5249516133029164	0.3960471934319126	244
1.5249516133029164	0.3960471934319126	244
1.5249516133029164	0.3960471934319126	244
1.5249516133029164	0.3960471934319126	244
1.5249516133029164	0.3960471934319126	244
1.621996830449281	0.3813887142756955	241
1.616111459645545	0.3822467105952318	242
1.616111459645545	0.3822467105952318	242
1.616111459645545	0.3822467105952318	242
1.621996830449281	0.3813887142756955	241
1.621996830449281	0.3813887142756955	241
1.621996830449281	0.3813887142756955	241
1.621996830449281	0.3813887142756955	241
1.621996830449281	0.3813887142756955	241
1.621996830449281	0.3813887142756955	241
1.621996830449281	0.3813887142756955	241
1.621996830449281	0.3813887142756955	241
1.621996830449281	0.3813887142756955	241
1.621996830449281	0.3813887142756955	241
1.621996830449281	0.3813887142756955	241
1.621996830449281	0.3813887142756955	241
1.621996830449281	0.3813887142756955	241
1.621996830449281	0.3813887142756955	241
1.6167186419519253	0.38215801422733636	243
1.621996830449281	0.3813887142756955	241
1.621996830449281	0.3813887142756955	241
1.621996830449281	0.3813887142756955	241
1.621996830449281	0.3813887142756955	241
1.5316613088877384	0.39499754429605777	242
1.621996830449281	0.3813887142756955	241
1.621996830449281	0.3813887142756955	241
1.621996830449281	0.3813887142756955	241
1.621996830449281	0.3813887142756955	241
1.621996830449281	0.3813887142756955	241
1.621996830449281	0.3813887142756955	241
1.621996830449281	0.3813887142756955	241
1.6135763535875867	0.38261748068975543	243
1.621996830449281	0.3813887142756955	241
1.621996830449281	0.3813887142756955	241
1.615477969330145	0.3823392938982054	243
1.615477969330145	0.3823392938982054	243
1.6117941082460983	0.38287857256540464	242
1.6117941082460983	0.38287857256540464	242
1.6117941082460983	0.38287857256540464	242
1.6117941082460983	0.38287857256540464	242
1.5565348094498206	0.3911544627922376	242
1.1545665806021466	0.46413047013869735	242
