0.6321692791688702	0.6126815476573716	249
0.6326460503410529	0.6125026301880339	249
0.6314229236952014	0.6129618417614131	249
0.6158510248134301	0.6188689332393512	249
0.6300720941777824	0.613469799017942	249
0.6264911363989002	0.6148204423751301	249
0.6352552666433124	0.6115253198680713	249
0.6227741964154472	0.616228679386759	249
0.6311891797432215	0.6130496771425482	249
0.6327716086346322	0.6124555294271848	249
0.6297647201200876	0.613585499584453	249
0.6321223022337307	0.6126991823047788	249
0.618319849135516	0.6179248190857859	249
0.6313542762777347	0.6129876352068065	249
0.6352552666433124	0.6115253198680713	249
0.6280230354396359	0.6142419230142878	249
0.6299774488859969	0.6135054203869181	249
0.6247446222638069	0.6154813416810508	249
0.6335331612951944	0.612170002846542	249
0.614296573713797	0.6194648593594133	249
0.6352552666433124	0.6115253198680713	249
0.6272318960494497	0.6145405596017219	249
0.6352552666433124	0.6115253198680713	249
0.6231914709360611	0.6160702652185085	249
0.6316881303650239	0.6128622139184714	249
0.6332218878043907	0.6122866754769876	249
0.6222934860132742	0.6164112773808041	249
0.6293576942764183	0.6137387778710495	249
0.6335498896901011	0.6121637339094118	249
0.6352552666433124	0.6115253198680713	249
0.6326755202202281	0.6124915744832826	249
0.6291612951012103	0.6138127655051342	249
0.6307470386253993	0.6132158920508769	249
0.6352552666433124	0.6115253198680713	249
0.6185549193039641	0.6178350750248471	249
0.6301776103940447	0.613430091067366	249
0.6323093949832433	0.612628955682918	249
0.6352516107396066	0.6115266870446382	249
0.6238427122109625	0.6158231905591632	249
0.6244825302157325	0.6155806426968464	249
0.6247100382585046	0.6154944429788104	249
0.6240618410932527	0.6157400997284934	249
0.6299954932829923	0.6134986287513524	249
0.6341138908466646	0.6119524505613753	249
0.6352552666433124	0.6115253198680713	249
0.6352552666433124	0.6115253198680713	249
0.6217566638968045	0.6166153173665219	249
0.6352552666433124	0.6115253198680713	249
0.6317771674844765	0.6128287733928678	249
0.6352552666433124	0.6115253198680713	249
0.6255888922293236	0.6151616837321062	249
0.6352552666433124	0.6115253198680713	249
0.6202636487337334	0.6171835063889256	249
0.6352552666433124	0.6115253198680713	249
0.633221367780325	0.6122868704314577	249
0.6317466252855424	0.6128402440084766	249
0.6163478478103483	0.6186787091372015	249
0.5955380961857886	0.6267478052642859	249
0.6347713096018359	0.6117063555779918	249
0.6239607707400587	0.6157784215097066	249
0.6325376531615993	0.6125432991167975	249
0.6339854468545574	0.6120005547938095	249
0.6352552666433124	0.6115253198680713	249
0.6335677151710019	0.6121570539824975	249
0.6328044254901743	0.6124432200138091	249
0.6303122271559479	0.6133794394368759	249
0.6235660763604781	0.6159281193172524	249
0.6350689444790236	0.6115950054440221	249
0.630089886927865	0.6134631028750454	249
0.6348825667070677	0.6116647277083458	249
0.6226397580382339	0.616279734948068	249
0.6242109499541798	0.6156835724006237	249
0.6352552666433124	0.6115253198680713	249
0.6171414116557509	0.6183751110399954	249
0.6281926661300641	0.6141779291862487	249
0.6219140975712016	0.6165554646189271	249
0.6213986738688291	0.6167514604004788	249
0.6349278582809885	0.6116477830718656	249
0.6259254132245787	0.6150343625029966	249
0.6336510387342196	0.6121258312147354	249
0.6346522184213961	0.6117509209180363	249
0.6352552666433124	0.6115253198680713	249
0.6259318370287492	0.615031932597749	249
0.6195132874225454	0.617469463057941	249
0.6329359088194586	0.6123939063370566	249
0.6212472562693343	0.6168090623641876	249
0.6259661878546074	0.6150189391819132	249
0.6352552666433124	0.6115253198680713	249
0.6333764739786388	0.6122287273822201	249
0.6351903576726515	0.6115495943990821	249
0.6301513299733714	0.6134399804564985	249
0.6352552666433124	0.6115253198680713	249
0.6254525711532744	0.6152132752114018	249
0.635061267704903	0.6115978769429701	249
0.6352552666433124	0.6115253198680713	249
0.625159916269536	0.6153240613363418	249
0.6348497348763044	0.6116770114506346	249
0.6352552666433124	0.6115253198680713	249
0.6259512162338934	0.6150246022240743	249
0.630518801508644	0.6133017289188852	249
0.5955380961857886	0.6267478052642859	249
