11.086548856436272	0.08273660346538746	94
12.354350931253103	0.07488196207722131	161
6.302238714201805	0.13694430422483225	158
1.2756471746949405	0.4394354323112738	245
1.1892434652737023	0.45677879864082566	241
0.6988059737018252	0.5886487423993014	247
0.7216035620854353	0.5808538167687496	247
0.6421997248230795	0.6089393299025999	248
0.6218998317897491	0.6165608876699313	249
0.6216397028221682	0.616659790864569	248
0.6187830095529512	0.6177480206418546	248
0.6104654675596469	0.6209384927174558	249
0.6104654675596469	0.6209384927174558	249
0.6100098407516726	0.6211142160057391	249
0.6057171339816636	0.6227746960140611	248
0.6035055975370639	0.62363361969922	249
0.6042155440641678	0.6233576302761472	249
0.6042155440641678	0.6233576302761472	249
0.6086463320096777	0.6216406801802746	249
0.6076298703267297	0.6220337270772178	249
0.6076298703267297	0.6220337270772178	249
0.606449289849667	0.6224908600093944	248
0.6021437127442352	0.6241637326573831	248
0.606449289849667	0.6224908600093944	248
0.606449289849667	0.6224908600093944	248
0.606449289849667	0.6224908600093944	248
0.6057045874365095	0.6227795622085688	248
0.606449289849667	0.6224908600093944	248
0.606449289849667	0.6224908600093944	248
0.6012352422911301	0.6245178557081645	248
0.6046081012619156	0.6232051297843803	248
0.5957261374393107	0.6266739489551242	249
0.5957261374393107	0.6266739489551242	249
0.6017946135956431	0.6242997644718263	248
0.6060441608078075	0.622647885035129	248
0.5992579074299819	0.6252900144211302	248
0.6010118740292115	0.6246049865222638	248
0.5995311027051793	0.6251832166994236	248
0.5995311027051793	0.6251832166994236	248
0.6047783665939782	0.6231390083618992	248
0.5999643415432203	0.6250139293951176	248
0.5999643415432203	0.6250139293951176	248
0.5999643415432203	0.6250139293951176	248
0.5999643415432203	0.6250139293951176	248
0.5999643415432203	0.6250139293951176	248
0.5907288850047534	0.628642636357868	248
0.5907288850047534	0.628642636357868	248
0.5999643415432203	0.6250139293951176	248
0.5999643415432203	0.6250139293951176	248
0.5961045954960955	0.6265253560586257	248
0.5961045954960955	0.6265253560586257	248
0.5961045954960955	0.6265253560586257	248
0.5961045954960955	0.6265253560586257	248
0.5961045954960955	0.6265253560586257	248
0.5961045954960955	0.6265253560586257	248
0.5961045954960955	0.6265253560586257	248
0.5961045954960955	0.6265253560586257	248
0.5961045954960955	0.6265253560586257	248
0.5961045954960955	0.6265253560586257	248
0.5961045954960955	0.6265253560586257	248
0.5961045954960955	0.6265253560586257	248
0.5961045954960955	0.6265253560586257	248
0.5961045954960955	0.6265253560586257	248
0.589687160582354	0.6290545868368639	249
0.589687160582354	0.6290545868368639	249
0.589687160582354	0.6290545868368639	249
0.589687160582354	0.6290545868368639	249
0.589687160582354	0.6290545868368639	249
0.589687160582354	0.6290545868368639	249
0.589687160582354	0.6290545868368639	249
0.589687160582354	0.6290545868368639	249
0.589687160582354	0.6290545868368639	249
0.589687160582354	0.6290545868368639	249
0.589687160582354	0.6290545868368639	249
0.589687160582354	0.6290545868368639	249
0.589687160582354	0.6290545868368639	249
0.589687160582354	0.6290545868368639	249
0.589687160582354	0.6290545868368639	249
0.589687160582354	0.6290545868368639	249
0.589687160582354	0.6290545868368639	249
0.589687160582354	0.6290545868368639	249
0.589687160582354	0.6290545868368639	249
0.589687160582354	0.6290545868368639	249
0.589687160582354	0.6290545868368639	249
0.589687160582354	0.6290545868368639	249
0.589687160582354	0.6290545868368639	249
0.589687160582354	0.6290545868368639	249
0.589687160582354	0.6290545868368639	249
0.589687160582354	0.6290545868368639	249
0.589687160582354	0.6290545868368639	249
0.589687160582354	0.6290545868368639	249
0.589687160582354	0.6290545868368639	249
0.589687160582354	0.6290545868368639	249
0.589687160582354	0.6290545868368639	249
0.589687160582354	0.6290545868368639	249
0.589687160582354	0.6290545868368639	249
0.589687160582354	0.6290545868368639	249
0.589687160582354	0.6290545868368639	249
0.589687160582354	0.6290545868368639	249
0.589687160582354	0.6290545868368639	249
0.589687160582354	0.6290545868368639	249
