0.628193057040463	0.6141777817292022	249
0.6271875000819299	0.6145573266446857	249
0.6335317204849997	0.6121705427936823	249
0.6210515013757834	0.6168835469763311	249
0.6282472527205798	0.6141573390215374	249
0.634078912789963	0.611965549627367	249
0.630883641905655	0.6131645289123876	249
0.6270618553080705	0.6146047839162565	249
0.6352552666433124	0.6115253198680713	249
0.6296586861921918	0.6136254225948182	249
0.6230082094564606	0.616139828605609	249
0.6244821174379057	0.615580799114721	249
0.6350661287980002	0.6115960586469603	249
0.6352552666433124	0.6115253198680713	249
0.6287583815694031	0.6139646072221234	249
0.6290003887972133	0.6138733955357486	249
0.6198458054951194	0.6173427104034398	249
0.632066668765199	0.6127200678368043	249
0.6258128203815997	0.61507695563951	249
0.6244903339795294	0.615577685556485	249
0.6301117754990866	0.6134548655068962	249
0.6297525333161493	0.6135900877940307	249
0.6234448262653125	0.6159741210919196	249
0.6243914999346345	0.6156151396016539	249
0.6360441192838497	0.6112304602382806	249
0.6287354704357356	0.6139732437536158	249
0.6311219203447322	0.613074956278347	249
0.620018075795844	0.6172770631023631	249
0.6207568522819018	0.6169956946916969	249
0.632245306324789	0.6126530100133227	249
0.6255531491467557	0.615175210066121	249
0.6311982066164834	0.613046284592387	249
0.6351443679500254	0.6115667947128707	249
0.6255977401174309	0.6151583354980313	249
0.6350715285281512	0.6115940388859771	249
0.6166362859265587	0.6185683252970288	249
0.6261866895873258	0.6149355460865124	249
0.6272341141291871	0.6145397219226498	249
0.621293949714063	0.6167912981951011	249
0.6152185013515074	0.6191112838066593	249
0.6308083042006852	0.6131928549935451	249
0.6298130691207591	0.613567297346237	249
0.6299221536182054	0.613526233618051	249
0.6309997125624078	0.6131208928473287	249
0.6137053826926402	0.6196918041702215	249
0.6192934117345698	0.6175533061230767	249
0.6284096064595268	0.6140961070440937	249
0.6352552666433124	0.6115253198680713	249
0.6326704633780824	0.6124934715429019	249
0.6258255954142824	0.6150721226314477	249
0.6085233048406284	0.6216882260832891	249
0.6124373775964195	0.6201791237875238	249
0.6085548298689439	0.6216760420168421	249
0.6315931143561195	0.612897904018572	249
0.6231642985854348	0.6160805784549883	249
0.6327361318718714	0.612468837113035	249
0.6340172347044959	0.6119886490553725	249
0.6252370524189026	0.615294857148169	249
0.6299017308085966	0.613533921154804	249
0.6275737277809014	0.6144114905095204	249
0.614313236926588	0.6194584651389288	249
0.6326714585980748	0.6124930981880883	248
0.6304550055945854	0.6133257259897984	249
0.6254895330598739	0.615199285914544	249
0.6267970899415436	0.6147048124089854	249
0.6351361870457192	0.6115698545004677	249
0.6278065849447056	0.6143235991602581	249
0.6186825459720747	0.6177863611913263	249
0.6243411777443811	0.615634211396793	249
0.6213725082682178	0.6167614134941122	249
0.6305847447621158	0.6132769260918658	249
0.6320427769023105	0.6127290375917991	249
0.6068304051086824	0.6223432148287997	249
0.627066432338605	0.6146030549979979	249
0.624082084760453	0.6157324247237768	249
0.6336604849750365	0.612122291747346	249
0.6130322845284591	0.6199503937965706	249
0.6322169429878602	0.6126636561984503	249
0.6184581578756898	0.6178720130229081	249
0.6212987568759448	0.6167894694046915	249
0.612056181424217	0.620325774946951	249
0.6264962179329192	0.6148185215400498	249
0.6168248836211869	0.6184961711872653	249
0.6352552666433124	0.6115253198680713	249
0.6250303102536153	0.6153731371594736	249
0.6257874399763612	0.6150865576957218	249
0.6318984114335519	0.612783242506832	249
0.6335756963960035	0.6121540631427127	249
0.6289922848749427	0.6138764494374322	249
0.6352552666433124	0.6115253198680713	249
0.6201837058118552	0.6172139593879644	249
0.6339517336689291	0.6120131821486349	249
0.6316359781743843	0.6128818029122444	249
0.6194750578022298	0.6174840391534576	249
0.6300784930974783	0.6134673908247191	249
0.6328914539660336	0.6124105785299807	249
0.6281375604234796	0.6141987165629293	249
0.6351457452492506	0.6115662795841889	249
0.6352552666433124	0.6115253198680713	249
0.6334761976795997	0.6121913508262495	249
0.6068304051086824	0.6223432148287997	249
