12.035186716504358	0.07671543352224185	160
1.7550768991178318	0.36296627521366004	234
1.8543288583005262	0.3503450547024221	232
0.6911536426673459	0.5913123295070728	247
0.6919758660293053	0.5910249785930929	247
0.7111738140727615	0.5843941695320255	246
1.1247703227017054	0.4706391035848392	242
0.7602168422633314	0.568111823492255	247
0.7574338745477055	0.5690114515730276	246
0.6730655730585622	0.5977052042089908	249
0.6198690613950678	0.6173338474276294	249
0.6211655367515421	0.6168401544013693	249
0.6211655367515421	0.6168401544013693	249
0.6184793576063006	0.6178639197962836	249
0.6138604746793035	0.6196322517897428	249
0.610865507572529	0.620784289749264	249
0.6082828038420031	0.6217811927175462	249
0.5976443850380718	0.6259215188091873	249
0.5976443850380718	0.6259215188091873	249
0.5976443850380718	0.6259215188091873	249
0.607833971366044	0.6219547651119615	248
0.607833971366044	0.6219547651119615	248
0.6008744537914142	0.6246586030726272	249
0.6008744537914142	0.6246586030726272	249
0.6008744537914142	0.6246586030726272	249
0.6008744537914142	0.6246586030726272	249
0.6008744537914142	0.6246586030726272	249
0.6008744537914142	0.6246586030726272	249
0.6008744537914142	0.6246586030726272	249
0.6008744537914142	0.6246586030726272	249
0.6008744537914142	0.6246586030726272	249
0.6008744537914142	0.6246586030726272	249
0.6008744537914142	0.6246586030726272	249
0.6008744537914142	0.6246586030726272	249
0.6008744537914142	0.6246586030726272	249
0.5997813607063286	0.6250854176463742	249
0.5985711898458191	0.6255586278246695	249
0.5915788153924552	0.6283069304069732	249
0.5915788153924552	0.6283069304069732	249
0.5915788153924552	0.6283069304069732	249
0.5915788153924552	0.6283069304069732	249
0.5915788153924552	0.6283069304069732	249
0.5915788153924552	0.6283069304069732	249
0.5915788153924552	0.6283069304069732	249
0.5915788153924552	0.6283069304069732	249
0.5902361025813461	0.6288374401617175	249
0.5902361025813461	0.6288374401617175	249
0.5915788153924552	0.6283069304069732	249
0.5915788153924552	0.6283069304069732	249
0.5915788153924552	0.6283069304069732	249
0.5915788153924552	0.6283069304069732	249
0.5915788153924552	0.6283069304069732	249
0.5915788153924552	0.6283069304069732	249
0.5915788153924552	0.6283069304069732	249
0.5915788153924552	0.6283069304069732	249
0.5915788153924552	0.6283069304069732	249
0.5915788153924552	0.6283069304069732	249
0.5915788153924552	0.6283069304069732	249
0.5915788153924552	0.6283069304069732	249
0.5915788153924552	0.6283069304069732	249
0.5915788153924552	0.6283069304069732	249
0.5915788153924552	0.6283069304069732	249
0.5915788153924552	0.6283069304069732	249
0.5915788153924552	0.6283069304069732	249
0.582153102674802	0.632050083085759	249
0.582153102674802	0.632050083085759	249
0.5915788153924552	0.6283069304069732	249
0.5915788153924552	0.6283069304069732	249
0.5915788153924552	0.6283069304069732	249
0.5906159395713472	0.6286872746097896	249
0.587602187823862	0.6298807142428465	249
0.5891788313409028	0.6292558019768166	249
0.5891788313409028	0.6292558019768166	249
0.5891788313409028	0.6292558019768166	249
0.5891788313409028	0.6292558019768166	249
0.5901952694615555	0.6288535874833804	249
0.5901952694615555	0.6288535874833804	249
0.5787489279444088	0.6334129400182954	249
0.5787489279444088	0.6334129400182954	249
0.5787489279444088	0.6334129400182954	249
0.5787489279444088	0.6334129400182954	249
0.5787489279444088	0.6334129400182954	249
0.5787489279444088	0.6334129400182954	249
0.5787489279444088	0.6334129400182954	249
0.5787489279444088	0.6334129400182954	249
0.5787489279444088	0.6334129400182954	249
0.5787489279444088	0.6334129400182954	249
0.5695288841483624	0.637133862332586	249
0.5695288841483624	0.637133862332586	249
0.5695288841483624	0.637133862332586	249
0.5787489279444088	0.6334129400182954	249
0.5787489279444088	0.6334129400182954	249
0.5787489279444088	0.6334129400182954	249
0.5787489279444088	0.6334129400182954	249
0.5787489279444088	0.6334129400182954	249
0.5787489279444088	0.6334129400182954	249
0.5787489279444088	0.6334129400182954	249
0.5787489279444088	0.6334129400182954	249
0.5787489279444088	0.6334129400182954	249
0.5787489279444088	0.6334129400182954	249
0.5695288841483624	0.637133862332586	249
