0.6352552666433124	0.6115253198680713	249
0.6311046865271717	0.6130814338650001	249
0.618643763032343	0.6178011634422974	249
0.6235642147840266	0.6159288255395702	249
0.6352464405148306	0.6115286205332857	249
0.6193979059870385	0.6175134575035099	249
0.6155491692177191	0.6189845651582488	249
0.6166649807251322	0.6185573460937245	249
0.6149911384560551	0.6191984439964223	249
0.6212116445091933	0.6168226112777154	249
0.6182873086326495	0.6179372443110469	249
0.6146808672712837	0.6193174269104592	249
0.6188241695987637	0.6177323138484253	249
0.627344723945944	0.614497951961417	249
0.6190835089687323	0.6176333675567762	249
0.6186427815583226	0.6178015380498382	249
0.626035622493722	0.6149926767695157	249
0.6166228207533607	0.6185734774757113	249
0.6187015897125634	0.6177790930430681	249
0.6189446187219628	0.6176863547002776	249
0.6168199639067524	0.6184980531683202	249
0.6203455159709048	0.6171523234665193	249
0.6204341063658724	0.617118583268213	249
0.6203798466832167	0.6171392479651714	249
0.6204609806328389	0.6171083487671946	249
0.6180181593855765	0.618040035088196	249
0.6261072062281373	0.6149656038482024	249
0.6152815984184454	0.6190870997225004	249
0.6215199965907833	0.6167053148295932	249
0.6188467487398535	0.6177236979216361	249
0.6207049591122817	0.6170154502073812	249
0.6116590196693726	0.6204786420673196	249
0.6186186200919703	0.6178107601055397	249
0.6180880247828119	0.6180133495112079	249
0.623205549081832	0.6160649220092003	249
0.6172872165053184	0.6183193620739978	249
0.6215930757431617	0.6166775222209856	249
0.6277762145955295	0.6143350609460039	249
0.6176178209904913	0.6181929915854198	249
0.6166362859265587	0.6185683252970288	249
0.6237931440922674	0.6158419892572091	249
0.6170791022616654	0.618398938308824	249
0.617681083321954	0.6181688160354027	249
0.6197795192083069	0.6173679739380616	249
0.6259947203670804	0.6150081469970841	249
0.6245625443632601	0.6155503236669447	249
0.6241761022297566	0.6156967822806567	249
0.6251837608536668	0.6153150333441223	249
0.6172872165053184	0.6183193620739978	249
0.6187119836599078	0.6177751262080609	249
0.616566665146197	0.6185949652188104	249
0.6286262675287639	0.6140144119850004	249
0.622465316564737	0.6163459950671306	249
0.6180320983603087	0.6180347108153084	249
0.6252456106991738	0.6152916171050627	249
0.6226256506739513	0.616285092981646	249
0.6214893219769756	0.6167169813864488	249
0.6168784538661262	0.6184756792379136	249
0.6205341016397824	0.6170805038833321	249
0.6233437202987177	0.61601248552339	249
0.6176178209904913	0.6181929915854198	249
0.6166649807251322	0.6185573460937245	249
0.6012088310337879	0.6245281568640678	249
0.6222004764181561	0.6164466195990865	249
0.6222450172679178	0.6164296942542852	249
0.6165809024085  	0.6185895172398282	249
0.6167932826602573	0.6185082599765684	249
0.6298664653311854	0.6135471962096	249
0.6297143983734147	0.613604445661203	249
0.6181800376626855	0.6179782080641715	249
0.620129819484676	0.6172344882326009	249
0.6273332335025263	0.6145022908723431	249
0.6226754242325836	0.6162661891998105	249
0.6164084775686639	0.6186555031585577	249
0.6203930425845979	0.6171342222038648	249
0.6232499133237213	0.6160480846430035	249
0.6248723825137068	0.6154329476958565	249
0.6245304251581202	0.6155624939450839	249
0.6256372277232147	0.6151433929699982	249
0.6214382709393338	0.6167363987410256	249
0.6163531152388146	0.6186766929652318	249
0.618767558375648	0.6177539170623421	249
0.6202056588095953	0.6172055964393585	249
0.6235903111560619	0.6159189255619292	249
0.62616053668807	0.614945435852635	249
0.6185151650549439	0.6178502503966671	249
0.6155408257305529	0.6189877619142163	249
0.6208242818472965	0.6169700264240078	249
0.6180693867370991	0.6180204682177071	249
0.6192946208561373	0.6175528449982067	249
0.6258756585992384	0.6150531836250891	249
0.6237961128028303	0.6158408633420748	249
0.6210322624950377	0.6168908683290696	249
0.6152769181980421	0.6190888935103289	249
0.6166845784687932	0.618549847829394	249
0.6202447670581145	0.6171906987952841	249
0.6223897228574591	0.6163747131230186	249
0.6182652350010762	0.6179456731636053	249
0.6181050001260329	0.6180068660081458	249
0.6183733126694316	0.617904405721166	249
0.6012088310337879	0.6245281568640678	249
