0.6233381226762662	0.616014609668244	249
0.624346300215877	0.6156322699581358	249
0.6196918139008901	0.6174014040310452	249
0.6149659767793835	0.6192080913024756	249
0.6184590720826497	0.6178716640101314	249
0.6063311001943127	0.6225366612643142	249
0.6047418965792658	0.6231531700715495	249
0.6209452574281765	0.6169239802623684	248
0.6231376951019555	0.6160906761130862	249
0.6238113862714141	0.6158350707813387	249
0.6236203733334301	0.6159075215020339	249
0.6124384653319828	0.6201787054206198	249
0.6186895096851321	0.6177837034321179	249
0.6173077900952846	0.618311496503139	249
0.6108384043579937	0.6207947347757419	249
0.6147302262055706	0.6192984956687685	249
0.6192152867143805	0.6175831022625429	249
0.6209187063386127	0.616934085645069	249
0.6196687955512388	0.6174101783937003	249
0.6156306890806775	0.6189533330596844	249
0.6222316136179102	0.6164347874899283	249
0.614165574625482	0.6195151325984755	249
0.627905132863944	0.6142864100690671	249
0.6167688901432041	0.6185175915349446	249
0.6141680644632854	0.6195141770026916	249
0.6153540302683378	0.6190593400964141	249
0.6154382732487984	0.6190270569663463	249
0.6167576665134707	0.6185218853215613	249
0.6159004412078949	0.6188500074005142	249
0.6120467958312215	0.6203293865823348	249
0.6136418508086272	0.6197162025135136	249
0.6092489650107509	0.621407887618756	249
0.6202762042960224	0.6171787238179431	249
0.6243914999346345	0.6156151396016539	249
0.6197937828732681	0.6173625374868101	249
0.6138858690246164	0.6196225019334047	249
0.6196153450490943	0.6174305541478354	249
0.6193813546898806	0.6175197689561547	249
0.6193878431447168	0.6175172947192705	249
0.6135563815824882	0.619749028552231	249
0.6163822170734663	0.6186655541228024	249
0.6202817719203684	0.6171766030637953	249
0.6171213832346003	0.618382769758309	249
0.6203567942023412	0.6171480278775722	249
0.6220684906279257	0.6164967791297677	249
0.6123421431018549	0.6202157552467001	249
0.6242575968024867	0.6156658906620477	249
0.614732138723081	0.6192977621605977	249
0.6165661192552307	0.6185951741093713	249
0.6183911310298668	0.6178976026417345	249
0.6167027302631607	0.6185429029597939	249
0.6176806377716294	0.6181689862947916	249
0.6184034071260014	0.6178929156951192	249
0.6187544234264875	0.6177589296610272	249
0.6198086241949741	0.6173568809691875	249
0.6163726215735438	0.6186692267940649	249
0.6212695329976141	0.6168005872231929	249
0.6187173825364903	0.6177730657547055	249
0.6245356780595603	0.6155605035368986	249
0.6155754698683117	0.6189744884412685	249
0.6192776673440383	0.617559310652517	249
0.6153798857977698	0.6190494315249822	249
0.6187173825364903	0.6177730657547055	249
0.6192039389271842	0.6175874304397737	249
0.6106858938145663	0.6208535157849512	249
0.6172955813893695	0.6183161640378256	249
0.6185715074042946	0.6178287430770986	249
0.6219172317160376	0.6165542732054025	249
0.6214893219769756	0.6167169813864488	249
0.6185604642056887	0.6178329584312142	249
0.6164649619711263	0.6186338853770108	249
0.6248141818399467	0.6154549924395635	249
0.6176806360503919	0.618168986952533	249
0.6248689725248258	0.6154342392581574	249
0.6166777577346149	0.6185524574799988	249
0.6114043879800558	0.6205766891658587	249
0.6223448468353875	0.6163917627936139	249
0.6205138887045695	0.6170882008295497	249
0.6222500991386293	0.6164277632228057	249
0.6183950120081161	0.6178961208976991	249
0.618038964703838	0.6180320881104601	249
0.6246127955014756	0.615531283989011	249
0.6187271560988333	0.6177693357600926	249
0.6166940641177081	0.6185462186042838	249
0.6208821401789387	0.6169480033197258	249
0.6228378025475134	0.6162045266817242	249
0.6167027302631607	0.6185429029597939	249
0.6065659600372143	0.6224456541932682	249
0.6023634983158396	0.6240781202586352	249
0.6183441362700929	0.617915545642083	249
0.6239368611038767	0.6157874877723057	249
0.6142777425433188	0.6194720856551519	249
0.6226400321288272	0.6162796308482832	249
0.6061140309612579	0.6226207982265748	249
0.6187173825364903	0.6177730657547055	249
0.6186413292283398	0.617802092373814	249
0.6194647184497658	0.6174879814345391	249
0.6026162399836364	0.6239796996005798	249
0.6187073528854186	0.617776893530171	249
0.6211929026320958	0.6168297420846371	249
0.6023634983158396	0.6240781202586352	249
