4.509713441750437	0.18149764240412108	189
4.197997917985432	0.19238176232043705	190
4.197997917985432	0.19238176232043705	190
1.965799304917204	0.3371772318990131	243
1.840496856982948	0.3520510848451198	241
1.2626101429712966	0.44196743442809094	245
0.8541519097196705	0.5393301351188587	248
1.2626101429712966	0.44196743442809094	245
1.2626101429712966	0.44196743442809094	245
0.7995468914001581	0.5556954391013055	249
1.1227274434718604	0.47109203919483617	242
1.210507522418391	0.4523847984493428	245
1.1143523336161796	0.47295807046959804	242
1.2554532770211488	0.4433698583730951	247
1.2554532770211488	0.4433698583730951	247
1.2626101429712966	0.44196743442809094	245
1.2626101429712966	0.44196743442809094	245
1.2626101429712966	0.44196743442809094	245
1.2626101429712966	0.44196743442809094	245
1.2058026670996616	0.4533497102507667	247
1.1302572290337567	0.46942687782995135	247
1.2155519972479505	0.45135478708789084	247
1.2020782983374991	0.4541164593261598	246
1.2626101429712966	0.44196743442809094	245
1.2626101429712966	0.44196743442809094	245
1.2626101429712966	0.44196743442809094	245
1.2626101429712966	0.44196743442809094	245
1.2409184058940443	0.4462456095544615	245
1.2409184058940443	0.4462456095544615	245
1.2409184058940443	0.4462456095544615	245
1.2409184058940443	0.4462456095544615	245
1.234465817954609	0.4475342571654922	245
1.2409184058940443	0.4462456095544615	245
1.2409184058940443	0.4462456095544615	245
1.2409184058940443	0.4462456095544615	245
1.2409184058940443	0.4462456095544615	245
1.0024575874996033	0.4993863571655787	248
1.0024575874996033	0.4993863571655787	248
1.0024575874996033	0.4993863571655787	248
1.0024575874996033	0.4993863571655787	248
1.0024575874996033	0.4993863571655787	248
1.0024575874996033	0.4993863571655787	248
1.0024575874996033	0.4993863571655787	248
1.0024575874996033	0.4993863571655787	248
1.0024575874996033	0.4993863571655787	248
1.0024575874996033	0.4993863571655787	248
1.0024575874996033	0.4993863571655787	248
1.0024575874996033	0.4993863571655787	248
1.0024575874996033	0.4993863571655787	248
1.0024575874996033	0.4993863571655787	248
1.0024575874996033	0.4993863571655787	248
1.0024575874996033	0.4993863571655787	248
1.0024575874996033	0.4993863571655787	248
1.0024575874996033	0.4993863571655787	248
1.0024575874996033	0.4993863571655787	248
1.0024575874996033	0.4993863571655787	248
1.0024575874996033	0.4993863571655787	248
1.0024575874996033	0.4993863571655787	248
1.0024575874996033	0.4993863571655787	248
1.0024575874996033	0.4993863571655787	248
1.0024575874996033	0.4993863571655787	248
1.0024575874996033	0.4993863571655787	248
1.0024575874996033	0.4993863571655787	248
1.0024575874996033	0.4993863571655787	248
1.0024575874996033	0.4993863571655787	248
1.0024575874996033	0.4993863571655787	248
1.0024575874996033	0.4993863571655787	248
1.0024575874996033	0.4993863571655787	248
1.0024575874996033	0.4993863571655787	248
1.0024575874996033	0.4993863571655787	248
1.0024575874996033	0.4993863571655787	248
1.0024575874996033	0.4993863571655787	248
1.0024575874996033	0.4993863571655787	248
1.0024575874996033	0.4993863571655787	248
1.0024575874996033	0.4993863571655787	248
1.0024575874996033	0.4993863571655787	248
1.0024575874996033	0.4993863571655787	248
1.0024575874996033	0.4993863571655787	248
1.0024575874996033	0.4993863571655787	248
1.0024575874996033	0.4993863571655787	248
1.0024575874996033	0.4993863571655787	248
1.0024575874996033	0.4993863571655787	248
1.0024575874996033	0.4993863571655787	248
1.0024575874996033	0.4993863571655787	248
1.0024575874996033	0.4993863571655787	248
1.0024575874996033	0.4993863571655787	248
1.0024575874996033	0.4993863571655787	248
1.0024575874996033	0.4993863571655787	248
1.0024575874996033	0.4993863571655787	248
1.0024575874996033	0.4993863571655787	248
1.0024575874996033	0.4993863571655787	248
1.0024575874996033	0.4993863571655787	248
1.0024575874996033	0.4993863571655787	248
1.0024575874996033	0.4993863571655787	248
1.0024575874996033	0.4993863571655787	248
1.0024575874996033	0.4993863571655787	248
1.0024575874996033	0.4993863571655787	248
1.0024575874996033	0.4993863571655787	248
1.0024575874996033	0.4993863571655787	248
1.0024575874996033	0.4993863571655787	248
0.7995468914001581	0.5556954391013055	249
