3.471205025900188	0.22365335389617252	203
1.2134270106723744	0.45178810739109454	243
2.381513531853526	0.29572556507022607	230
2.302963357516429	0.30275842985794493	228
2.141732165431767	0.31829575130653137	229
1.163793370291213	0.4621513374289596	246
1.183077407265511	0.4580689611242803	246
1.1410757189579694	0.4670549439917452	246
1.0919518952431957	0.478022464222939	247
0.7153361292184099	0.5829761193543147	247
0.7153361292184099	0.5829761193543147	247
0.9053920430157689	0.524826375582657	246
0.9231776664669922	0.5199727604143136	246
0.9038931832793955	0.5252395506125673	246
0.8827527182220314	0.5311371962560996	248
0.876979571018143	0.5327708492093833	247
0.876979571018143	0.5327708492093833	247
0.8634636805947564	0.5366350900280669	247
0.8574129004995761	0.5383832532502798	247
0.8721910596403781	0.5341335195736305	246
0.8507293387927679	0.5403275233386102	247
0.8378023051029972	0.54412816722632	247
0.8240965946120911	0.5482165818157553	248
0.8344834790195717	0.5451125678899239	248
0.830457499044378	0.5463115098395168	247
0.8398566798048022	0.5435205964554228	247
0.8215929611491628	0.5489700615493947	249
0.8232617347549906	0.5484676066732568	249
0.8160725429428719	0.5506387968288649	249
0.8079427645961297	0.5531148549513881	249
0.8079427645961297	0.5531148549513881	249
0.8079427645961297	0.5531148549513881	249
0.7952828576925803	0.557015289103394	249
0.8073036046911517	0.5533104661576155	249
0.7981850105002195	0.5561163029169172	249
0.7917707491566116	0.5581071130169422	249
0.7917707491566116	0.5581071130169422	249
0.7898507003463902	0.5587058182039819	249
0.7898507003463902	0.5587058182039819	249
0.7898507003463902	0.5587058182039819	249
0.7898507003463902	0.5587058182039819	249
0.7898507003463902	0.5587058182039819	249
0.7898507003463902	0.5587058182039819	249
0.7898507003463902	0.5587058182039819	249
0.800474482254729	0.5554091490081564	249
0.796572673111003	0.5566153904970444	249
0.796572673111003	0.5566153904970444	249
0.7993855469597395	0.5557452663158323	249
0.7993855469597395	0.5557452663158323	249
0.799125169886024	0.5558256961428375	249
0.799125169886024	0.5558256961428375	249
0.799125169886024	0.5558256961428375	249
0.7982372496540284	0.5561001476264574	249
0.7982372496540284	0.5561001476264574	249
0.7982372496540284	0.5561001476264574	249
0.7965923631521254	0.5566092901817181	249
0.7965923631521254	0.5566092901817181	249
0.7965923631521254	0.5566092901817181	249
0.7932010096081172	0.5576619657483564	249
0.7882611449520625	0.5592024424524455	249
0.7882611449520625	0.5592024424524455	249
0.7889160646066207	0.5589977192249644	249
0.7889160646066207	0.5589977192249644	249
0.7889160646066207	0.5589977192249644	249
0.788307099765984	0.5591880724126516	249
0.7250700986625267	0.5796865882582484	249
0.7140722296506268	0.5834059864582407	249
0.6918000726409155	0.5910863914546303	247
0.6918000726409155	0.5910863914546303	247
0.7244766912700438	0.5798860634431187	249
0.6918000726409155	0.5910863914546303	247
0.6918000726409155	0.5910863914546303	247
0.6918000726409155	0.5910863914546303	247
0.6704604623990152	0.5986373353391794	247
0.6777013016197836	0.5960536592744621	248
0.6783192166009236	0.5958342072882213	247
0.6783192166009236	0.5958342072882213	247
0.675692335614455	0.5967682603461408	247
0.6625329147481342	0.6014918508554733	248
0.6625329147481342	0.6014918508554733	248
0.6716120781664648	0.5982249189637744	248
0.6716120781664648	0.5982249189637744	248
0.6716120781664648	0.5982249189637744	248
0.6716120781664648	0.5982249189637744	248
0.6671859910678233	0.5998131014521695	248
0.6492079180015619	0.6063516850026747	248
0.6446973094694537	0.6080146141435471	247
0.6386953602116298	0.6102415520788774	249
0.6386953602116298	0.6102415520788774	249
0.6386953602116298	0.6102415520788774	249
0.6375456807568983	0.6106699872566517	249
0.6375456807568983	0.6106699872566517	249
0.6290555526431405	0.6138526082658761	249
0.6193052967487501	0.6175487735436951	249
0.6290555526431405	0.6138526082658761	249
0.623661052021166	0.6158920907508251	248
0.6238207690715293	0.6158315123483619	248
0.6178323429104703	0.618111020206832	248
0.6238207690715293	0.6158315123483619	248
0.6232726461637293	0.6160394573045349	248
0.6178323429104703	0.618111020206832	248
