7.978037810911408	0.11138291250953027	205
6.689046016062783	0.13005514571130833	210
7.81994610696564	0.11337937759168847	186
5.27717162256936	0.15930741743694463	222
5.090851103967907	0.1641806675176391	182
5.696001519849331	0.14934285738072853	182
5.469187791943279	0.15457891039202776	180
5.594508130874388	0.1516413324775758	176
5.181350295721443	0.16177695036829928	186
4.543353303628247	0.18039622322926413	194
4.833917938655371	0.17141139291213356	187
3.9336067590454085	0.2026914687042239	201
3.287364436777134	0.2332435263543196	206
3.287364436777134	0.2332435263543196	206
3.2412489602724635	0.23577960392491526	207
3.227639350505608	0.23653862524493818	206
3.134468102927272	0.24186908088418518	207
3.2124799686926035	0.23738985287338057	207
3.000103665069404	0.24999352110107112	211
2.99784489672059	0.2501347665639291	211
2.997470137172039	0.2501582164932538	211
2.9973859550978044	0.25016348464543825	211
2.9611984514258136	0.2524488515944095	211
2.8565655150246547	0.2592980713290455	214
2.789947942596639	0.26385586692646273	211
2.6831022160260374	0.27151024906362	213
2.6831022160260374	0.27151024906362	213
2.6831022160260374	0.27151024906362	213
2.676712380294987	0.2719821124326752	213
2.676712380294987	0.2719821124326752	213
2.64854093342935	0.2740821655137843	213
2.281003849568279	0.304784768884554	222
2.130270744510114	0.3194611845489102	224
2.130270744510114	0.3194611845489102	224
2.1514124649799036	0.31731803155331395	224
2.146484900643889	0.3178149686322545	225
2.134583115500417	0.31902168905811773	224
2.1056914062234036	0.3219894925800192	227
2.1026828423560406	0.32230171461567886	227
2.072478556553731	0.32547013155452503	226
2.072478556553731	0.32547013155452503	226
2.072478556553731	0.32547013155452503	226
2.0598971297326387	0.326808372177981	226
2.0598971297326387	0.326808372177981	226
2.0533031715214234	0.3275141523210459	228
2.0533031715214234	0.3275141523210459	228
2.03832614060702	0.32912859045481285	228
2.03832614060702	0.32912859045481285	228
2.019554054194653	0.3311747304575776	228
2.034239373127504	0.32957188838046836	228
2.034239373127504	0.32957188838046836	228
2.000135422890038	0.3333182870247562	229
2.000135422890038	0.3333182870247562	229
1.9990246173584514	0.33344174442982816	228
1.9555461808153602	0.3383469378658551	231
1.9555461808153602	0.3383469378658551	231
1.9555461808153602	0.3383469378658551	231
1.9555461808153602	0.3383469378658551	231
1.9555461808153602	0.3383469378658551	231
1.972265709193   	0.33644367557956656	228
1.972265709193   	0.33644367557956656	228
1.972265709193   	0.33644367557956656	228
1.963203963831328	0.3374725507275011	229
1.963203963831328	0.3374725507275011	229
1.9586885448922993	0.3379875863332555	229
1.9113012344834956	0.3434890172666772	230
1.9113012344834956	0.3434890172666772	230
1.9113012344834956	0.3434890172666772	230
1.9079401755555794	0.3438860291577161	230
1.9113012344834956	0.3434890172666772	230
1.9113012344834956	0.3434890172666772	230
1.9113012344834956	0.3434890172666772	230
1.9113012344834956	0.3434890172666772	230
1.9113012344834956	0.3434890172666772	230
1.9113012344834956	0.3434890172666772	230
1.9113012344834956	0.3434890172666772	230
1.9113012344834956	0.3434890172666772	230
1.9113012344834956	0.3434890172666772	230
1.9113012344834956	0.3434890172666772	230
1.9113012344834956	0.3434890172666772	230
1.9113012344834956	0.3434890172666772	230
1.9113012344834956	0.3434890172666772	230
1.9113012344834956	0.3434890172666772	230
1.9113012344834956	0.3434890172666772	230
1.9113012344834956	0.3434890172666772	230
1.9113012344834956	0.3434890172666772	230
1.9113012344834956	0.3434890172666772	230
1.9113012344834956	0.3434890172666772	230
1.9113012344834956	0.3434890172666772	230
1.9113012344834956	0.3434890172666772	230
1.9113012344834956	0.3434890172666772	230
1.9113012344834956	0.3434890172666772	230
1.9113012344834956	0.3434890172666772	230
1.9113012344834956	0.3434890172666772	230
1.9113012344834956	0.3434890172666772	230
1.9113012344834956	0.3434890172666772	230
1.9113012344834956	0.3434890172666772	230
1.9113012344834956	0.3434890172666772	230
1.9113012344834956	0.3434890172666772	230
1.9113012344834956	0.3434890172666772	230
1.9079401755555794	0.3438860291577161	230
