1.112018883903301	0.4734806149800435	242
0.7749031636604213	0.5634110189638055	247
0.7514502103387759	0.5709554254508749	247
0.7507431855385549	0.5711860016135861	247
0.7514502103387759	0.5709554254508749	247
0.7514502103387759	0.5709554254508749	247
0.7514502103387759	0.5709554254508749	247
0.7514502103387759	0.5709554254508749	247
0.7514502103387759	0.5709554254508749	247
0.7514502103387759	0.5709554254508749	247
0.7514502103387759	0.5709554254508749	247
0.7514502103387759	0.5709554254508749	247
0.7514502103387759	0.5709554254508749	247
0.7514502103387759	0.5709554254508749	247
0.7502513757532983	0.571346501338761	247
0.7514502103387759	0.5709554254508749	247
0.7454809954797389	0.5729079850136976	247
0.7387803267081401	0.5751157777895961	247
0.7514502103387759	0.5709554254508749	247
0.7514502103387759	0.5709554254508749	247
0.7495488641028061	0.5715759190943286	247
0.7514225179385576	0.5709644530418682	247
0.7514502103387759	0.5709554254508749	247
0.7514502103387759	0.5709554254508749	247
0.7514502103387759	0.5709554254508749	247
0.7514502103387759	0.5709554254508749	247
0.7467919397110243	0.5724780251536037	247
0.7514502103387759	0.5709554254508749	247
0.7459051645110464	0.5727687965686598	247
0.7511817772072096	0.5710429454073027	247
0.7486856762811009	0.5718580609218933	247
0.7495027721007841	0.5715909777034596	248
0.7514502103387759	0.5709554254508749	247
0.7482179671279197	0.5720110528567909	247
0.7456357128283757	0.5728572076356897	247
0.7492033560917739	0.5716888185226726	247
0.7514502103387759	0.5709554254508749	247
0.7514502103387759	0.5709554254508749	247
0.7514502103387759	0.5709554254508749	247
0.7514502103387759	0.5709554254508749	247
0.7492082855429529	0.5716872074440241	247
0.7473311947103256	0.5723013490672448	248
0.6260942761688323	0.6149704938117456	249
0.7514502103387759	0.5709554254508749	247
0.6260942761688323	0.6149704938117456	249
0.6260942761688323	0.6149704938117456	249
0.6260942761688323	0.6149704938117456	249
0.7514502103387759	0.5709554254508749	247
0.7507345661521678	0.5711888137319632	247
0.6260942761688323	0.6149704938117456	249
0.7514502103387759	0.5709554254508749	247
0.6260942761688323	0.6149704938117456	249
0.7352016297804814	0.576301902232831	247
0.7514502103387759	0.5709554254508749	247
0.745385845383074	0.5729392172196297	247
0.6260942761688323	0.6149704938117456	249
0.6260942761688323	0.6149704938117456	249
0.7514502103387759	0.5709554254508749	247
0.6769255402959684	0.5963293992311104	248
0.6260942761688323	0.6149704938117456	249
0.6260942761688323	0.6149704938117456	249
0.6260942761688323	0.6149704938117456	249
0.7514502103387759	0.5709554254508749	247
0.6260942761688323	0.6149704938117456	249
0.6260942761688323	0.6149704938117456	249
0.6260942761688323	0.6149704938117456	249
0.6260942761688323	0.6149704938117456	249
0.6160366825823937	0.6187978347137643	249
0.6260942761688323	0.6149704938117456	249
0.6260942761688323	0.6149704938117456	249
0.6260942761688323	0.6149704938117456	249
0.6260942761688323	0.6149704938117456	249
0.6260942761688323	0.6149704938117456	249
0.6260942761688323	0.6149704938117456	249
0.6125869061347526	0.6201216171331339	249
0.6173969823737283	0.6182773993632518	249
0.6217037783579655	0.6166354258683029	249
0.6260942761688323	0.6149704938117456	249
0.6238291352755311	0.6158283394947955	249
0.6165001692223423	0.6186204115778565	249
0.6260942761688323	0.6149704938117456	249
0.6176394527681323	0.6181847248401261	249
0.6260942761688323	0.6149704938117456	249
0.6260942761688323	0.6149704938117456	249
0.6123628565480991	0.620207787557756	249
0.6260942761688323	0.6149704938117456	249
0.6260942761688323	0.6149704938117456	249
0.6181243243767742	0.6179994855371531	249
0.6217625766754334	0.6166130692508462	249
0.6260942761688323	0.6149704938117456	249
0.6260942761688323	0.6149704938117456	249
0.62576626791572	0.615094567856934	249
0.6260942761688323	0.6149704938117456	249
0.6260942761688323	0.6149704938117456	249
0.6245508397375409	0.615554758607344	249
0.6260942761688323	0.6149704938117456	249
0.6260942761688323	0.6149704938117456	249
0.6260942761688323	0.6149704938117456	249
0.6260942761688323	0.6149704938117456	249
0.6260942761688323	0.6149704938117456	249
0.6123628565480991	0.620207787557756	249
