6.100159622453788	0.14084190400981492	173
4.909055827967965	0.16923177392688216	181
4.902880089700314	0.16940882836919857	180
4.909055827967965	0.16923177392688216	181
4.851860389663481	0.1708858266281206	182
4.840217062908613	0.17122651251287024	182
3.7592547111993824	0.21011693231018297	198
3.764714925397821	0.2098761448811141	199
3.5707444214018835	0.21878274254793972	202
3.1766307271147216	0.23942743932519378	209
2.611746268306819	0.2768743775760301	216
2.244275435951441	0.3082352345668617	218
2.2645543838539477	0.3063205210934353	224
1.7026621203170227	0.37000555581202277	235
1.8328666028944882	0.3529993254812096	232
1.6169479155595108	0.3821245329547177	233
1.0799214098451198	0.48078739670960186	242
0.9619351826071197	0.5097008345969661	249
0.9882417096334638	0.502956956970967	244
0.9882417096334638	0.502956956970967	244
1.0183345326810647	0.49545800451208893	247
0.7089933627153983	0.585139779835723	247
0.9879549656925934	0.503029503815548	242
0.6356204889173858	0.6113887706688599	249
0.6356204889173858	0.6113887706688599	249
0.8006844007227093	0.5553444010503159	247
0.6356204889173858	0.6113887706688599	249
0.7089933627153983	0.585139779835723	247
0.6356204889173858	0.6113887706688599	249
0.6356204889173858	0.6113887706688599	249
0.6356204889173858	0.6113887706688599	249
0.6315212024565648	0.6129249184713691	248
0.6315212024565648	0.6129249184713691	248
0.7239235974666052	0.5800721107765748	249
0.7122333489951624	0.584032544738635	248
0.7122333489951624	0.584032544738635	248
0.7122333489951624	0.584032544738635	248
0.7122333489951624	0.584032544738635	248
0.6356204889173858	0.6113887706688599	249
0.6356204889173858	0.6113887706688599	249
0.6356204889173858	0.6113887706688599	249
0.6356204889173858	0.6113887706688599	249
0.6315212024565648	0.6129249184713691	248
0.6315212024565648	0.6129249184713691	248
0.6315212024565648	0.6129249184713691	248
0.6315212024565648	0.6129249184713691	248
0.6356204889173858	0.6113887706688599	249
0.6356204889173858	0.6113887706688599	249
0.6356204889173858	0.6113887706688599	249
0.6315212024565648	0.6129249184713691	248
0.6485618749068756	0.6065893038176006	248
0.6981239260579776	0.5888851718386646	249
0.691828963264876	0.5910762977305988	249
0.691828963264876	0.5910762977305988	249
0.7145817055134516	0.5832326314834546	248
0.6356204889173858	0.6113887706688599	249
0.6356204889173858	0.6113887706688599	249
0.6356204889173858	0.6113887706688599	249
0.6356204889173858	0.6113887706688599	249
0.6356204889173858	0.6113887706688599	249
0.6356204889173858	0.6113887706688599	249
0.6356204889173858	0.6113887706688599	249
0.6356204889173858	0.6113887706688599	249
0.6356204889173858	0.6113887706688599	249
0.6356204889173858	0.6113887706688599	249
0.6356204889173858	0.6113887706688599	249
0.6356204889173858	0.6113887706688599	249
0.6356204889173858	0.6113887706688599	249
0.6356204889173858	0.6113887706688599	249
0.6505782381844225	0.6058482881126341	248
0.6214495163184538	0.6167321214357186	248
0.6214495163184538	0.6167321214357186	248
0.6356204889173858	0.6113887706688599	249
0.6356204889173858	0.6113887706688599	249
0.6737319640779373	0.5974672297967986	248
0.6737319640779373	0.5974672297967986	248
0.6356204889173858	0.6113887706688599	249
0.6356204889173858	0.6113887706688599	249
0.6356204889173858	0.6113887706688599	249
0.6356204889173858	0.6113887706688599	249
0.6356204889173858	0.6113887706688599	249
0.6356204889173858	0.6113887706688599	249
0.6356204889173858	0.6113887706688599	249
0.6356204889173858	0.6113887706688599	249
0.6356204889173858	0.6113887706688599	249
0.6356204889173858	0.6113887706688599	249
0.6356204889173858	0.6113887706688599	249
0.6356204889173858	0.6113887706688599	249
0.6356204889173858	0.6113887706688599	249
0.6356204889173858	0.6113887706688599	249
0.6356204889173858	0.6113887706688599	249
0.6356204889173858	0.6113887706688599	249
0.6356204889173858	0.6113887706688599	249
0.6356204889173858	0.6113887706688599	249
0.6356204889173858	0.6113887706688599	249
0.6356204889173858	0.6113887706688599	249
0.6298842408748669	0.6135405048540341	249
0.6356204889173858	0.6113887706688599	249
0.6356204889173858	0.6113887706688599	249
0.6356204889173858	0.6113887706688599	249
0.6214495163184538	0.6167321214357186	248
