3.78656903937501	0.20891791004660232	198
3.67329626009301	0.21398172603337107	199
2.116921125464628	0.32082942100465683	241
0.9848981399503012	0.5038041901863228	247
1.9577746374664722	0.3380920193624236	234
1.2688947694324577	0.44074322594085774	245
2.9263373169305162	0.25469029257571985	212
2.9263373169305162	0.25469029257571985	212
2.9263373169305162	0.25469029257571985	212
2.9263373169305162	0.25469029257571985	212
2.9263373169305162	0.25469029257571985	212
2.9263373169305162	0.25469029257571985	212
2.9263373169305162	0.25469029257571985	212
2.9263373169305162	0.25469029257571985	212
2.9263373169305162	0.25469029257571985	212
2.9263373169305162	0.25469029257571985	212
2.9263373169305162	0.25469029257571985	212
2.9263373169305162	0.25469029257571985	212
2.9001261189262055	0.2564019648357738	212
2.9234673708952736	0.2548765939582201	212
2.9263373169305162	0.25469029257571985	212
2.9263373169305162	0.25469029257571985	212
2.9263373169305162	0.25469029257571985	212
2.9263373169305162	0.25469029257571985	212
2.9263373169305162	0.25469029257571985	212
2.918584978105342	0.2551941595212019	212
2.9263373169305162	0.25469029257571985	212
2.9263373169305162	0.25469029257571985	212
2.9263373169305162	0.25469029257571985	212
2.9263373169305162	0.25469029257571985	212
2.9263373169305162	0.25469029257571985	212
2.910327787797287	0.25573303678546766	212
2.9263373169305162	0.25469029257571985	212
2.9239356752681798	0.25484617556368466	212
2.86025269102915	0.25905039903835886	212
2.9263373169305162	0.25469029257571985	212
2.9263373169305162	0.25469029257571985	212
2.9263373169305162	0.25469029257571985	212
2.9263373169305162	0.25469029257571985	212
2.9263373169305162	0.25469029257571985	212
2.9263373169305162	0.25469029257571985	212
2.9263373169305162	0.25469029257571985	212
2.9263373169305162	0.25469029257571985	212
2.9263373169305162	0.25469029257571985	212
2.9263373169305162	0.25469029257571985	212
2.9263373169305162	0.25469029257571985	212
2.9263373169305162	0.25469029257571985	212
2.9263373169305162	0.25469029257571985	212
2.9263373169305162	0.25469029257571985	212
2.812493822176466	0.26229550699419174	213
2.9263373169305162	0.25469029257571985	212
2.9263373169305162	0.25469029257571985	212
2.9263373169305162	0.25469029257571985	212
2.9263373169305162	0.25469029257571985	212
2.9248713337583347	0.25478542223763323	212
2.927174001006827	0.25463603083123526	212
2.9263373169305162	0.25469029257571985	212
2.9263373169305162	0.25469029257571985	212
2.9263373169305162	0.25469029257571985	212
2.9258851849375564	0.2547196244649996	212
2.9263373169305162	0.25469029257571985	212
2.9263373169305162	0.25469029257571985	212
2.92035120238771	0.2550791876480212	212
2.9263373169305162	0.25469029257571985	212
2.9263373169305162	0.25469029257571985	212
2.9263373169305162	0.25469029257571985	212
2.9263373169305162	0.25469029257571985	212
2.9263373169305162	0.25469029257571985	212
2.922362468860983	0.25494839090952004	212
2.903356401469533	0.25618977545158844	213
2.913453676695568	0.25552876886085374	214
2.9263373169305162	0.25469029257571985	212
2.9163146607059978	0.2553420975166814	212
2.9263373169305162	0.25469029257571985	212
2.9263373169305162	0.25469029257571985	212
2.9263373169305162	0.25469029257571985	212
2.9263373169305162	0.25469029257571985	212
2.9263373169305162	0.25469029257571985	212
2.9263373169305162	0.25469029257571985	212
2.899918346268667	0.2564156249468074	213
2.9263373169305162	0.25469029257571985	212
2.8926292416493395	0.2568957735045662	213
3.114007506721753	0.2430719920578973	209
2.9263373169305162	0.25469029257571985	212
2.9263373169305162	0.25469029257571985	212
2.9191764756474368	0.25515564461403917	212
2.9263373169305162	0.25469029257571985	212
3.2004078042749122	0.23807212218353244	210
2.9263373169305162	0.25469029257571985	212
2.9263373169305162	0.25469029257571985	212
2.9263373169305162	0.25469029257571985	212
2.9263373169305162	0.25469029257571985	212
2.9263373169305162	0.25469029257571985	212
2.917315063935295	0.25527688829690665	211
2.9263373169305162	0.25469029257571985	212
2.9263373169305162	0.25469029257571985	212
2.9263373169305162	0.25469029257571985	212
2.9263373169305162	0.25469029257571985	212
2.9263373169305162	0.25469029257571985	212
2.9097166709157505	0.2557730097014359	212
0.9848981399503012	0.5038041901863228	247
