13.035837962338366	0.07124619154789674	143
7.765481207400116	0.11408386788346156	183
4.032289839072805	0.19871669398602232	192
6.180716527408305	0.1392618683919729	184
4.255160172511727	0.19028915716607847	187
4.439717173973011	0.18383308690838224	196
3.3085748503377634	0.2320953063915338	206
3.308607117751481	0.23209356821604724	206
3.3007143984944753	0.23251950893322834	205
3.2142367352694063	0.23729089342107698	206
3.109129457485658	0.24336054883310776	209
3.1033467133367676	0.24370351078298672	206
2.9286200569299616	0.25454230378833187	209
3.0341134397958887	0.24788593948181	210
3.1010317047853015	0.24384107999778373	210
2.9286200569299616	0.25454230378833187	209
2.88165960914407	0.25762176509354107	207
2.88165960914407	0.25762176509354107	207
2.88165960914407	0.25762176509354107	207
2.88165960914407	0.25762176509354107	207
2.88165960914407	0.25762176509354107	207
2.88165960914407	0.25762176509354107	207
2.4815559434429693	0.2872278993199469	226
2.8766369789070567	0.2579555437976374	208
2.819574668329686	0.26180925543662786	212
2.6368228264925837	0.27496527813108174	225
2.6368228264925837	0.27496527813108174	225
2.819574668329686	0.26180925543662786	212
2.819574668329686	0.26180925543662786	212
1.9622770724571204	0.3375781453051351	238
1.4619430771117392	0.40618323359984554	242
1.4619430771117392	0.40618323359984554	242
1.4498621032843833	0.4081862398129919	242
0.6707467739492362	0.5985347484084886	249
0.6707467739492362	0.5985347484084886	249
0.6746916585533217	0.5971248467696122	249
0.662366187709227	0.6015521774886552	247
0.662366187709227	0.6015521774886552	247
0.6420761339522889	0.6089851617251842	248
0.6420761339522889	0.6089851617251842	248
0.6258842651105226	0.6150499278815661	248
0.6256504139058193	0.6151384033405931	248
0.6256374617003726	0.6151433044327284	248
0.6237161397738836	0.6158711954044249	248
0.6210361226910525	0.6168893993182077	248
0.6159583077318188	0.6188278467429111	248
0.6037593144230531	0.6235349600197001	248
0.6085497015667637	0.621678024015035	248
0.6085497015667637	0.621678024015035	248
0.6085497015667637	0.621678024015035	248
0.6085497015667637	0.621678024015035	248
0.6051033519931975	0.6230128413589147	248
0.6051033519931975	0.6230128413589147	248
0.6051033519931975	0.6230128413589147	248
0.6051033519931975	0.6230128413589147	248
0.6051033519931975	0.6230128413589147	248
0.6051033519931975	0.6230128413589147	248
0.6051033519931975	0.6230128413589147	248
0.6051033519931975	0.6230128413589147	248
0.6051033519931975	0.6230128413589147	248
0.6051033519931975	0.6230128413589147	248
0.6051033519931975	0.6230128413589147	248
0.6051033519931975	0.6230128413589147	248
0.6051033519931975	0.6230128413589147	248
0.6051033519931975	0.6230128413589147	248
0.6051033519931975	0.6230128413589147	248
0.6051033519931975	0.6230128413589147	248
0.6051033519931975	0.6230128413589147	248
0.6051033519931975	0.6230128413589147	248
0.6051033519931975	0.6230128413589147	248
0.6051033519931975	0.6230128413589147	248
0.6051033519931975	0.6230128413589147	248
0.6051033519931975	0.6230128413589147	248
0.6051033519931975	0.6230128413589147	248
0.6051033519931975	0.6230128413589147	248
0.6051033519931975	0.6230128413589147	248
0.6051033519931975	0.6230128413589147	248
0.6051033519931975	0.6230128413589147	248
0.6051033519931975	0.6230128413589147	248
0.6051033519931975	0.6230128413589147	248
0.6051033519931975	0.6230128413589147	248
0.6051033519931975	0.6230128413589147	248
0.6051033519931975	0.6230128413589147	248
0.6051033519931975	0.6230128413589147	248
0.6051033519931975	0.6230128413589147	248
0.6051033519931975	0.6230128413589147	248
0.6051033519931975	0.6230128413589147	248
0.6051033519931975	0.6230128413589147	248
0.6051033519931975	0.6230128413589147	248
0.6051033519931975	0.6230128413589147	248
0.6051033519931975	0.6230128413589147	248
0.6051033519931975	0.6230128413589147	248
0.6018170662118617	0.6242910136829174	248
0.6018170662118617	0.6242910136829174	248
0.6018170662118617	0.6242910136829174	248
0.6018170662118617	0.6242910136829174	248
0.6018170662118617	0.6242910136829174	248
0.6018170662118617	0.6242910136829174	248
0.6018170662118617	0.6242910136829174	248
0.6018170662118617	0.6242910136829174	248
0.6018170662118617	0.6242910136829174	248
