8.990718620862419	0.1000929000154023	178
9.998986390208863	0.0909174686214891	141
6.042277367932313	0.1419995191546411	169
5.011472045962916	0.16634860685604674	171
6.46467660355533	0.13396427643278114	169
5.981705577331654	0.1432314767392685	173
5.991442669090726	0.14303199601721905	171
5.842487183195829	0.14614568843561113	178
5.251487495535717	0.15996192917511476	188
5.387459553093303	0.15655676434236243	180
4.973599504845148	0.16740325480288834	189
5.086847609308135	0.16428865386259695	187
5.043462909858862	0.16546804620388642	192
4.995009429404121	0.166805409028255	189
4.973599504845148	0.16740325480288834	189
4.973599504845148	0.16740325480288834	189
4.966092794171333	0.16761388642445615	189
4.9043987774021405	0.16936525422830387	189
4.850795828305519	0.17091691956880598	190
4.87648317096601	0.17016980580165847	188
4.87648317096601	0.17016980580165847	188
4.823814172345845	0.17170877545311475	190
4.918115999711986	0.1689726933450893	188
4.916675171400494	0.1690138415631996	188
4.894148804373501	0.16965978179207028	191
4.920489287199647	0.16890495894689703	190
4.907432030089195	0.16927829129587144	188
4.907432030089195	0.16927829129587144	188
4.907432030089195	0.16927829129587144	188
4.907432030089195	0.16927829129587144	188
4.9581566452139905	0.16783714486648654	190
4.855624562654817	0.17077597603809166	188
4.9581566452139905	0.16783714486648654	190
4.9581566452139905	0.16783714486648654	190
4.905794643457067	0.16932522384737564	190
4.905794643457067	0.16932522384737564	190
4.905794643457067	0.16932522384737564	190
4.9151450655827364	0.16905756138061578	188
4.815800847704898	0.17194536508151448	187
4.928067172154039	0.16868904669253895	189
4.90103503017501	0.16946179693672186	185
4.932594355345115	0.1685603194998535	189
4.867640445972602	0.17042625723366783	190
4.873843858662874	0.1702462687231936	191
4.9079964420800035	0.16926211953640483	190
4.890536222378504	0.16976383172060625	189
4.899813348508269	0.16949688760117193	188
4.897449089981342	0.169564838075298	188
4.811687188931881	0.17206707234767538	189
4.811687188931881	0.17206707234767538	189
4.811687188931881	0.17206707234767538	189
4.811687188931881	0.17206707234767538	189
4.811687188931881	0.17206707234767538	189
4.811687188931881	0.17206707234767538	189
4.811687188931881	0.17206707234767538	189
4.811687188931881	0.17206707234767538	189
4.811687188931881	0.17206707234767538	189
4.811687188931881	0.17206707234767538	189
4.811687188931881	0.17206707234767538	189
4.811687188931881	0.17206707234767538	189
4.811687188931881	0.17206707234767538	189
4.811687188931881	0.17206707234767538	189
4.811687188931881	0.17206707234767538	189
4.811687188931881	0.17206707234767538	189
4.811687188931881	0.17206707234767538	189
4.811687188931881	0.17206707234767538	189
4.811687188931881	0.17206707234767538	189
4.811687188931881	0.17206707234767538	189
4.811687188931881	0.17206707234767538	189
4.811687188931881	0.17206707234767538	189
4.811687188931881	0.17206707234767538	189
4.811687188931881	0.17206707234767538	189
4.811687188931881	0.17206707234767538	189
4.811687188931881	0.17206707234767538	189
4.811687188931881	0.17206707234767538	189
4.811687188931881	0.17206707234767538	189
4.811687188931881	0.17206707234767538	189
4.811687188931881	0.17206707234767538	189
4.811687188931881	0.17206707234767538	189
4.811687188931881	0.17206707234767538	189
4.811687188931881	0.17206707234767538	189
4.801331536679342	0.1723742202419267	190
4.811687188931881	0.17206707234767538	189
4.811687188931881	0.17206707234767538	189
4.811687188931881	0.17206707234767538	189
4.811687188931881	0.17206707234767538	189
4.811687188931881	0.17206707234767538	189
4.811687188931881	0.17206707234767538	189
4.811687188931881	0.17206707234767538	189
4.811687188931881	0.17206707234767538	189
4.811687188931881	0.17206707234767538	189
4.811687188931881	0.17206707234767538	189
4.811687188931881	0.17206707234767538	189
4.811687188931881	0.17206707234767538	189
4.811687188931881	0.17206707234767538	189
4.811687188931881	0.17206707234767538	189
4.811687188931881	0.17206707234767538	189
4.811687188931881	0.17206707234767538	189
4.811687188931881	0.17206707234767538	189
4.811687188931881	0.17206707234767538	189
4.801331536679342	0.1723742202419267	190
