13.094059648722427	0.07095187794885247	136
13.035008366966611	0.07125040283934865	143
1.88706037207501	0.3463730823478667	233
1.1304940679825661	0.4693746934235459	242
0.6531448142940577	0.6049076834366927	249
0.6895069899814728	0.5918886432135839	249
0.779772409304164	0.5618695934223237	247
0.6890638756484608	0.5920439211430549	249
0.6892582151829133	0.5919758098626264	249
0.6895069899814728	0.5918886432135839	249
0.6895069899814728	0.5918886432135839	249
0.6895069899814728	0.5918886432135839	249
0.6895069899814728	0.5918886432135839	249
0.6895069899814728	0.5918886432135839	249
0.6895069899814728	0.5918886432135839	249
0.6895069899814728	0.5918886432135839	249
0.6895069899814728	0.5918886432135839	249
0.6895069899814728	0.5918886432135839	249
0.6895069899814728	0.5918886432135839	249
0.6895069899814728	0.5918886432135839	249
0.6895069899814728	0.5918886432135839	249
0.6850926666508682	0.5934391738749335	249
0.6895069899814728	0.5918886432135839	249
0.6895069899814728	0.5918886432135839	249
0.6895069899814728	0.5918886432135839	249
0.6895069899814728	0.5918886432135839	249
0.6895069899814728	0.5918886432135839	249
0.6895069899814728	0.5918886432135839	249
0.6895069899814728	0.5918886432135839	249
0.6895069899814728	0.5918886432135839	249
0.6895069899814728	0.5918886432135839	249
0.6889923864450781	0.5920689803136171	249
0.6895069899814728	0.5918886432135839	249
0.6895069899814728	0.5918886432135839	249
0.6895069899814728	0.5918886432135839	249
0.6895069899814728	0.5918886432135839	249
0.6895069899814728	0.5918886432135839	249
0.6895069899814728	0.5918886432135839	249
0.6895069899814728	0.5918886432135839	249
0.6895069899814728	0.5918886432135839	249
0.6895069899814728	0.5918886432135839	249
0.8664289476149472	0.5357825173456882	244
0.6895069899814728	0.5918886432135839	249
0.6888190876973305	0.5921297356743399	249
0.6840619264039645	0.5938023918962021	249
0.6895069899814728	0.5918886432135839	249
0.6698946123553244	0.5988401858423491	249
0.6895069899814728	0.5918886432135839	249
0.6895069899814728	0.5918886432135839	249
0.6895069899814728	0.5918886432135839	249
0.6895069899814728	0.5918886432135839	249
0.6895069899814728	0.5918886432135839	249
0.6895069899814728	0.5918886432135839	249
0.6895069899814728	0.5918886432135839	249
0.6895069899814728	0.5918886432135839	249
0.6895069899814728	0.5918886432135839	249
0.6895069899814728	0.5918886432135839	249
0.6895069899814728	0.5918886432135839	249
0.6895069899814728	0.5918886432135839	249
0.6700240683412994	0.5987937652858019	249
0.6895069899814728	0.5918886432135839	249
0.6789386875796078	0.5956143648352163	248
0.6895069899814728	0.5918886432135839	249
0.6895069899814728	0.5918886432135839	249
0.6895069899814728	0.5918886432135839	249
0.6895069899814728	0.5918886432135839	249
0.6895069899814728	0.5918886432135839	249
0.6895069899814728	0.5918886432135839	249
0.6895069899814728	0.5918886432135839	249
0.6895069899814728	0.5918886432135839	249
0.6895069899814728	0.5918886432135839	249
0.6895069899814728	0.5918886432135839	249
0.6895069899814728	0.5918886432135839	249
0.6895069899814728	0.5918886432135839	249
0.6895069899814728	0.5918886432135839	249
0.6895069899814728	0.5918886432135839	249
0.6895069899814728	0.5918886432135839	249
0.6895069899814728	0.5918886432135839	249
0.6895069899814728	0.5918886432135839	249
0.6895069899814728	0.5918886432135839	249
0.6895069899814728	0.5918886432135839	249
0.6895069899814728	0.5918886432135839	249
0.6895069899814728	0.5918886432135839	249
0.6895069899814728	0.5918886432135839	249
0.6895069899814728	0.5918886432135839	249
0.6895069899814728	0.5918886432135839	249
0.6895069899814728	0.5918886432135839	249
0.6895069899814728	0.5918886432135839	249
0.6895069899814728	0.5918886432135839	249
0.6895069899814728	0.5918886432135839	249
0.6840338820901385	0.5938122805218444	247
0.6895069899814728	0.5918886432135839	249
0.6895069899814728	0.5918886432135839	249
0.6886170027934472	0.592200598682661	249
0.6895069899814728	0.5918886432135839	249
0.6820143446405482	0.5945252507425572	249
0.6342600663554445	0.611897714805022	249
0.6895069899814728	0.5918886432135839	249
0.685236346910928	0.5933885783041767	249
0.6895069899814728	0.5918886432135839	249
0.6342600663554445	0.611897714805022	249
