3.3500769547966707	0.22988099070232232	200
1.5463362002367478	0.3927211182510087	239
1.7275873712740226	0.36662436940852683	236
0.8509379200547565	0.5402666341021405	248
0.8374691400458121	0.5442268271101782	248
0.947248025230398	0.5135452633886637	246
0.7089575062372688	0.5851520569412928	247
0.938436702768487	0.5158796253557282	245
0.6207476707044782	0.6169991899882462	248
0.8245901110883481	0.5480682997911849	249
0.9369694482232029	0.5162704042220737	245
0.8580546730210113	0.5381972955478752	245
0.6938729360658861	0.5903630542220927	247
0.6938729360658861	0.5903630542220927	247
0.6938729360658861	0.5903630542220927	247
0.6938729360658861	0.5903630542220927	247
0.6887103645865945	0.5921678583673556	247
0.6860013629317626	0.5931193307347717	247
0.6764495833696137	0.5964987017325207	247
0.6778443453426793	0.5960028430383166	248
0.6801605909592393	0.5951812019522961	248
0.669233529797305	0.5990773502623267	248
0.6785282677029095	0.5957599995432394	248
0.677081588002712	0.5962739124641697	247
0.674837054964741	0.5970730090044803	248
0.6727158783345225	0.5978301592949979	248
0.6667008510865758	0.5999876938612396	248
0.6730187856444713	0.5977219195508229	247
0.6742688519427754	0.5972756399544956	247
0.6707035734534822	0.598550225120377	248
0.6866719129682443	0.5928835313562416	247
0.6817544358528457	0.594617132371578	247
0.6653962059027511	0.6004577147802111	247
0.6794298949742718	0.5954401568011385	247
0.6728932845942602	0.5977667608621776	247
0.6778805648577183	0.5959899774420466	247
0.6823582147686943	0.5944037311563216	247
0.6690144676405841	0.5991559806031269	248
0.6694279110419513	0.5990075961865662	247
0.6723431263734195	0.5979634108752325	248
0.6797234886270148	0.5953360816650767	247
0.6873827148502697	0.5926337820099902	247
0.6766855899396617	0.5964147398892995	247
0.6794844962294758	0.5954207986111504	248
0.6773945130521145	0.5961626750408544	247
0.6844257110219328	0.5936741486766459	247
0.6648502051801278	0.6006546396117393	248
0.6742187482002034	0.5972935144078436	247
0.6768795483498625	0.596345754818259	247
0.6826787703798852	0.5942904953713998	247
0.6801585148198591	0.5951819374061956	247
0.6809161734636621	0.5949136642188528	247
0.6755391497221656	0.5968228197865851	248
0.6819359621149229	0.5945529571426525	247
0.6938729360658861	0.5903630542220927	247
0.6789157396388933	0.5956225058769675	247
0.6835703457059771	0.5939757744905317	247
0.6646917033334606	0.6007118303032031	248
0.6831600837614397	0.5941205531474175	247
0.6766203932884222	0.5964379319272506	247
0.6745332892829795	0.5971813199534487	247
0.6745801890861164	0.5971645947547839	247
0.6780374297416344	0.5959342636081537	247
0.6723568080997556	0.5979585188738923	248
0.6707035734534822	0.598550225120377	248
0.6776624285290077	0.5960674704247926	247
0.6689430999012879	0.5991816018527812	248
0.6851647505306698	0.5934137891770482	247
0.676097435249995	0.5966240261270055	247
0.6849575644059701	0.5934867566546395	247
0.6786236647230383	0.5957261422053127	248
0.683129026308806	0.5941315159854706	247
0.669233529797305	0.5990773502623267	248
0.666426981151755	0.6000862991961686	248
0.6726625460922352	0.5978492208941093	247
0.6749323197475675	0.5970390494051199	248
0.6728932845942602	0.5977667608621776	247
0.6722355272532218	0.5980018865180903	248
0.6805198244897376	0.5950539740307043	247
0.6755912804479102	0.5968042515312477	247
0.6737035095376166	0.5974773873039577	247
0.6645356493453171	0.600768148398211	248
0.6748062113540817	0.5970840048362965	247
0.6659170313697115	0.6002699901433887	248
0.673022950200645	0.5977204316773242	248
0.6754840550639242	0.5968424450102257	247
0.6646917033334606	0.6007118303032031	248
0.6646917033334606	0.6007118303032031	248
0.6814935116569899	0.5947094015335049	247
0.6671917260344974	0.5998110381572924	247
0.6651396466987763	0.6005502313169654	248
0.6738495822453775	0.5974252469320182	248
0.6810298049244164	0.5948734502330627	247
0.6781025128686605	0.5959111510360194	248
0.685522672274291	0.5932877774053854	247
0.6690144676405841	0.5991559806031269	248
0.6532356930724895	0.6048744315104457	247
0.6677138407872144	0.599623254027782	248
0.6728405321940366	0.5977856112133034	247
0.664762060779661	0.6006864425608476	248
0.6207476707044782	0.6169991899882462	248
