8.494764195105237	0.10532120434497176	143
9.470004706524763	0.09551094082859521	143
5.693801890291771	0.14939193247567292	227
0.9591507395590857	0.5104252469236	246
1.0205957914938564	0.4949035349918675	245
2.63973020672769	0.27474563860573964	230
2.2591701038355785	0.30682657490725707	232
1.7255362653412596	0.3669002730641677	236
1.950342987176369	0.3389436429413421	236
0.74283337111278	0.5737783178672502	247
0.74283337111278	0.5737783178672502	247
0.74283337111278	0.5737783178672502	247
0.74283337111278	0.5737783178672502	247
0.74283337111278	0.5737783178672502	247
0.74283337111278	0.5737783178672502	247
0.74283337111278	0.5737783178672502	247
0.74283337111278	0.5737783178672502	247
1.1541901556828955	0.4642115726700979	240
0.74283337111278	0.5737783178672502	247
0.74283337111278	0.5737783178672502	247
0.7799473076724388	0.5618143838806428	247
0.74283337111278	0.5737783178672502	247
0.7405448759549175	0.5745327304194721	247
0.74283337111278	0.5737783178672502	247
0.7343716636067669	0.5765776857311072	247
0.74283337111278	0.5737783178672502	247
0.74283337111278	0.5737783178672502	247
1.2324169183122673	0.44794500157972794	240
0.7395806806843909	0.5748511759779817	247
0.991245811692554	0.5021981686680875	244
0.74283337111278	0.5737783178672502	247
0.74283337111278	0.5737783178672502	247
1.0555825099231941	0.48648010730416485	243
0.74283337111278	0.5737783178672502	247
0.74283337111278	0.5737783178672502	247
0.74283337111278	0.5737783178672502	247
0.74283337111278	0.5737783178672502	247
0.74283337111278	0.5737783178672502	247
0.74283337111278	0.5737783178672502	247
0.74283337111278	0.5737783178672502	247
0.8326217331489331	0.5456663434203266	245
1.5031790545738162	0.3994919972555687	239
0.74283337111278	0.5737783178672502	247
0.74283337111278	0.5737783178672502	247
0.74283337111278	0.5737783178672502	247
0.74283337111278	0.5737783178672502	247
0.9020549133672136	0.5257471763681612	246
0.74283337111278	0.5737783178672502	247
0.74283337111278	0.5737783178672502	247
0.74283337111278	0.5737783178672502	247
0.74283337111278	0.5737783178672502	247
0.9627647375801436	0.5094854114981103	246
0.9627647375801436	0.5094854114981103	246
0.9550323343517305	0.5115004915412769	246
0.9627647375801436	0.5094854114981103	246
0.9593809926465283	0.5103652652306807	247
0.9627647375801436	0.5094854114981103	246
0.9576601101372145	0.5108139021793261	246
0.9563311086774344	0.511160915227711	246
0.9454789426833166	0.5140122455505699	247
0.9627647375801436	0.5094854114981103	246
0.9619257820300628	0.5097032768310279	246
0.9627647375801436	0.5094854114981103	246
0.9627647375801436	0.5094854114981103	246
0.9627647375801436	0.5094854114981103	246
0.9615975988687518	0.5097885522375728	246
0.9524325745425065	0.5121815795530454	246
0.9627647375801436	0.5094854114981103	246
0.9627647375801436	0.5094854114981103	246
0.9627647375801436	0.5094854114981103	246
0.9627647375801436	0.5094854114981103	246
0.9627647375801436	0.5094854114981103	246
0.9370363088597686	0.5162525841287133	246
0.9627647375801436	0.5094854114981103	246
0.9611071830213853	0.5099160355220091	246
0.9627647375801436	0.5094854114981103	246
0.9586544968316613	0.5105545677492431	245
0.9627647375801436	0.5094854114981103	246
0.7071714087866616	0.5857642617800929	249
0.6840620129524037	0.5938023613791132	249
0.6840620129524037	0.5938023613791132	249
0.6840620129524037	0.5938023613791132	249
0.6840620129524037	0.5938023613791132	249
0.6840620129524037	0.5938023613791132	249
0.6840620129524037	0.5938023613791132	249
0.6782374742878814	0.5958632287271056	249
0.6840620129524037	0.5938023613791132	249
0.6840620129524037	0.5938023613791132	249
0.6811297749366906	0.5948380755064901	249
0.6840620129524037	0.5938023613791132	249
0.6840620129524037	0.5938023613791132	249
0.6813251410032717	0.5947689567071395	249
0.6840620129524037	0.5938023613791132	249
0.6840620129524037	0.5938023613791132	249
0.6803669886875955	0.595108096464703	249
0.6840620129524037	0.5938023613791132	249
0.6840620129524037	0.5938023613791132	249
0.6840620129524037	0.5938023613791132	249
0.6840620129524037	0.5938023613791132	249
0.677979436796572	0.5959548597979833	249
0.677979436796572	0.5959548597979833	249
