2.2670508470844717	0.306086451299772	220
1.830632105961747	0.35327798264346894	230
0.8700534314577285	0.5347440790611465	245
0.6337709829240051	0.6120808916622282	248
0.664960446536789	0.6006148687075756	248
0.6212535225881768	0.6168066783309715	248
0.6278233525057033	0.6143172712571687	248
0.6178363042581158	0.6181095067331709	248
0.6178363042581158	0.6181095067331709	248
0.6178363042581158	0.6181095067331709	248
0.6144365650739566	0.6194111441933245	248
0.6134910225618261	0.619774133240758	248
0.6178363042581158	0.6181095067331709	248
0.6140124476827581	0.6195739081416024	248
0.6056018639513966	0.6228194065115206	248
0.6088500833449745	0.6215619530695434	249
0.6178363042581158	0.6181095067331709	248
0.6278233525057033	0.6143172712571687	248
0.6237809423243608	0.6158466169510219	248
0.6278233525057033	0.6143172712571687	248
0.6278233525057033	0.6143172712571687	248
0.6278233525057033	0.6143172712571687	248
0.6278233525057033	0.6143172712571687	248
0.6278233525057033	0.6143172712571687	248
0.6278233525057033	0.6143172712571687	248
0.6278233525057033	0.6143172712571687	248
0.6174099184803687	0.6182724543568684	248
0.620485150580084	0.6170991444395715	248
0.6278233525057033	0.6143172712571687	248
0.6278233525057033	0.6143172712571687	248
0.6278233525057033	0.6143172712571687	248
0.6278233525057033	0.6143172712571687	248
0.6278233525057033	0.6143172712571687	248
0.6278233525057033	0.6143172712571687	248
0.6278233525057033	0.6143172712571687	248
0.6278233525057033	0.6143172712571687	248
0.6278233525057033	0.6143172712571687	248
0.6151337384959993	0.6191437750109738	249
0.6226059719663406	0.6162925671894076	248
0.6278233525057033	0.6143172712571687	248
0.6278233525057033	0.6143172712571687	248
0.6278233525057033	0.6143172712571687	248
0.6278233525057033	0.6143172712571687	248
0.6049326796217713	0.623079094031325	248
0.6159696848506597	0.6188234899297725	248
0.6278233525057033	0.6143172712571687	248
0.6278233525057033	0.6143172712571687	248
0.6203484467689526	0.6171512071949986	248
0.6278233525057033	0.6143172712571687	248
0.6171899338095198	0.6183565573181368	248
0.621503106475463	0.6167117386371361	248
0.6259480612206957	0.6150257956267315	248
0.6137653532047324	0.6196687752740059	248
0.6268173991174555	0.6146971384388301	248
0.6180253239976737	0.6180372984084628	248
0.6199804835264836	0.6172913872537106	248
0.6240596349459364	0.6157409361592127	248
0.6212972838987796	0.6167900297687983	248
0.6247360375239727	0.6154845937460441	248
0.6135115558312875	0.619766246102152	248
0.6234130946868401	0.6159861610534206	248
0.6224008046631337	0.6163705029766886	248
0.6239230556074357	0.615792722781404	248
0.6278233525057033	0.6143172712571687	248
0.6273403376160845	0.6144996082779556	248
0.6248191668415708	0.6154531042022756	248
0.6213896900559728	0.6167548777033846	248
0.6217722475685578	0.6166093922862783	248
0.6124365245930805	0.6201794518716717	248
0.616608633476542	0.6185789060457288	248
0.6130935054724362	0.6199268651243649	248
0.6122113091117513	0.6202660869256342	248
0.6142504578799278	0.6194825562034206	248
0.6130315112787053	0.6199506909863564	248
0.6142553130555268	0.6194806929934523	248
0.6130799347006815	0.6199320805422809	248
0.6050600101197929	0.623029664744663	248
0.6153494518502123	0.6190610947090152	248
0.6105924973426388	0.6208895183914788	248
0.6130315112787053	0.6199506909863564	248
0.6143091588142562	0.6194600300319927	248
0.6165841139079383	0.6185882883524045	248
0.6110424894460875	0.6207160931825096	248
0.6154672796274792	0.6190159420812263	248
0.6125651528481555	0.6201299824901794	248
0.6131493159756629	0.6199054173699855	248
0.5983659898591909	0.6256389377304604	248
0.6010230061972283	0.6246006435442885	249
0.6163686032109721	0.6186707648326412	248
0.6162863219074931	0.618702259894045	248
0.6141723121332948	0.619512546760511	249
0.6133300410605581	0.6198359756213477	248
0.616460352503571	0.6186356494616164	248
0.6082883793107792	0.6217790371827117	248
0.6134701084969957	0.6197821668549752	248
0.6019368377725584	0.6242443374923995	249
0.6159605434487668	0.6188269905809767	248
0.6106511978918031	0.6208668899317925	248
0.6139011596557932	0.6196166314257289	248
0.6091777278678272	0.621435396899886	248
0.5983659898591909	0.6256389377304604	248
