0.9328338282672806	0.5173750507546041	245
0.9328338282672806	0.5173750507546041	245
1.6604782482318352	0.37587227058315703	237
1.0090615385167467	0.4977448330120747	243
0.9328338282672806	0.5173750507546041	245
1.0102872320754859	0.497441352680516	245
0.9709267614409411	0.5073755248362967	245
0.8990595899387422	0.5265764198754063	246
0.8413234138891211	0.543087646883209	246
0.8870412586003569	0.5299301196740728	245
0.8563325985267097	0.5386965680577158	247
0.8677320014570618	0.5354087198912244	245
0.8922422173852697	0.5284735700389435	247
0.8192607720880898	0.5496738100125315	246
0.8192607720880898	0.5496738100125315	246
0.8192607720880898	0.5496738100125315	246
0.8192607720880898	0.5496738100125315	246
0.7549876645992515	0.569804574796455	248
0.7549876645992515	0.569804574796455	248
0.7635920485337739	0.5670245569724507	246
0.7184975353567485	0.5819036567849408	247
0.7257963929381255	0.5794426295546515	247
0.7257963929381255	0.5794426295546515	247
0.7257963929381255	0.5794426295546515	247
0.7257963929381255	0.5794426295546515	247
0.7257963929381255	0.5794426295546515	247
0.6946793452539487	0.590082131348659	248
0.6946793452539487	0.590082131348659	248
0.6946793452539487	0.590082131348659	248
0.6946793452539487	0.590082131348659	248
0.6946793452539487	0.590082131348659	248
0.6946793452539487	0.590082131348659	248
0.6946793452539487	0.590082131348659	248
0.6946793452539487	0.590082131348659	248
0.6946793452539487	0.590082131348659	248
0.6946793452539487	0.590082131348659	248
0.6946793452539487	0.590082131348659	248
0.6946793452539487	0.590082131348659	248
0.6946793452539487	0.590082131348659	248
0.6946793452539487	0.590082131348659	248
0.6946793452539487	0.590082131348659	248
0.6946793452539487	0.590082131348659	248
0.6925754690237843	0.5908156051539394	248
0.6925754690237843	0.5908156051539394	248
0.6925754690237843	0.5908156051539394	248
0.6880604017690533	0.5923958638873468	248
0.6837759732627082	0.59390323646338	248
0.6880604017690533	0.5923958638873468	248
0.6925754690237843	0.5908156051539394	248
0.6925754690237843	0.5908156051539394	248
0.6925754690237843	0.5908156051539394	248
0.6925754690237843	0.5908156051539394	248
0.6925754690237843	0.5908156051539394	248
0.6925754690237843	0.5908156051539394	248
0.6917181413274069	0.5911150182590995	247
0.6892183705208506	0.5919897731704526	247
0.6791141796925576	0.5955521143792009	247
0.6791141796925576	0.5955521143792009	247
0.6791141796925576	0.5955521143792009	247
0.6791141796925576	0.5955521143792009	247
0.6791141796925576	0.5955521143792009	247
0.665444533027939	0.6004402909665826	247
0.665444533027939	0.6004402909665826	247
0.665444533027939	0.6004402909665826	247
0.665444533027939	0.6004402909665826	247
0.665444533027939	0.6004402909665826	247
0.665444533027939	0.6004402909665826	247
0.665444533027939	0.6004402909665826	247
0.665444533027939	0.6004402909665826	247
0.6603714296833512	0.602274877851102	248
0.6561714745639885	0.6038022121249641	248
0.6561714745639885	0.6038022121249641	248
0.6561714745639885	0.6038022121249641	248
0.6561714745639885	0.6038022121249641	248
0.6561714745639885	0.6038022121249641	248
0.6561714745639885	0.6038022121249641	248
0.6561714745639885	0.6038022121249641	248
0.6561714745639885	0.6038022121249641	248
0.6561714745639885	0.6038022121249641	248
0.6561714745639885	0.6038022121249641	248
0.6561714745639885	0.6038022121249641	248
0.6561714745639885	0.6038022121249641	248
0.6561714745639885	0.6038022121249641	248
0.6561714745639885	0.6038022121249641	248
0.6369888275092427	0.6108777184029706	248
0.6343008492414904	0.6118824453062719	248
0.6343008492414904	0.6118824453062719	248
0.6343008492414904	0.6118824453062719	248
0.6343008492414904	0.6118824453062719	248
0.6343008492414904	0.6118824453062719	248
0.6343008492414904	0.6118824453062719	248
0.6343008492414904	0.6118824453062719	248
0.6343008492414904	0.6118824453062719	248
0.6343008492414904	0.6118824453062719	248
0.6343008492414904	0.6118824453062719	248
0.6343008492414904	0.6118824453062719	248
0.6343008492414904	0.6118824453062719	248
0.6343008492414904	0.6118824453062719	248
0.6343008492414904	0.6118824453062719	248
0.6343008492414904	0.6118824453062719	248
0.6343008492414904	0.6118824453062719	248
