2.2501513219689513	0.307677982019064	230
2.2869165576073485	0.30423650326186924	229
1.3477751206846733	0.4259351720655314	241
0.9348125112605618	0.5168459445967112	245
0.930019737012949	0.5181294164108803	245
1.1559907724310716	0.4638238775356218	243
0.9348125112605618	0.5168459445967112	245
0.9348125112605618	0.5168459445967112	245
0.9264485772146717	0.5190899003625811	245
0.9348125112605618	0.5168459445967112	245
0.9050649696632698	0.524916481025188	246
1.0223592232365815	0.4944719951382332	244
0.9348125112605618	0.5168459445967112	245
0.9348125112605618	0.5168459445967112	245
0.9348125112605618	0.5168459445967112	245
1.0319006710677243	0.4921500417018512	243
0.9179931127845578	0.5213783059670074	245
0.9348125112605618	0.5168459445967112	245
0.9764445517231715	0.5059590460699471	244
0.9071849972989569	0.5243329836467077	246
1.2068384310501699	0.453136933782746	242
0.9348125112605618	0.5168459445967112	245
0.9253720632983706	0.5193801338775488	245
0.9348125112605618	0.5168459445967112	245
0.9348125112605618	0.5168459445967112	245
0.9343320900551574	0.516974311257735	245
0.9348125112605618	0.5168459445967112	245
0.9348125112605618	0.5168459445967112	245
0.9348125112605618	0.5168459445967112	245
0.9348125112605618	0.5168459445967112	245
0.9348125112605618	0.5168459445967112	245
0.9348125112605618	0.5168459445967112	245
0.9348125112605618	0.5168459445967112	245
0.9348125112605618	0.5168459445967112	245
0.9348125112605618	0.5168459445967112	245
0.9348125112605618	0.5168459445967112	245
1.000730392333745	0.49981746857634	244
0.9348125112605618	0.5168459445967112	245
0.9348125112605618	0.5168459445967112	245
0.9348125112605618	0.5168459445967112	245
1.229728177150121	0.4484851607688469	242
0.9348125112605618	0.5168459445967112	245
0.9348125112605618	0.5168459445967112	245
0.9348125112605618	0.5168459445967112	245
0.9348125112605618	0.5168459445967112	245
0.9348125112605618	0.5168459445967112	245
0.9348125112605618	0.5168459445967112	245
0.9348125112605618	0.5168459445967112	245
0.9348125112605618	0.5168459445967112	245
0.9348125112605618	0.5168459445967112	245
0.9348125112605618	0.5168459445967112	245
0.9348125112605618	0.5168459445967112	245
0.934322041483797	0.5169769968773715	245
0.9348125112605618	0.5168459445967112	245
0.9276976771458915	0.5187535430766191	245
0.9348125112605618	0.5168459445967112	245
0.9348125112605618	0.5168459445967112	245
0.9348125112605618	0.5168459445967112	245
0.9348125112605618	0.5168459445967112	245
0.9348125112605618	0.5168459445967112	245
0.9348125112605618	0.5168459445967112	245
0.9348125112605618	0.5168459445967112	245
0.9348125112605618	0.5168459445967112	245
0.9348125112605618	0.5168459445967112	245
0.9348125112605618	0.5168459445967112	245
0.9348125112605618	0.5168459445967112	245
0.9348125112605618	0.5168459445967112	245
0.9348125112605618	0.5168459445967112	245
0.9348125112605618	0.5168459445967112	245
0.9348125112605618	0.5168459445967112	245
0.9348125112605618	0.5168459445967112	245
0.9348125112605618	0.5168459445967112	245
0.9348125112605618	0.5168459445967112	245
0.9348125112605618	0.5168459445967112	245
0.9348125112605618	0.5168459445967112	245
0.9348125112605618	0.5168459445967112	245
0.9348125112605618	0.5168459445967112	245
0.9348125112605618	0.5168459445967112	245
0.9348125112605618	0.5168459445967112	245
0.9348125112605618	0.5168459445967112	245
0.9348125112605618	0.5168459445967112	245
0.9343274770519937	0.5169755441431495	245
0.9348125112605618	0.5168459445967112	245
0.988163348620137	0.5029767804008857	244
0.9348125112605618	0.5168459445967112	245
0.9340227397591511	0.5170570021966405	245
0.9348125112605618	0.5168459445967112	245
0.9348125112605618	0.5168459445967112	245
0.9348125112605618	0.5168459445967112	245
0.9348125112605618	0.5168459445967112	245
0.9348125112605618	0.5168459445967112	245
0.9348125112605618	0.5168459445967112	245
0.9072455202373407	0.5243163449011842	246
0.9232900999588808	0.5199423633602541	245
0.9258136607002454	0.519261037766442	245
0.9213030557968548	0.5204800965588705	245
0.9153234470378885	0.5221050269846241	245
0.9246128331520506	0.5195850213480296	245
0.9161860794561812	0.5218699847166214	245
0.9208453612348423	0.5206041153448896	245
0.9050649696632698	0.524916481025188	246
