2.616682857945631	0.2764964580189997	233
1.1816260126342022	0.45837370576295566	244
0.8356308160963407	0.5447718523960082	246
1.0381952140116515	0.4906301384310303	246
1.0503095908745281	0.48773122090965065	246
0.8070210653119517	0.5533969798118358	249
0.6807335017388226	0.594978322836689	248
0.9680872301163902	0.5081075598162695	246
0.6807335017388226	0.594978322836689	248
0.6807335017388226	0.594978322836689	248
0.790215802175832	0.5585918741107067	249
0.790215802175832	0.5585918741107067	249
1.0323773147590019	0.4920346201160878	246
0.790215802175832	0.5585918741107067	249
0.790215802175832	0.5585918741107067	249
0.790215802175832	0.5585918741107067	249
1.0381952140116515	0.4906301384310303	246
1.025800699318052	0.49363197492064814	244
0.790215802175832	0.5585918741107067	249
0.790215802175832	0.5585918741107067	249
0.790215802175832	0.5585918741107067	249
1.0283414570759253	0.49301363757639144	246
0.790215802175832	0.5585918741107067	249
0.790215802175832	0.5585918741107067	249
0.790215802175832	0.5585918741107067	249
0.9335061694862256	0.5171951430937103	247
0.790215802175832	0.5585918741107067	249
0.7981265579394261	0.5561343808557925	249
0.9796866754143716	0.5051304392856452	248
1.0381952140116515	0.4906301384310303	246
1.0381952140116515	0.4906301384310303	246
1.0381952140116515	0.4906301384310303	246
0.790215802175832	0.5585918741107067	249
1.0499840517989865	0.48780867301013325	245
0.790215802175832	0.5585918741107067	249
1.0381952140116515	0.4906301384310303	246
0.790215802175832	0.5585918741107067	249
0.790215802175832	0.5585918741107067	249
0.790215802175832	0.5585918741107067	249
0.8121142980602447	0.5518415704078036	248
0.790215802175832	0.5585918741107067	249
0.790215802175832	0.5585918741107067	249
0.790215802175832	0.5585918741107067	249
0.8441544745549125	0.5422539238429852	248
0.790215802175832	0.5585918741107067	249
1.1852983573251838	0.4576034190699731	244
0.9244592699404803	0.5196264819005122	247
0.790215802175832	0.5585918741107067	249
1.0185672797031189	0.49540087667876753	243
1.0381952140116515	0.4906301384310303	246
0.790215802175832	0.5585918741107067	249
0.790215802175832	0.5585918741107067	249
1.0381952140116515	0.4906301384310303	246
1.0381952140116515	0.4906301384310303	246
1.0381952140116515	0.4906301384310303	246
1.0162933025346694	0.4959595901761447	246
1.0381952140116515	0.4906301384310303	246
1.0381952140116515	0.4906301384310303	246
1.0236825079106735	0.4941486602226146	247
1.1901315612298664	0.45659357533684003	244
1.0381952140116515	0.4906301384310303	246
1.0381952140116515	0.4906301384310303	246
0.9865862388495125	0.5033760832749591	247
1.0381952140116515	0.4906301384310303	246
1.0381952140116515	0.4906301384310303	246
1.0230394737345476	0.4943057280805262	246
1.0381952140116515	0.4906301384310303	246
1.0381952140116515	0.4906301384310303	246
1.0381952140116515	0.4906301384310303	246
1.0425836496574623	0.4895760328678329	246
1.0381952140116515	0.4906301384310303	246
1.0381952140116515	0.4906301384310303	246
1.037929993134372	0.4906939901610567	246
1.0381952140116515	0.4906301384310303	246
1.0381952140116515	0.4906301384310303	246
1.0381952140116515	0.4906301384310303	246
0.9984977635723502	0.5003758414082397	247
1.03461020233002	0.49149463560873113	246
1.0215070953764287	0.4946804304012537	246
1.038162877653841	0.49063792249573035	246
1.0209918023969495	0.49480655924184047	246
1.0381952140116515	0.4906301384310303	246
1.0381952140116515	0.4906301384310303	246
1.0369540532216537	0.49092909013750047	246
1.0229679257840436	0.4943232105928862	246
1.0381952140116515	0.4906301384310303	246
1.0357259232877196	0.49122526198663774	246
1.0379427997597486	0.49069090659359493	246
1.0381952140116515	0.4906301384310303	246
1.0381952140116515	0.4906301384310303	246
1.136948964296746	0.4679568940145899	245
1.0333807026471384	0.4917918217174772	246
1.0381952140116515	0.4906301384310303	246
1.0018513911134455	0.4995375802815174	246
1.0033757270079282	0.4991574902894102	246
1.0381952140116515	0.4906301384310303	246
1.0381952140116515	0.4906301384310303	246
1.0381952140116515	0.4906301384310303	246
1.0381952140116515	0.4906301384310303	246
1.0381952140116515	0.4906301384310303	246
0.6807335017388226	0.594978322836689	248
