11.261350864525065	0.08155708217217991	173
5.833060194461041	0.14634731314244998	187
4.907488893944133	0.16927666186983728	242
2.989233766159225	0.2506747056246807	240
5.071044890127393	0.16471629152770378	229
2.9151915964352346	0.25541534184699816	229
1.2626101429712966	0.44196743442809094	245
1.2626101429712966	0.44196743442809094	245
1.2658621882450238	0.4413331071888927	245
1.9372996732219452	0.34044874927694824	239
1.3082853164065316	0.4332220080820726	244
1.2626101429712966	0.44196743442809094	245
1.238813824649876	0.44666509961201806	246
1.2626101429712966	0.44196743442809094	245
1.2464485043057394	0.4451470835335476	245
1.2626101429712966	0.44196743442809094	245
1.2626101429712966	0.44196743442809094	245
1.2626101429712966	0.44196743442809094	245
1.2626101429712966	0.44196743442809094	245
1.2626101429712966	0.44196743442809094	245
1.259677990321461	0.4425409302932318	245
1.2626101429712966	0.44196743442809094	245
1.2626101429712966	0.44196743442809094	245
1.2921908284556483	0.4362638518511763	245
1.2626101429712966	0.44196743442809094	245
1.2532659569101303	0.4438002522220168	245
1.2626101429712966	0.44196743442809094	245
1.2626101429712966	0.44196743442809094	245
1.2626101429712966	0.44196743442809094	245
1.2626101429712966	0.44196743442809094	245
1.2583470035497895	0.442801747662404	245
1.2626101429712966	0.44196743442809094	245
1.2626101429712966	0.44196743442809094	245
1.2626101429712966	0.44196743442809094	245
1.4213375410063962	0.4129948770316275	242
1.2626101429712966	0.44196743442809094	245
1.1306801871791574	0.469333692600726	244
1.0496682619965503	0.4878838290767675	246
0.7173540966881967	0.5822910964770943	249
0.7173540966881967	0.5822910964770943	249
0.7173540966881967	0.5822910964770943	249
1.408026737515794	0.4152777809401052	243
0.7382611053888385	0.5752875657747091	249
1.2001585152834662	0.4545127058134541	245
0.7173540966881967	0.5822910964770943	249
0.9586515706217378	0.5105553305137209	245
0.8478460887238832	0.541170612694587	247
0.7173540966881967	0.5822910964770943	249
0.7173540966881967	0.5822910964770943	249
0.7029413917762001	0.5872192694529441	249
0.7173540966881967	0.5822910964770943	249
0.7173540966881967	0.5822910964770943	249
0.7173540966881967	0.5822910964770943	249
0.7173540966881967	0.5822910964770943	249
0.7173540966881967	0.5822910964770943	249
0.7173540966881967	0.5822910964770943	249
0.7173540966881967	0.5822910964770943	249
0.7173540966881967	0.5822910964770943	249
0.7173540966881967	0.5822910964770943	249
0.7173540966881967	0.5822910964770943	249
0.7051356719715747	0.5864635972595326	249
0.7173540966881967	0.5822910964770943	249
0.7173540966881967	0.5822910964770943	249
0.7120776725122079	0.5840856498833112	249
0.6992407862258977	0.5884981152206522	249
0.7093686761286881	0.5850113050303234	249
0.7173540966881967	0.5822910964770943	249
0.7173540966881967	0.5822910964770943	249
0.7173540966881967	0.5822910964770943	249
0.6845637703932669	0.593625493777862	249
0.7173540966881967	0.5822910964770943	249
0.7173540966881967	0.5822910964770943	249
0.7173540966881967	0.5822910964770943	249
0.7165619286935215	0.5825598152238538	249
0.7173540966881967	0.5822910964770943	249
0.7173540966881967	0.5822910964770943	249
0.7173540966881967	0.5822910964770943	249
0.7173540966881967	0.5822910964770943	249
0.7173540966881967	0.5822910964770943	249
0.7173540966881967	0.5822910964770943	249
0.7173540966881967	0.5822910964770943	249
0.7173540966881967	0.5822910964770943	249
0.7173540966881967	0.5822910964770943	249
0.7173540966881967	0.5822910964770943	249
0.7173540966881967	0.5822910964770943	249
0.7173540966881967	0.5822910964770943	249
0.7173540966881967	0.5822910964770943	249
0.7173540966881967	0.5822910964770943	249
0.7173540966881967	0.5822910964770943	249
0.7173540966881967	0.5822910964770943	249
0.7173540966881967	0.5822910964770943	249
0.7173540966881967	0.5822910964770943	249
0.7016904054464941	0.587650959774682	249
0.7173540966881967	0.5822910964770943	249
0.7173540966881967	0.5822910964770943	249
0.7173540966881967	0.5822910964770943	249
0.8198908027593987	0.549483517628506	247
0.7130001658209697	0.5837711051946931	249
0.7173540966881967	0.5822910964770943	249
0.7173540966881967	0.5822910964770943	249
0.6845637703932669	0.593625493777862	249
