3.069191284069955	0.24574907646017866	202
3.9083527707245396	0.20373433750817924	201
2.70696236988976	0.26976265206321437	231
1.3350891994334027	0.4282491650608657	240
1.3350891994334027	0.4282491650608657	240
1.1986427555866384	0.45482605005249327	242
0.7902716841725739	0.5585744380815468	249
0.8245144435312683	0.5480910296684435	249
0.8880502798311875	0.5296469117810841	247
0.8880502798311875	0.5296469117810841	247
0.9772076812174026	0.5057637644742923	246
0.7902716841725739	0.5585744380815468	249
0.9829038689505631	0.5043108824681665	247
0.9594642664945549	0.5103435755881282	244
1.1762022768839675	0.4595161077727881	243
0.9893328250338819	0.5026810935887354	247
1.2168252607400363	0.45109554537743446	244
0.7609588463431511	0.5678724418101103	247
0.80436823474775	0.5542105988913065	245
1.2714831149919545	0.4402410008685193	243
1.1984050084207076	0.4548752373514564	243
0.9829038689505631	0.5043108824681665	247
0.7641017464914567	0.5668607278400213	246
0.6832605124265076	0.5940851060293977	248
0.6922752992011323	0.5909204019417332	247
0.7109914247577783	0.584456465140711	247
0.6774869517520057	0.596129823218939	248
0.620013182363697	0.6172789276572056	249
0.6035821421179343	0.6236038514866773	249
0.6035821421179343	0.6236038514866773	249
0.6035821421179343	0.6236038514866773	249
0.6116783373350063	0.6204712049760202	249
0.6048619883787897	0.6231065395287895	249
0.6107501107847875	0.6208287637570183	249
0.6116858413722747	0.6204683160513138	249
0.6086998132049387	0.621620013747466	249
0.6086998132049387	0.621620013747466	249
0.6081338645045307	0.6218387797635877	248
0.5917768716598418	0.6282287535420964	249
0.5917768716598418	0.6282287535420964	249
0.5917768716598418	0.6282287535420964	249
0.5917768716598418	0.6282287535420964	249
0.5917768716598418	0.6282287535420964	249
0.5917768716598418	0.6282287535420964	249
0.5917768716598418	0.6282287535420964	249
0.5917768716598418	0.6282287535420964	249
0.5917768716598418	0.6282287535420964	249
0.5917768716598418	0.6282287535420964	249
0.5917768716598418	0.6282287535420964	249
0.5917768716598418	0.6282287535420964	249
0.5917768716598418	0.6282287535420964	249
0.5917768716598418	0.6282287535420964	249
0.5917768716598418	0.6282287535420964	249
0.5917768716598418	0.6282287535420964	249
0.5917768716598418	0.6282287535420964	249
0.5917768716598418	0.6282287535420964	249
0.5917768716598418	0.6282287535420964	249
0.5917768716598418	0.6282287535420964	249
0.5917768716598418	0.6282287535420964	249
0.5917768716598418	0.6282287535420964	249
0.5917768716598418	0.6282287535420964	249
0.5917768716598418	0.6282287535420964	249
0.5917768716598418	0.6282287535420964	249
0.5917768716598418	0.6282287535420964	249
0.5917768716598418	0.6282287535420964	249
0.5917768716598418	0.6282287535420964	249
0.5917768716598418	0.6282287535420964	249
0.5917768716598418	0.6282287535420964	249
0.5917768716598418	0.6282287535420964	249
0.5917768716598418	0.6282287535420964	249
0.5917768716598418	0.6282287535420964	249
0.5917768716598418	0.6282287535420964	249
0.5917768716598418	0.6282287535420964	249
0.5917768716598418	0.6282287535420964	249
0.5917768716598418	0.6282287535420964	249
0.5917768716598418	0.6282287535420964	249
0.5917768716598418	0.6282287535420964	249
0.5917768716598418	0.6282287535420964	249
0.5917768716598418	0.6282287535420964	249
0.5917768716598418	0.6282287535420964	249
0.5917768716598418	0.6282287535420964	249
0.5917768716598418	0.6282287535420964	249
0.5917768716598418	0.6282287535420964	249
0.5917768716598418	0.6282287535420964	249
0.5917768716598418	0.6282287535420964	249
0.5917768716598418	0.6282287535420964	249
0.5917768716598418	0.6282287535420964	249
0.5917768716598418	0.6282287535420964	249
0.5917768716598418	0.6282287535420964	249
0.5917768716598418	0.6282287535420964	249
0.5917768716598418	0.6282287535420964	249
0.5917768716598418	0.6282287535420964	249
0.5917768716598418	0.6282287535420964	249
0.5917768716598418	0.6282287535420964	249
0.5917768716598418	0.6282287535420964	249
0.5917768716598418	0.6282287535420964	249
0.5917768716598418	0.6282287535420964	249
0.5917768716598418	0.6282287535420964	249
0.5917768716598418	0.6282287535420964	249
0.5917768716598418	0.6282287535420964	249
0.5917768716598418	0.6282287535420964	249
