3.5256995911610205	0.2209603133962015	220
2.8068891747297777	0.2626816684441523	225
1.008607435349959	0.49785736246952117	247
1.4643675758058745	0.4057836216551378	238
0.795745065187999	0.5568719187293485	249
0.795745065187999	0.5568719187293485	249
0.8535614019399551	0.5395019549680903	245
0.811090626273017	0.5521534844768462	249
0.8520812034470037	0.5399331293567736	245
0.8507697409103008	0.5403157280430521	245
0.8535614019399551	0.5395019549680903	245
0.88083391905802	0.5316790546295715	245
0.8535614019399551	0.5395019549680903	245
0.8535614019399551	0.5395019549680903	245
0.8535614019399551	0.5395019549680903	245
0.8535614019399551	0.5395019549680903	245
0.8535614019399551	0.5395019549680903	245
0.8535614019399551	0.5395019549680903	245
0.8519254539448956	0.5399785384826593	245
0.8225139569788775	0.5486926430224258	246
0.8535614019399551	0.5395019549680903	245
0.837229689282644	0.5442977575604361	246
0.8535614019399551	0.5395019549680903	245
0.852705961427989	0.5397510564651292	245
0.8430211765156558	0.5425873629355475	245
0.8387650884396084	0.5438432599612865	245
0.8527081518113098	0.5397504183388758	245
0.8447036812751252	0.5420924835520273	245
0.850481307368902	0.5403999467694408	245
0.8444624300521861	0.5421633879372141	245
0.8438581775748724	0.5423410608050377	245
0.8316695166205683	0.5459500149595767	246
0.8535614019399551	0.5395019549680903	245
0.8499558498975798	0.5405534408052839	245
0.844766597233463	0.5420739954310034	244
0.8510992663667947	0.5402195431489358	245
0.8165415206763831	0.5504966380441738	246
0.8535614019399551	0.5395019549680903	245
0.8513554059427084	0.5401448024458605	245
0.8535614019399551	0.5395019549680903	245
0.8535614019399551	0.5395019549680903	245
0.8505091941699495	0.5403918030510259	245
0.8535614019399551	0.5395019549680903	245
0.8217242618704472	0.5489304945487493	247
0.8535614019399551	0.5395019549680903	245
0.853504500656495	0.5395185172983442	245
0.8476204041234016	0.5412367160312063	245
0.8510792227612242	0.5402253926810958	245
0.8511791223604899	0.5401962392082686	245
0.8535614019399551	0.5395019549680903	245
0.8535614019399551	0.5395019549680903	245
0.8494700205457265	0.5406954364715402	245
0.8535614019399551	0.5395019549680903	245
0.8535614019399551	0.5395019549680903	245
0.8368447354312285	0.5444118279083802	245
0.8535614019399551	0.5395019549680903	245
0.8535614019399551	0.5395019549680903	245
0.8535614019399551	0.5395019549680903	245
0.8535614019399551	0.5395019549680903	245
0.8535614019399551	0.5395019549680903	245
0.8535614019399551	0.5395019549680903	245
0.8463141872224917	0.5416196262372619	245
0.8449347129826266	0.5420246000918607	245
0.8516001194977558	0.5400734151341753	245
0.8535614019399551	0.5395019549680903	245
0.8535614019399551	0.5395019549680903	245
0.8535614019399551	0.5395019549680903	245
0.8375170290263096	0.5442126435856187	246
0.8535614019399551	0.5395019549680903	245
0.8514928404681685	0.5401047080188223	245
0.8473502237898541	0.5413158734722708	245
0.8535614019399551	0.5395019549680903	245
0.8535614019399551	0.5395019549680903	245
0.8533323609006059	0.5395686284321185	245
0.8535614019399551	0.5395019549680903	245
0.8428324001926452	0.5426429445756773	246
0.8535614019399551	0.5395019549680903	245
0.8535614019399551	0.5395019549680903	245
0.8535614019399551	0.5395019549680903	245
0.8242373011859602	0.5481742969239183	245
0.8535614019399551	0.5395019549680903	245
0.8477650524219214	0.5411943464832122	245
0.8535614019399551	0.5395019549680903	245
0.8514644117953482	0.540113001162312	245
0.8517013427502181	0.5400438920213566	245
0.8455671141693979	0.5418388701892602	245
0.8535614019399551	0.5395019549680903	245
0.8535614019399551	0.5395019549680903	245
0.8535614019399551	0.5395019549680903	245
0.8535614019399551	0.5395019549680903	245
0.8495475141801171	0.540672782036253	245
0.8535614019399551	0.5395019549680903	245
0.8535614019399551	0.5395019549680903	245
0.8535614019399551	0.5395019549680903	245
0.8544425642801234	0.539245603644883	245
0.8493140866920362	0.5407410278200777	245
0.8535614019399551	0.5395019549680903	245
0.8258412724521716	0.5476927348985619	246
0.8535614019399551	0.5395019549680903	245
0.841403898369896	0.543063909490607	246
0.795745065187999	0.5568719187293485	249
