3.1720769680440006	0.23968877076321796	216
6.51163631253971	0.13312678601473674	189
2.8064663800260794	0.26271084522048205	223
2.2029830872553062	0.31220895420241446	226
2.2029830872553062	0.31220895420241446	226
2.1366030729322936	0.31881624061062247	227
2.6348466986854526	0.27511476628757175	224
2.188187024152718	0.3136578853198729	226
2.2029830872553062	0.31220895420241446	226
2.2029830872553062	0.31220895420241446	226
2.2029830872553062	0.31220895420241446	226
2.2029830872553062	0.31220895420241446	226
2.2029830872553062	0.31220895420241446	226
2.2029830872553062	0.31220895420241446	226
2.2029830872553062	0.31220895420241446	226
2.2029830872553062	0.31220895420241446	226
2.2029830872553062	0.31220895420241446	226
2.2029830872553062	0.31220895420241446	226
2.2029830872553062	0.31220895420241446	226
2.2029830872553062	0.31220895420241446	226
2.2029830872553062	0.31220895420241446	226
2.2029830872553062	0.31220895420241446	226
2.2028478679277734	0.31222213518589476	227
2.2029830872553062	0.31220895420241446	226
2.581006202255568	0.2792511220366304	219
2.2029830872553062	0.31220895420241446	226
2.2029830872553062	0.31220895420241446	226
2.2029830872553062	0.31220895420241446	226
2.2029830872553062	0.31220895420241446	226
2.2029830872553062	0.31220895420241446	226
2.2029830872553062	0.31220895420241446	226
2.189644741618936	0.3135145387672359	226
2.1762190483498878	0.31483974649655255	227
2.2029830872553062	0.31220895420241446	226
2.2029830872553062	0.31220895420241446	226
2.1975932063297385	0.3127352153552453	226
2.2029830872553062	0.31220895420241446	226
2.2029830872553062	0.31220895420241446	226
2.2029830872553062	0.31220895420241446	226
2.2029830872553062	0.31220895420241446	226
2.2029830872553062	0.31220895420241446	226
2.2019819762738  	0.3123065674353722	226
2.2029830872553062	0.31220895420241446	226
2.2029830872553062	0.31220895420241446	226
2.2029830872553062	0.31220895420241446	226
2.2029830872553062	0.31220895420241446	226
2.7785756514123467	0.2646499877873882	219
2.2029830872553062	0.31220895420241446	226
2.2029830872553062	0.31220895420241446	226
2.2029830872553062	0.31220895420241446	226
2.2029830872553062	0.31220895420241446	226
2.2029830872553062	0.31220895420241446	226
2.5959608738794864	0.27808978881384616	219
2.2029830872553062	0.31220895420241446	226
2.2029830872553062	0.31220895420241446	226
2.2029830872553062	0.31220895420241446	226
2.2029830872553062	0.31220895420241446	226
2.2029830872553062	0.31220895420241446	226
2.2029830872553062	0.31220895420241446	226
2.2029830872553062	0.31220895420241446	226
3.0214628707757343	0.248665729893237	215
2.2029830872553062	0.31220895420241446	226
2.2029830872553062	0.31220895420241446	226
2.2029830872553062	0.31220895420241446	226
2.2029830872553062	0.31220895420241446	226
2.2029830872553062	0.31220895420241446	226
2.2029830872553062	0.31220895420241446	226
2.2029830872553062	0.31220895420241446	226
2.2029830872553062	0.31220895420241446	226
2.2029830872553062	0.31220895420241446	226
2.2029830872553062	0.31220895420241446	226
2.6133691482361234	0.2767500244164516	222
2.2029830872553062	0.31220895420241446	226
2.2029830872553062	0.31220895420241446	226
2.1734963206608797	0.315109865888154	226
2.2029830872553062	0.31220895420241446	226
2.2029830872553062	0.31220895420241446	226
2.2029830872553062	0.31220895420241446	226
2.2029830872553062	0.31220895420241446	226
2.207530993712893	0.3117662781622712	226
2.2029830872553062	0.31220895420241446	226
2.2029830872553062	0.31220895420241446	226
2.2029830872553062	0.31220895420241446	226
2.2029830872553062	0.31220895420241446	226
2.2029830872553062	0.31220895420241446	226
2.428209865874157	0.2916974278484	222
2.2029830872553062	0.31220895420241446	226
2.2029830872553062	0.31220895420241446	226
2.2029830872553062	0.31220895420241446	226
2.2029830872553062	0.31220895420241446	226
2.2029830872553062	0.31220895420241446	226
2.2029830872553062	0.31220895420241446	226
2.2029830872553062	0.31220895420241446	226
2.2029830872553062	0.31220895420241446	226
2.2029830872553062	0.31220895420241446	226
2.2029830872553062	0.31220895420241446	226
2.2029830872553062	0.31220895420241446	226
2.2029830872553062	0.31220895420241446	226
2.896296841080441	0.2566539565098178	220
3.001632138057111	0.24989803297749505	219
2.1366030729322936	0.31881624061062247	227
