12.8852572442322	0.07201883136989704	106
6.924278784413825	0.12619444964087947	217
1.7304882518363525	0.3662348663567637	234
3.231861389854135	0.23630263561975226	226
2.8609487420124413	0.25900369748984814	220
1.7304882518363525	0.3662348663567637	234
1.1324685683336992	0.46894008889490696	243
1.7304882518363525	0.3662348663567637	234
1.7304882518363525	0.3662348663567637	234
1.701265469606475	0.3701968618973543	235
1.7304882518363525	0.3662348663567637	234
1.7304882518363525	0.3662348663567637	234
1.7304882518363525	0.3662348663567637	234
1.7304882518363525	0.3662348663567637	234
1.7304882518363525	0.3662348663567637	234
1.7304882518363525	0.3662348663567637	234
1.7304882518363525	0.3662348663567637	234
1.7206578237300723	0.36755816599861185	234
1.7304882518363525	0.3662348663567637	234
1.6985120187940086	0.37057459556800854	234
1.7304882518363525	0.3662348663567637	234
1.725673015278943	0.3668818652840722	234
1.7304882518363525	0.3662348663567637	234
1.7304882518363525	0.3662348663567637	234
1.7304882518363525	0.3662348663567637	234
1.7304882518363525	0.3662348663567637	234
1.7190061892806723	0.3677814357107276	235
1.7304882518363525	0.3662348663567637	234
1.7304882518363525	0.3662348663567637	234
1.7297431004981507	0.36633483928121663	234
1.7304882518363525	0.3662348663567637	234
1.7304882518363525	0.3662348663567637	234
1.7265351098103214	0.3667658620649736	234
1.7304882518363525	0.3662348663567637	234
1.7272439964909485	0.3666705294013538	234
1.7304882518363525	0.3662348663567637	234
1.7304882518363525	0.3662348663567637	234
1.7296936029501255	0.3663414820327258	234
1.7304882518363525	0.3662348663567637	234
1.7304882518363525	0.3662348663567637	234
1.7304882518363525	0.3662348663567637	234
1.7304882518363525	0.3662348663567637	234
1.7117256662932991	0.3687688664196316	234
1.7235421652934861	0.3671689070002854	234
1.716124067969151	0.3681716942877728	234
1.7053242775738604	0.3696414541833786	235
1.7301924321530588	0.3662745483516667	232
1.704201645419832	0.3697949084875837	235
1.7304882518363525	0.3662348663567637	234
1.7161028296275522	0.368174573175908	234
1.7304882518363525	0.3662348663567637	234
1.7304882518363525	0.3662348663567637	234
1.7254663094975884	0.3669096904684688	234
1.72125206131467	0.36747790262284186	234
1.7304882518363525	0.3662348663567637	234
1.707102277162647	0.3693986771154116	235
1.7304882518363525	0.3662348663567637	234
1.7304882518363525	0.3662348663567637	234
1.7304882518363525	0.3662348663567637	234
1.7304882518363525	0.3662348663567637	234
1.7304882518363525	0.3662348663567637	234
1.7251995868902017	0.36694560090592365	234
1.7304882518363525	0.3662348663567637	234
1.720418460658942	0.36759050655676667	234
1.7146300285908302	0.36837432337661935	234
1.7234691147340158	0.3671787554299707	234
1.7177588145945073	0.3679502370224862	235
1.7304882518363525	0.3662348663567637	234
1.7304882518363525	0.3662348663567637	234
1.7304882518363525	0.3662348663567637	234
1.7304882518363525	0.3662348663567637	234
1.7304882518363525	0.3662348663567637	234
1.7304882518363525	0.3662348663567637	234
1.7186902965610942	0.367824169330693	234
1.7304882518363525	0.3662348663567637	234
1.7304882518363525	0.3662348663567637	234
1.7208178501073186	0.36753654786576634	234
1.7304882518363525	0.3662348663567637	234
1.7230942939714982	0.3672292958102268	234
1.7304882518363525	0.3662348663567637	234
1.7304882518363525	0.3662348663567637	234
1.7304882518363525	0.3662348663567637	234
1.6970957331063432	0.37076918988272756	234
1.7285288294324235	0.36649786845316773	234
1.7304882518363525	0.3662348663567637	234
1.730361051828806	0.36625192823132174	234
1.6535812696951622	0.3768492080571845	236
1.718232959618995	0.3678860549686538	234
1.6948749871372422	0.3710747269439378	236
1.7093641518301435	0.3690902898100692	236
1.7068282464486322	0.369436073866897	234
1.7304882518363525	0.3662348663567637	234
1.7304882518363525	0.3662348663567637	234
1.7304882518363525	0.3662348663567637	234
1.711670849600985	0.3687763211184526	234
1.6837786593674826	0.3726089692641351	235
1.704594060084411	0.3697412542453006	234
1.7304882518363525	0.3662348663567637	234
1.7304882518363525	0.3662348663567637	234
1.7304882518363525	0.3662348663567637	234
1.1324685683336992	0.46894008889490696	243
