3.687056349100853	0.21335352628987192	49
2.0325427301509182	0.3297562768225969	76
3.223566312279473	0.2367667336233432	75
1.3245739232094125	0.4301863623331688	78
1.2695896007437488	0.4406082930906531	72
1.2695896007437488	0.4406082930906531	72
1.3224114740081019	0.43058691846460945	78
1.2695896007437488	0.4406082930906531	72
1.2695896007437488	0.4406082930906531	72
1.2695896007437488	0.4406082930906531	72
1.2695896007437488	0.4406082930906531	72
1.2695896007437488	0.4406082930906531	72
1.2792063090057997	0.43874922425789725	80
1.2695896007437488	0.4406082930906531	72
1.2695896007437488	0.4406082930906531	72
1.2320895065006543	0.44801070794322423	77
1.2169879495204474	0.45106244272383533	77
1.259762095742951	0.4425244594923724	76
1.2844767639229677	0.4377369977196756	78
1.2590374707537901	0.44266640679772457	76
1.2865900023048575	0.4373324465654144	77
1.2357992405352671	0.4472673493531523	76
1.2891784193091382	0.4368379465597944	77
1.283268593398784	0.4379686222160308	79
1.2798289687749755	0.4386293944397644	77
1.311004759144314	0.43271222010389354	79
1.3050275061087313	0.43383430234555675	78
1.2988828007593272	0.4349939021117985	80
1.2637151635902084	0.4417516903557864	77
1.2396018626232328	0.44650793370421016	76
1.2990864653417475	0.4349553681754875	77
1.2995510454753663	0.434867493795198	78
1.263142973121408	0.44186337844169166	79
1.2913820062247354	0.43641784620958635	78
1.3074310609673132	0.433382395216949	79
1.3230689456092914	0.43046505437991694	77
1.2940853702585735	0.4359035687879771	78
1.3068814032056255	0.4334856567010369	79
1.2876889042500985	0.4371223719021353	78
1.2637209256051265	0.441750565932806	78
1.2933618132346014	0.43604109662468865	78
1.2796087450096159	0.4386717686485195	78
1.3042535735668372	0.43398001481758103	79
1.3231488904576438	0.4304502410962593	79
1.2821898305301156	0.4381756445596448	80
1.3169940079598326	0.4315936927607868	78
1.2441833908132685	0.44559638222686004	79
1.3121027653079955	0.43250672721149136	79
1.2852257404655516	0.4375935306051111	78
1.2880591042696174	0.4370516470199378	79
1.290331646148922	0.43661799009826807	80
1.322138684625512	0.4306375009472221	79
1.2465962819583225	0.44511780244215293	82
1.2636574838679007	0.4417629465263909	78
1.2250245283243513	0.4494332477103487	80
1.2639031209007943	0.44171501455508644	78
1.2967833007445855	0.43539153200731384	76
1.2743144694964803	0.4396929331507063	78
1.2827582188612006	0.4380665423685869	79
1.3109270318410817	0.4327267742431983	78
1.2294841095178062	0.4485342576477392	80
1.2677123914466426	0.44097302804879485	78
1.2591028264292023	0.4426536004917609	77
1.2630019561591426	0.44189091276670395	79
1.30867043183149	0.4331497411723208	81
1.304076229858629	0.4340134180635841	77
1.275119430758338	0.43953736515128006	80
1.2631044855109916	0.4418708930154445	79
1.2951580915148053	0.4356998342279767	76
1.2403891810997583	0.44635102170468516	78
1.2470713610497386	0.4450236949897494	77
1.2674526845560643	0.4410235357108614	78
1.2858258946900087	0.43747863838755513	78
1.2927133692013408	0.43616442135038747	81
1.2779193099399944	0.43899711268804437	79
1.316285084641339	0.4317257865323789	79
1.3040196807569915	0.43402407034624263	79
1.2950055869944432	0.43572878674757726	77
1.284074913782188	0.4378140112506665	78
1.3082759537932207	0.4332237652767152	79
1.2938899532311754	0.435940703516051	78
1.3116550761314834	0.43259048909385023	80
1.2862611894637994	0.437395344245218	79
1.2636921285276965	0.4417561855685734	79
1.3187174430408843	0.43127290175061134	79
1.308353351468563	0.4332092395489646	80
1.260371512535025	0.44240515085880366	79
1.2702090170963083	0.44048807509320953	81
1.2977491956311766	0.4352085083530218	76
1.2535951348226182	0.4437354272504278	79
1.2888683722699072	0.43689712004202497	78
1.2783641316527903	0.43891140406716794	79
1.2662830672251262	0.4412511457469504	78
1.320445223099099	0.4309517803072454	78
1.3163862978759595	0.43170692250984344	78
1.268251920466179	0.44086813769542693	79
1.2542845649569014	0.4435997191947763	78
1.2499376833244846	0.44445675425214903	79
1.3144716967402987	0.4320640435605239	78
1.289902279761065	0.4366998578229036	77
1.2169879495204474	0.45106244272383533	77
