11.192257182129287	0.082019267233449	52
4.7539403380701515	0.17379394662534786	57
3.2396556419809213	0.23586821299778105	60
4.978501455708581	0.16726599590356353	60
3.5509933809948184	0.21973224662906593	59
2.4947659264501545	0.2861421969441486	60
3.2214912554582913	0.23688311534627082	62
2.4345488721035364	0.29115905384905366	71
2.4345488721035364	0.29115905384905366	71
2.4345488721035364	0.29115905384905366	71
2.434062682865287	0.29120027569375284	71
2.4345488721035364	0.29115905384905366	71
2.4345488721035364	0.29115905384905366	71
2.4345488721035364	0.29115905384905366	71
2.4345488721035364	0.29115905384905366	71
2.4345488721035364	0.29115905384905366	71
2.4345488721035364	0.29115905384905366	71
2.44232526494247	0.29050131031609894	71
2.4345488721035364	0.29115905384905366	71
2.7372309642556214	0.2675777894286978	59
2.418519593467664	0.29252428504750033	71
1.7200744500693648	0.36763699610299233	67
2.1669875163516665	0.3157574808352856	65
2.4344650948588242	0.29116615612047897	72
1.9547901974339061	0.3384335039653415	82
1.351056033062331	0.42534077705390366	68
1.332237634188899	0.4287727739835474	81
1.1707323278805153	0.46067402560701326	82
1.1696418090590732	0.4609055724427058	83
1.1707323278805153	0.46067402560701326	82
1.1549567122886193	0.4640464443195122	82
1.166241210972793	0.46162910895362863	83
1.1707323278805153	0.46067402560701326	82
1.1707323278805153	0.46067402560701326	82
1.1707323278805153	0.46067402560701326	82
1.1707323278805153	0.46067402560701326	82
1.1605955692329568	0.4628353469941692	81
1.1707323278805153	0.46067402560701326	82
1.1707323278805153	0.46067402560701326	82
1.1707323278805153	0.46067402560701326	82
1.1707323278805153	0.46067402560701326	82
1.1707323278805153	0.46067402560701326	82
1.1707323278805153	0.46067402560701326	82
1.1707323278805153	0.46067402560701326	82
1.1707323278805153	0.46067402560701326	82
1.1707323278805153	0.46067402560701326	82
1.1707323278805153	0.46067402560701326	82
1.1707323278805153	0.46067402560701326	82
1.1707323278805153	0.46067402560701326	82
1.7221372761084324	0.36735840208235204	80
1.1639683618644279	0.4621139650759135	79
1.1490266262409807	0.46532694746047554	80
1.1707323278805153	0.46067402560701326	82
1.1707323278805153	0.46067402560701326	82
1.1707323278805153	0.46067402560701326	82
1.1707323278805153	0.46067402560701326	82
1.1707323278805153	0.46067402560701326	82
1.1707323278805153	0.46067402560701326	82
1.1646095355005919	0.46197708344139676	83
1.1707323278805153	0.46067402560701326	82
1.1707323278805153	0.46067402560701326	82
1.1707323278805153	0.46067402560701326	82
1.1707323278805153	0.46067402560701326	82
1.1707323278805153	0.46067402560701326	82
1.1707323278805153	0.46067402560701326	82
1.1707323278805153	0.46067402560701326	82
1.1707323278805153	0.46067402560701326	82
1.1681231919111534	0.4612284042395773	83
1.1707323278805153	0.46067402560701326	82
1.1707323278805153	0.46067402560701326	82
1.1707323278805153	0.46067402560701326	82
1.1707323278805153	0.46067402560701326	82
1.1707323278805153	0.46067402560701326	82
1.1707323278805153	0.46067402560701326	82
1.158051943080928	0.46338087607490897	81
1.161657713340606	0.4626079299366083	83
1.1707323278805153	0.46067402560701326	82
1.1707323278805153	0.46067402560701326	82
1.1707323278805153	0.46067402560701326	82
1.1707323278805153	0.46067402560701326	82
1.1707323278805153	0.46067402560701326	82
1.1707323278805153	0.46067402560701326	82
1.1707323278805153	0.46067402560701326	82
1.1707323278805153	0.46067402560701326	82
1.1270753859102187	0.4701290826944902	82
1.1707323278805153	0.46067402560701326	82
1.1327766783821793	0.46887234380232967	82
1.1707323278805153	0.46067402560701326	82
1.16482974811283	0.46193008982426476	83
1.1707323278805153	0.46067402560701326	82
1.1707323278805153	0.46067402560701326	82
1.1707323278805153	0.46067402560701326	82
1.1677497001473347	0.46130787144476754	83
1.1707323278805153	0.46067402560701326	82
1.1707323278805153	0.46067402560701326	82
1.1707323278805153	0.46067402560701326	82
1.1707323278805153	0.46067402560701326	82
1.1707323278805153	0.46067402560701326	82
1.1668388792008073	0.4615017801272002	82
1.1611297732984882	0.46272093992473223	83
1.1270753859102187	0.4701290826944902	82
