2.020493152924857	0.3310717652286887	71
1.3607359169974218	0.42359672371651047	67
1.8433768400261101	0.3516945013840716	82
1.1634662803012081	0.4622212091333243	83
1.1634662803012081	0.4622212091333243	83
1.153682898925572	0.4643209083839034	85
1.1511578486357812	0.4648659328436446	83
1.121894479996563	0.47127696943799946	82
1.1634662803012081	0.4622212091333243	83
1.1546305080362882	0.4641166994852363	82
1.099379959251967	0.4763311165246673	85
1.117360543188282	0.4722861220858582	85
1.110167249384086	0.47389608586327897	83
1.137454118662836	0.46784629960880153	84
1.1136241212800235	0.4731210199259053	83
1.1525514208917436	0.4645649763784631	84
1.1021126423143102	0.4757119004332019	83
1.0887402126970067	0.4787574797101205	84
1.135425726060788	0.4682906962279116	84
1.143712527569266	0.4664804572159169	83
1.14465943321746	0.46627449771816704	84
1.1464221922611104	0.4658915676540633	84
1.0996927273991473	0.4762601627137522	85
1.1238438655286815	0.47084440444546205	81
1.1366228727434793	0.46802831363308117	82
1.113163466533289	0.4732241569747235	84
1.156639057187756	0.46368445228103855	83
1.1634662803012081	0.4622212091333243	83
1.1593116650269706	0.46311054406660174	83
1.1557751431614887	0.46387027105873363	84
1.1607983026219966	0.46279192221993193	84
1.115499460787377	0.47270160949500106	82
1.1634662803012081	0.4622212091333243	83
1.1609077848071865	0.46276847491168077	83
1.1521728083942433	0.4646467031363107	85
1.1444815641402224	0.46631317178095005	83
1.1540565942692984	0.46424035592213453	84
1.1634662803012081	0.4622212091333243	83
1.1350916776918365	0.46836396321916285	83
1.1352957932615442	0.46831919172779163	83
1.1489678941182424	0.46533966502571544	84
1.1210836583345802	0.4714571233768186	82
1.119910636308394	0.4717179973875677	87
1.1588947330160484	0.4631999813177396	83
1.1634662803012081	0.4622212091333243	83
1.1493121667980628	0.4652651278151697	85
1.1484046460152824	0.4654616633113009	83
1.1492466574832614	0.465279309156161	84
1.1106099132667788	0.47379669436509514	83
1.1592245145351017	0.46312923610693074	84
1.1444786074424225	0.46631381470978334	84
1.1528639420217157	0.4644975376664621	84
1.1589558118563321	0.4631868769653842	84
1.156202904262587	0.4637782455552327	84
1.1634662803012081	0.4622212091333243	83
1.1089936424600033	0.47415979824081655	84
1.1313951939380362	0.4691762479544523	83
1.1498350094424645	0.46515197473658165	83
1.1500223297665833	0.465111448451126	84
1.128299560551239	0.46985866958549555	82
1.1385640513901425	0.46760348344486785	83
1.1275797428052563	0.4700176354760175	83
1.1217063934070661	0.4713187475455479	84
1.1376914714542732	0.46779435356015114	83
1.118418516586789	0.4720502545508369	82
1.1462514137372932	0.4659286389280406	83
1.1168300857103315	0.472404472494275	83
1.0970482154803225	0.4768607572386947	84
1.0988928078713696	0.4764416726045997	84
1.1373805731556033	0.46786239781510314	83
1.1135919040940392	0.47312823164348544	85
1.1214995053149623	0.4713647104299173	84
1.130678913184298	0.46933397322898396	83
1.1097210002586304	0.47399632457439167	84
1.1229627299247333	0.47103982839842584	84
1.1240189900193376	0.4708055835182979	83
1.1181477437681049	0.47211059896182583	84
1.1140698647049745	0.4730212641953313	85
1.1257632398799546	0.47041927399989836	82
1.112107768766593	0.473460689263962	83
1.1230763424017298	0.4710146215791516	84
1.1170055453684578	0.47236531911207313	84
1.1167663477950396	0.4724186970572659	83
1.1453188963234617	0.4661311666595344	83
1.1351178837815041	0.46835821459604915	84
1.1088319138491882	0.4741961620709399	85
1.1277744194302275	0.4699746321171483	83
1.1122157747162889	0.47343647934563843	82
1.109794708060715	0.47397976503561423	84
1.1262823482537012	0.4703044263247974	83
1.110504179569678	0.47382043100426147	83
1.1218925549092988	0.4712773970040841	84
1.1350982704919663	0.46836251699533316	83
1.1038447610383328	0.47532024154978975	85
1.1294073057235776	0.4696142430394253	84
1.1200111514385211	0.4716956320354522	83
1.1109204018207555	0.4737270051194062	82
1.1190185448359338	0.47191658725073854	84
1.125542725508697	0.47046807763446596	83
1.1050097876407632	0.47505717354443866	85
1.0887402126970067	0.4787574797101205	84
