278.9873207496745	0.003571590303884011	0
231.42163918196997	0.004302525373797358	3
131.15838311532175	0.007566678529408137	3
108.71244210825037	0.009114736494638651	6
104.36335438145287	0.009490965866364161	6
110.01165437209868	0.00900806321332814	2
105.9942535858845	0.009346296333543726	4
101.78018131135507	0.009729502198197824	7
100.3813328261061	0.009863748799941757	6
99.67222440504747	0.00993322642774408	7
98.2272574140176	0.010077876039923002	8
98.2272574140176	0.010077876039923002	8
96.18471835343027	0.010289683573124268	8
97.83270493622601	0.010118108177300947	9
100.62603425666177	0.009839998257478479	7
98.63235773420382	0.010036899886157162	8
99.45848831103947	0.009954360421030834	7
98.33746694489327	0.010066695183145175	8
99.16029843638805	0.009983995810826197	7
97.62624800526399	0.010139288680500418	6
92.54061047085656	0.0106905438714403	8
91.06619976598358	0.010861749507873983	6
91.06619976598358	0.010861749507873983	6
95.1055699142365	0.010405224180995841	10
90.3307854162085	0.010949210558552032	4
90.3307854162085	0.010949210558552032	4
86.03551921316617	0.011489562066618044	6
78.25864972562549	0.01261691945878161	11
72.51996828838452	0.01360174688973568	9
69.02774070348822	0.014280055160342878	6
72.52323245109858	0.013601143021902842	10
60.48267741749061	0.01626474385963419	12
60.48267741749061	0.01626474385963419	12
59.46600408901646	0.01653821870762001	12
55.32305592516353	0.017754718446539912	12
54.82356158514861	0.01791358293172827	9
52.5851458860688	0.018661888168153378	13
52.319854618351116	0.01875473980860836	11
49.730063593851675	0.01971217714225765	14
49.730063593851675	0.01971217714225765	14
44.09902852434283	0.022173426628474626	15
42.638077753709446	0.022915766492830798	14
42.638077753709446	0.022915766492830798	14
42.638077753709446	0.022915766492830798	14
40.45899572419525	0.02412021763991754	17
50.739958922751576	0.0193274216064418	13
44.00791925947399	0.022218312164908712	13
44.00791925947399	0.022218312164908712	13
44.00791925947399	0.022218312164908712	13
47.21335958632434	0.020741139148570117	12
47.21335958632434	0.020741139148570117	12
40.45899572419525	0.02412021763991754	17
