0.028562716691642356
0.023253084268050905
0.02223571873277182
0.022308695050828786
0.04075397664309468
0.06607194394131395
0.08385792984850733
0.09405797920847428
0.09498983500671754
0.09508814517998329
0.10297977216006014
0.11390273376293679
0.12078928463594592
0.13013539134543337
0.1308122684287499
0.10806939046981427
0.09889587391622419
0.11380035250148189
0.12383629363458165
0.13893845068975252
0.17010043451474302
0.18359008296141077
0.1871891949621565
0.183666057038937
0.17613092485307213
0.15688416541292782
0.14109820908747728
0.14379696195942515
0.13194026100287776
0.12186758860500563
0.1348764933855457
0.1369354066459308
0.1333787357874534
0.16368658537656935
0.19308661723242282
0.2056545950223878
0.22827142202659517
0.22302169851542145
0.20167780674477215
0.1824376760119744
0.150749240938873
0.1303525095658415
0.1325020656888409
0.14778999812171684
0.1522092606361783
0.19131684797838122
0.22433997253896024
0.2543303638562054
0.28037078591422665
0.3086089449477399
0.327391687008781
0.33193189873054463
0.33481419154561126
0.3481519701552465
0.3493592302863241
0.3510484201874525
0.35511787744963386
0.3609591855333668
0.3388126274099182
0.32767161630669256
0.30496357660372697
0.2831187235876191
0.27127854586127337
0.2769316010635472
0.29983944928642875
0.33810960239407173
0.380788829160861
0.4114791903984168
0.4403533356284293
0.44813927463142234
0.4530113039620129
0.4440504535880702
0.43414393236909193
0.4241846272474246
0.412253903582856
0.39768102943773853
0.38721542085182237
0.3732764756995735
0.36968860347648186
0.39038810110502203
0.41079422151041217
0.43530398253093605
0.4474021317228702
0.45061338234717496
0.42939185009268954
0.402021994554169
0.37996682515559455
0.3627564497804439
0.3773717766010534
0.40758941122375925
0.4372782703368673
0.4677697845932021
0.5115632758867005
0.516391978023875
0.5176048689330662
0.5165353736086261
0.5126807375022617
0.5015936833184909
0.5161419202308979
0.5304626637615533
0.5615887913446569
0.6110548824014436
0.6594720598045405
0.6964013856523243
0.7323066468963056
0.739042230153505
0.7140018970615494
0.693177364684371
0.6606655015535187
0.5972182402334596
0.5375417598307929
0.4990656384997079
0.45853010148511053
0.41434179481970496
0.40302822206516425
0.4148106844712917
0.43388088742131875
0.4246589481794129
0.44371955987060346
0.47924400844854814
0.5050961112219858
0.4908576305436769
0.4958101116116407
0.4721321796286675
0.4308222194670633
0.3814874944115241
0.3476809819710546
0.3062554998279014
0.284382737921635
0.299778005369178
0.31754772842106715
0.3386267886284581
0.3770138799202398
0.42821263244164703
0.43492897834480654
0.44518887918727895
0.4715264527554502
0.4768378573670698
0.4684262023904772
0.5007613869120835
0.5315323664620617
0.5692102358930174
0.6087001385492198
0.6399019480691824
0.632631028005642
0.6269644881619999
0.61304471060076
0.5944802707481864
0.5533079429961911
0.5083573120207128
0.45679303717172637
0.40749138519120764
0.4031264600424885
0.3974209960116787
0.39822857071938195
0.4265511820999829
0.44301139899570463
0.42016769428870077
0.41474426517412016
0.43728213193091103
0.4265977844964099
0.410387044230419
0.4140916751525698
0.43914244273688485
0.43582576909069715
0.4286626828780649
0.42736655974505144
0.3986223977083502
0.3654877849400782
0.32838550884946044
0.3063331604331622
0.31313073823009063
0.3581425139906203
0.3911943798461828
0.4397094253689623
0.4720489057111212
0.4833953658027838
0.4687182825040647
0.45355478660369536
0.43298316183265745
0.43550884948299623
0.43615422675714705
0.44128602517969534
0.454186086531978
0.4741143741722837
0.47975268710520863
0.47062123401038436
0.46081805891821337
0.44625357938671334
0.42645797413865555
0.4275839356906615
0.45565058806200903
0.48237264407129965
0.5078543539431418
0.5327284105561
0.5375308975117256
0.5342065438403432
0.5245934782035756
0.5116444412261778
0.5065702873233259
0.52138752847119
0.5396364734384848
0.56858167264396
0.5939346099705436
0.6087614575002618
0.6144583174594465
0.6301904230968465
0.6525922020108983
0.6720944926184581
0.6932206909310673
0.7149962516804302
0.7170045710832672
0.723257814178946
0.7388252504681333
0.7599616512111285
0.767839153395966
0.7799768686006371
0.7901861802253684
0.8014280442240571
0.8099000549250839
0.8269252611857171
0.8477935208238776
0.8623213629410856
0.8678628680265085
0.8720635403778899
0.870013438453764
0.8602727754898157
0.8458752365252747
0.8325808105905377
0.8255756255657518
0.825427797142526
0.8316687782312543
0.8361451692260679
0.8500515027320924
0.8582873337965697
0.8662627814526769
0.8755109284853925
0.893876029455177
0.9067894321990501
0.914867843676769
0.9214920886259778
0.9257364913740735
0.9237921167789329
0.9140459488301494
0.9050822947528777
0.8983296016923368
0.8898129880010307
0.8822593900369947
0.890405922868158
