-0.014515149053834045
0.013075852421687767
0.0324113232630585
0.047141459297032215
0.06648763821663985
0.07555922971086623
0.08605610561867155
0.09505970316282998
0.10104072771658597
0.10604474873430023
0.1125490925186911
0.11970068949532722
0.12535110167334187
0.13164728021869274
0.13451845505872448
0.1293860960196184
0.12905203824654132
0.13528718806418571
0.14028814658384697
0.14723241476010968
0.16162795156761645
0.16924225811178087
0.17206456173848128
0.17127721511189353
0.16861420262960689
0.16119042046339846
0.15606493534705804
0.1578750385934908
0.15458215627848854
0.15219582348976612
0.1570183516546568
0.15836662825042291
0.15782536972041922
0.16930512128392197
0.18250987793472528
0.18896260089886358
0.20114809976511547
0.19852927386020292
0.187951056958796
0.17951055630059798
0.1675108160960895
0.16126905521834692
0.1622927987799839
0.16753590599689458
0.16936226788193012
0.18495227148929813
0.20084598969432418
0.21742047200068904
0.23345421231182445
0.25256932218529066
0.2662287129901946
0.2694980221043556
0.271512177656254
0.2817559561417294
0.28247892660644686
0.28358653758464647
0.2866099490859753
0.29110149422734616
0.27336102368020676
0.2648592434591793
0.24876302553762117
0.2345454327110273
0.22733243462673247
0.23065516285634435
0.24494293456830069
0.27147986755978004
0.30506208334378804
0.3317506921729757
0.35884596706969785
0.3661504024395517
0.3706057254207593
0.36118219947370334
0.3511092699664884
0.34129334016434243
0.33000082405983566
0.31683594871929727
0.3076715314707795
0.29603216134655413
0.2929551195779319
0.30952606074593175
0.3267865878902478
0.3488211514517878
0.36001377708509413
0.36275714331304115
0.34229453576547064
0.31774990834234984
0.2993213934074445
0.2857564124504571
0.2968305987634063
0.321442703441967
0.3476385057563099
0.37667321156624717
0.4224141388086254
0.4273221670451519
0.4282108657138722
0.4265539436299247
0.4218297312787836
0.4093419903486989
0.424768251759784
0.4404159677140716
0.4766515965339364
0.5394332191935511
0.6066242849353257
0.6612936886975216
0.7170212621872528
0.7270607495184206
0.6863770825409893
0.653377654275973
0.6042616502447458
0.5165987587910004
0.44361821365249693
0.4013273009972146
0.36088693042419673
0.3214559753574324
0.3119686960928056
0.32142423951193566
0.3374886831423585
0.32929407558440277
0.3457255830318608
0.37875544673736045
0.4045518457789881
0.3896777017914095
0.3943723470008577
0.3707494174280395
0.33305528554170133
0.2933674306936478
0.2693275433387005
0.2433207845100398
0.2310368007258123
0.23946088223774767
0.24977158852312703
0.2628348827691862
0.2890639620044237
0.32901841290424827
0.3345162332404465
0.34319775369027467
0.36687101139932327
0.3716398545382503
0.3635090886603979
0.39448202836623136
0.4262082311016445
0.46820916649669114
0.5159727285674552
0.5563414966105895
0.5461904605064387
0.5382958130837392
0.5198986999719225
0.49631263281309734
0.44766752494423223
0.39950577157995165
0.3503932927768283
0.30925691469944155
0.30575156346395166
0.3012874632540931
0.30176008350123656
0.32378988662823616
0.3373139816423517
0.3183355475100392
0.31389553245666924
0.33198269211679304
0.32304502583059075
0.31007702857599323
0.3128138549448763
0.3328821199963275
0.3299686967991918
0.3239572372121714
0.32276171845427354
0.3003834137564675
0.27685524080152374
0.25327943628476113
0.24058237532536694
0.24431101214965406
0.27161675446714045
0.2942410032566096
0.3316410071542095
0.3593521088348326
0.36950344316652733
0.3560285144209686
0.34265475335528256
0.32542462173283837
0.3273293716472513
0.3277132158049281
0.33176857810401955
0.3424180359893682
0.35965357625149247
0.3645641520732491
0.35621304933179415
0.34748679486336415
0.3350183515605692
0.31890291799951925
0.3196622676202927
0.3424676246751655
0.3657596282256646
0.3894393337856878
0.4139727379747839
0.4187054519910253
0.4150767989112677
0.40513736564793
0.39218498897129517
0.3871144691643157
0.40136800371802345
0.4196501368683435
0.45036263291551576
0.4788829415084137
0.49617942068943277
0.5028054936632065
0.5219661243454019
0.5504196432717432
0.5761695485550131
0.605155441098984
0.6361941974948048
0.6388110063870069
0.6477235560657546
0.6708078135527402
0.703160461757445
0.7152428090591137
0.734297571099424
0.7504840165414521
0.7685526877464786
0.7822086726015055
0.8102920340855508
0.8450912619353826
0.8691978359640299
0.8781337870605304
0.8848007659676524
0.8810482512086493
0.8643781974521642
0.8397421362615166
0.8169585877259294
0.8048300367980326
0.804235532906689
0.8143846667186772
0.8215884127546241
0.8447525579973655
0.8583416157075545
0.8714612590371547
0.8866415361769721
0.9165217922276224
0.9366254870912201
0.9485650370768534
0.9579000908470925
0.9635642227075697
0.9606658113417282
0.9463462475859228
0.9323711052642938
0.9214046153841906
0.9073044959045923
0.894530605348963
0.9077047405692604
