0.919194348696656
0.9281005683180884
0.9343498602815222
0.9400958903035265
0.9399156876841473
0.925963277534517
0.9185708894484134
0.9276889790878735
0.9367498851356321
0.93499403435736
0.9400186791839226
0.9394432822329325
0.919242341805364
0.8930963925951317
0.8803317517652505
0.8775242183361692
0.8803222597929332
0.8844660516040799
0.9058611915681691
0.920586406314107
0.9092373208884262
0.9014704998443088
0.9002331248894926
0.8912758587412541
0.8901725166214605
0.9126691605662103
0.9462417431839364
0.9707755919898348
0.9913512666727308
