0.023271446783752505
0.018940066394354672
0.018111496971868604
0.01817103146040892
0.03323746975789932
0.05393967510658561
0.06849769032972915
0.07676912316082493
0.07752558030218137
0.07760622022283471
0.08413751137597666
0.09319027461403825
0.09879997862012731
0.10638695512247574
0.10693970027271593
0.08831278539699763
0.08070887178286362
0.09301596313638227
0.10128075351920517
0.11376407676493469
0.1392751402448616
0.15038774864956944
0.1533683643301149
0.15049675982670038
0.14429233025994087
0.12841990670124115
0.11536493038849066
0.11762664715978875
0.10795839801201708
0.09968719700842496
0.11044096414486522
0.11213182933260238
0.10914858483411084
0.13418756416899458
0.1584803953986438
0.16898307339097932
0.18759812830149827
0.1833196772999109
0.16582372080528596
0.14979670475118098
0.12360737032895266
0.10652425101994481
0.1083094421373638
0.12096703437269603
0.12462141950471795
0.15710265417330405
0.18490143366405695
0.21026454297921726
0.232283955438745
0.25552552315406546
0.2717247732290201
0.2756082399139686
0.27808983430262235
0.2898223606146949
0.2908430807349615
0.29234164587650957
0.2958477656434625
0.30091447557743206
0.28184004273437163
0.2725236060058446
0.2529051632462397
0.23422770142492016
0.2237989552144483
0.22865244148392136
0.24855640904609677
0.2826034839624621
0.31976938870650845
0.3468483007538647
0.3717796790261413
0.3784766393185109
0.38299436464478587
0.3749732691405265
0.36600948047559767
0.3569966958900733
0.34665503531554764
0.33318838510104015
0.32399588601454093
0.31174822885650455
0.308524504919181
0.32720118786636937
0.34638587164718704
0.36843345091357643
0.378642632077396
0.38140745551736066
0.36288284675512
0.33773132507738934
0.3175295808485765
0.3025534995499392
0.31621374289887677
0.34390017250647936
0.3713625958019867
0.39931790974621173
0.43755615469122716
0.4419844995262253
0.4431115381075532
0.44209920105014877
0.43843843451534303
0.42782933929942824
0.442122442360319
0.4561256088322395
0.4884336975269138
0.5423703956832773
0.5924271297195474
0.6330477310651443
0.6710068678405041
0.6779566949513188
0.6518245249017512
0.6289677368819246
0.5923427379222914
0.5269114979020032
0.4682119387155742
0.43130318210334906
0.39074133274807316
0.3480461007782719
0.3378811693101586
0.34859096139881374
0.3664511462786369
0.35829043094700086
0.3755337421669707
0.408870348107878
0.4340831136894256
0.4210642219031984
0.42518476275505146
0.4047288243873765
0.366133651240836
0.319190052201252
0.28988791769898187
0.2545437083529802
0.23573636266969886
0.24984669471955662
0.26608154757920366
0.28432632577664185
0.31653326759012307
0.3612543581504656
0.36744430896951324
0.3769440170643792
0.4006020970232518
0.40516247117959237
0.3972719881781819
0.4298009464915935
0.4610159217508552
0.5009751704591268
0.5376299879355838
0.5659085679912521
0.5587361118523031
0.5529376504678019
0.5376073895745267
0.5191907762743339
0.48107499029317663
0.44109066446552064
0.3926507020603061
0.34406947172641483
0.33966715388479457
0.33455822631806753
0.33524645582733537
0.36078540311459306
0.3755752750499603
0.3541668423244474
0.3495021489962805
0.3695184075651443
0.35956623731766585
0.3449070647597301
0.34823437854412553
0.37077351568380046
0.3676976138744735
0.361341669908294
0.3602294380239213
0.33599083683977854
0.30599336831808605
0.27332396914923107
0.2539878044783999
0.2601828378654788
0.3010130371028065
0.33115626245585467
0.37397952077558605
0.40095170911898975
0.41099358672185166
0.39765898035478586
0.3839477174066984
0.36488484070575744
0.36723840720291945
0.3678447707350062
0.37248263981513546
0.3841565139148833
0.4023801270660243
0.40763953063499364
0.39945362952804225
0.3908657793492209
0.37777257025450506
0.3593459513278955
0.36044033947979515
0.3875319652854172
0.41223325671173616
0.4353404464969858
0.4576704297994064
0.46215874935720597
0.45887255807974064
0.44992787441212084
0.4379414778190764
0.433023190809116
0.4480606944690968
0.46717834044631795
0.4958154608182912
0.5192645913247472
0.5331460272004516
0.539012338810698
0.5568894663556566
0.582742331323182
0.6033815949935013
0.6252194696031608
0.6490287771903799
0.6513454559823553
0.659234975287465
0.6780280307246268
0.7045278889459627
0.7143150977473839
0.7287866877012191
0.7424105901086878
0.7578015763522156
0.7703054738431915
0.7947875926898326
0.825772326697255
0.8484237699797789
0.8565704386845536
0.863103115441895
0.8599283656273492
0.8444081081101967
0.8218789479063394
0.8030684363727416
0.7919413918446615
0.7917070993193879
0.8015608645594674
0.8080063606176128
0.8277161611331062
0.8407233447239719
0.8540254393732167
0.8705693515523995
0.9032526528353416
0.9269745831352367
0.9417855856124058
0.9545065856569696
0.9632556666183748
0.959115585177411
0.9410581317303852
0.9247963177146507
0.9115334140170376
0.8945466002811617
0.8801326856629256
0.8950477987752636
