0.024549706281403787
0.019985150807374785
0.0191106159588903
0.019173346265408585
0.03503305439634255
0.05682262545238134
0.0721509705906356
0.08095166962717545
0.08175609419699834
0.08184096463726662
0.08865643247773092
0.09809919495838033
0.10405857798937845
0.11215448284065029
0.11274119616770496
0.09305493673131492
0.08512877276057962
0.0980106342060603
0.1066969424791185
0.1197891351952241
0.14689602583815142
0.15867457112550443
0.16182215869149424
0.1587409915267544
0.15215799487334492
0.13538316172115816
0.12166366550522964
0.12400682850139656
0.11371905149547602
0.10499215304964954
0.11626516557280449
0.11805113556513012
0.11496627852297864
0.14130564467411968
0.16698449734213286
0.1780065886392147
0.19791793929051626
0.19328696341523727
0.17451582921742007
0.15766719569184004
0.1300473923125714
0.1123426739775252
0.11420613443797582
0.12747544800676128
0.13131675925650393
0.16543468863159375
0.19444931956783149
0.22099532689486576
0.24422031589796206
0.269615036921957
0.28664079151753696
0.29077361460076123
0.2934009092409463
0.3055964269748174
0.30670343301035674
0.30825324150357575
0.3119912322740319
0.31736759207270704
0.2970503392590824
0.2868954028383417
0.2663235387039123
0.2466815595350222
0.2360912008460652
0.24114283882795387
0.26170363311282835
0.2964082758149728
0.3357180641639146
0.3644448735787226
0.39187279594370467
0.39934139729515356
0.4040314133822191
0.3954152156051426
0.38593924292386816
0.37646327024259374
0.3651754975578321
0.35147814147565354
0.3416995871113426
0.32874761516988027
0.3254265968459423
0.3446589837577776
0.3637991200398813
0.3870462491767276
0.39863291366711406
0.40172146080399723
0.38141158796251595
0.35554823425235954
0.33495422976686
0.31902441135726445
0.3325446463694431
0.36078068318165973
0.38893184955360804
0.418319172668864
0.46149241218397835
0.4663300290178305
0.46754773572211966
0.4664739396698854
0.4626104882863926
0.4515551870060059
0.4660791077917574
0.4805218480146522
0.5124552854245565
0.5649532069967472
0.6188570261927819
0.662045025869503
0.7061592208516719
0.7147053083500868
0.6833807244009871
0.6581926445528853
0.6202223338611778
0.550030764020816
0.4877173880062778
0.44904597322403417
0.40935980303598263
0.3671459685923009
0.35649287959682563
0.36758877104998067
0.38568832148047494
0.3769134526724168
0.3950978735431794
0.429514694506574
0.45503856623833716
0.44092792802169223
0.4458208951899193
0.4225663860809297
0.38277320531886
0.33636750779748753
0.30516469458401263
0.26748958538587836
0.24781439623368334
0.2616482829957735
0.27770356201840557
0.29688059837854586
0.3322125445805133
0.38028982154804986
0.386688316941996
0.39650746147907523
0.42197598287646343
0.42716046166085203
0.4189575460182419
0.4507286225197531
0.4816067139164414
0.5203962093395785
0.5623997125126352
0.5967316632530817
0.588632068307078
0.5823627236209002
0.5671155590455026
0.5471008879149145
0.50388336791498
0.45828947471825365
0.40768084361767526
0.36068843255192806
0.35658512979191714
0.35123460000440365
0.3519910542119949
0.3787104927316174
0.3944189100210332
0.372655169193476
0.36752604074346246
0.38893553964833977
0.3787547729991174
0.3634153577939882
0.3669098070931943
0.3907141292338819
0.3875444015341421
0.3807178636268028
0.37948539676090687
0.35236005629628137
0.3215446952061113
0.2875448464719147
0.26755969544721986
0.2737035797376812
0.3147735076331469
0.34541174787063716
0.3912565625107567
0.4224852059527132
0.4335847875005999
0.41924167787958017
0.40455539618543546
0.38483223667100874
0.38724182006842567
0.3878580535013737
0.3927657808312074
0.4051642496462401
0.42449995703736204
0.43001284773326875
0.42109406827315576
0.41157381532438136
0.39752959750898637
0.37862193241393755
0.3796920383714402
0.4065775274595476
0.43258110194434723
0.4577876318314673
0.48282073074331905
0.48770631772208284
0.4843225690916266
0.474584605117404
0.4615735929641551
0.4565071948206597
0.471352147328466
0.4898539100438717
0.5197393859511822
0.5465178644652714
0.5624661331312053
0.5686542974718467
0.5859272834160882
0.6110231126344582
0.6333957069228199
0.6582443047925286
0.684602121200008
0.6870744349039432
0.694819787927267
0.7144285568955321
0.7418675493273891
0.7523582774144714
0.7688305288836216
0.7829965176519614
0.7989521660727186
0.8112436243137331
0.8367121459284413
0.8695348781311169
0.893619641821091
0.9031140645413838
0.910435065146046
0.9068483652171081
0.8901547124104581
0.8664352607100386
0.8454205941179294
0.8346531143589725
0.8344280229267409
0.8440073163046219
0.8509777648640161
0.873206448283003
0.8868189339249133
0.9003539290986985
0.916527288762224
0.9504090570728473
0.9759218587377355
0.9927446620348338
1.007117291979067
1.0166338548331095
1.0122427303343489
0.9909992824325965
0.9724569295444226
0.9590326350393872
0.9426895342780053
0.9286859066353788
0.9438076105977395
