0.859118758924625
0.8655763950352264
0.8705262437866611
0.875360409713573
0.8754170454318403
0.8660494860648854
0.8609653901505278
0.8672041014535407
0.8737218782600326
0.8726241590643915
0.8765984244736982
0.876343716574993
0.8616891841867229
0.84230749030963
0.8330886752857956
0.8317998563422192
0.801765366616483
0.8372162577467771
0.8535648728103995
0.8646780335461958
0.8563776970511064
0.8507549080726216
0.849968423305674
0.8438947551796612
0.8433798680592495
0.8594011891890094
0.8819382553556623
0.8996386008672279
0.915213003660566
