0.00024068469118319218
0.0004533046468053421
0.0004034251467420162
0.0003559107210437091
0.0005841891412801028
0.0005390193498787978
0.0006476299058158685
0.000645057622571751
0.0006603311672533623
0.0006575105276383914
0.0007593790149278922
0.0007517810880621274
0.0007537546990802902
0.0008819310978461509
0.000889232080716924
0.0008452788491998353
0.0008501362778672663
0.0008634498351831173
0.0008035515360632191
0.0008920643638862842
0.0010106646407946915
0.0010156342105512993
0.0010050976904964946
0.001165118059432162
0.0012118018109424443
0.0011972488436896998
0.0012132452524971566
0.0012116284661921291
0.0011949338820746607
0.0012339078139451583
0.0012182048014369032
0.001187495651326766
0.0012540750895395035
0.0012872794392990547
0.0012179045601164594
0.0013127436230884403
0.0013433651122396132
0.0013564480364386768
0.0013374123654089022
0.0012727537211208824
0.0012370356624478397
0.0012137856660019556
0.0011291621500014273
0.001330360605897017
0.0012740240640757045
0.0012057285296642722
0.0012593577611429996
0.001318772796875286
0.0013052883083372747
0.0013295921784462717
0.0014730962678482988
0.0017921939447817325
