-5.009172927819833E-5
0.5467423530279245
0.5538694796029316
0.5593767128967543
0.5649624241864876
0.5675946388164043
0.572409132877344
0.5655991213574072
0.5631662773574766
0.5645270364073991
0.5728085502345063
0.5744095381984623
0.5713607270091572
0.5634193500212957
0.5639304959973029
0.5595524269384985
0.5500057338913346
0.546934386831654
0.543320960397209
0.5619562916815218
0.5834316920247118
0.5849180107247413
0.5821004283592898
0.5778675346822056
0.5809424730905315
0.5854418310387071
0.5903552828927763
0.5920568596301065
0.5908903899191295
0.5929008802038896
0.5964276411438902
0.6016746680564642
0.6060190886915517
0.6134148834646137
0.6192844382711827
0.623182994626317
0.6263384550016075
0.6278154835464733
0.6292488321139234
0.6261721328902514
0.6261576794062341
0.6266885082705035
0.6278049569920181
0.6306058517428653
0.6254330597736962
0.633205111211233
0.632865095643581
0.6352442765267942
0.6332418135650358
0.6311714270367368
0.6298274027409692
0.6358085726488988
0.6308217788235972
0.6236184391157854
0.6275212395882385
0.6194333896937649
0.6195179645908555
0.6276745411858681
0.6421241318686116
0.632624607961261
0.6405259581489564
0.6487931268904013
0.6594101239848552
0.6630790534699121
0.6658971483414824
0.669600138991539
0.6728837890530107
0.6728486772814247
0.6765438665657294
0.6778304039736367
0.6722096499085567
0.6703131187594614
0.6765249399859977
0.6703434018744505
0.6736090601292759
0.6713767033902178
0.6758497964176085
0.6751563641768246
0.6820427189549707
0.6829420522889088
0.6864453543379408
0.6824277335990249
0.6835612578733194
0.6747307307492786
0.6800948182950908
0.6886182185584069
0.6949738961275116
0.704459627865739
0.7048783525222854
0.6885884583785773
0.6885933553630518
0.6852964787983971
0.6797409866411527
0.675401258380158
0.6765743622188148
0.6847390700359313
0.6942324618386434
0.6941487731179108
0.6957834867816145
0.6981253269405399
0.6999738077194156
0.6960328625143415
0.6972588144027395
0.708345445903984
0.7176383943847264
0.7200096486374693
0.7245084002771065
0.7266320051324925
0.7259074120798004
0.727214325049741
0.7302044342304574
0.73747525431599
0.7409009564961425
0.7425099716878741
0.7492350640649469
0.7502014129328743
0.7451465330616219
0.7378812220301892
0.7395324091152818
0.7486744126812998
0.7420910198354257
0.7463991183308115
0.7323379576602789
0.7329452964790816
0.730986213775891
0.7178312504130231
0.7092442788125615
0.7262313082556829
0.7403916959941452
0.729796179448673
0.7209101384536882
0.7185653136042083
0.7262793282660162
0.7291226122291536
0.7382465451878489
0.7318634255013309
0.6996066355549512
0.6958708525458647
0.6843047731356893
0.6943809350133039
0.7028488393194178
0.7156821471040262
0.7126356765114459
0.7149461112173265
0.7115491061143567
0.7106489178264557
0.7202043892597102
0.7343005396136757
0.7420488715777047
0.7446497847798446
0.7479597321201681
0.7574668059745298
0.7613213789177578
0.7579314211501984
0.7598301650300593
0.7621833884099836
0.7643835915031088
0.7664307332057719
0.7687889872459666
0.7647726795937113
0.7612080290941322
0.756868043042183
0.763319110556623
0.7629846315092422
0.7640617796604033
0.7649693262440083
0.7696515060044602
0.7718974400210489
0.7624293920444634
0.7580587316167748
0.7578388983727711
0.7517813119209855
0.7529707759237654
0.7515881122403756
0.7494830350657493
0.7306403978898341
0.7272836861384488
0.7231047483847818
0.7219114861647016
0.7124276687480617
0.713895789587759
0.7165199036636019
0.7176047902461526
0.7022656957639779
0.701789463633696
0.7045139539699298
0.702075583954785
0.7034558434003864
0.7053574510022024
0.7159571002603246
0.7047034957123531
0.7163961084113414
0.7282613970676864
0.7389863631793504
0.7464768386955296
0.7489517192234145
0.7547054318592109
0.7649432563845431
0.7621727884914555
0.7754366553341616
0.7604514654840646
0.7537082157686644
0.7502459965225908
0.7439580565313192
0.7457499005032132
0.7404180085966844
0.7297888879474249
0.7317461933510312
0.7261603141756232
0.7178611075624437
0.719965572310724
0.7156173092607102
0.7032192266018861
0.698778213321453
0.7061829829084761
0.7310807172571157
0.7341545120313014
0.7363165201468228
0.7371000080266471
0.7420559430690292
0.749914279809125
0.753378458795762
0.756054932303305
0.753689416073158
0.7577422034242383
0.7660880523625527
0.767805713664189
0.7710646894153079
0.771260782353783
0.7687370284312118
0.7686047785106698
0.7724328398028203
0.7668285744564974
0.7758487207463519
0.7722999468754139
0.7717251607128409
0.7851160713402646
0.7826858886530945
0.779611126182674
0.7903546912908584
0.7968921953769514
0.8025069982101604
0.8026332231910707
0.7959647058277742
0.7995617366221802
0.8053438740267378
0.8120597619997026
0.8133536829154179
0.8121868678332292
0.8135838584185733
0.8060838800318506
0.7952987006432625
0.7894121870235905
0.7908899639421517
0.7921863655466123
0.8081753701007941
0.804281916137416
0.792295692668156
0.7819087590214437
0.7832230793197236
0.786849957991548
0.7934837258212124
0.7911793791774359
0.8176822640661171
0.8225338234063294
0.8264985601454322
0.8324711797087198
0.8388489483051467
0.846496276867988
0.8478209954154293
0.8507394914991424
0.8425648410732737
0.8443757292345311
0.8414469681622743
0.843332429008155
0.8422458973163965
0.8389409779833629
0.8387544759176181
0.8268648403558485
0.8284953024073592
0.8384137979130627
0.838439049774925
0.8388917376269163
0.8337505055322824
0.8353192694427262
0.8190744918917465
0.7968552853228237
0.7887035485451849
0.7935378256077635
0.7823210816463365
0.7843457870137702
0.7744983823684555
0.7524559537002087
0.7525953599898805
0.751372217519492
0.7601007419873939
0.7756090633584072
0.7847926744209953
0.7906945896475647
0.8013148957983502
0.7957577754374514
0.8060957148847288
0.8164070467837043
0.8100457171637985
0.8079177077590672
0.8152994677469997
0.816019358240622
0.8198355287865102
0.8205670381758366
0.8209016526481242
0.8265175438595124
0.813407075290355
0.8217182516663021
0.8365159216833116
0.8379296040757851
0.8411873772706108
0.8357031004248922
0.8349115267486608
0.829358209803236
0.8144462034899649
0.8113400847351661
0.8129819388625144
0.8281903154477621
0.8180615529209749
0.8209271685745019
0.8319374766464864
0.825551552879227
0.8309413179274215
0.8300750976341321
0.8236232243292703
0.8296701864926765
0.8346480304992343
0.8460517356320408
0.8502289803284615
0.8520186379100758
0.8406069342706834
0.828010661448208
0.822600042480977
0.8289812198455448
0.8203148498924597
0.8086660733658888
0.8100043478140114
0.8128957594225839
0.8296725535877438
0.8386181576049372
0.8415506789151139
0.8451489633309747
0.8478376944066381
0.8457118398288576
0.8356856285063401
0.8338968693278707
0.8454127070018372
0.8507209293538676
0.8519242991882315
0.8487646362104857
0.8393332778275063
0.8412827099964437
0.8376635747405716
0.8499134684263536
0.8496281197674852
0.8567304992482128
0.8661088105657004
0.8577537042985341
0.8410152409994949
0.8424001220447541
0.8447513841372658
0.8362606092427509
0.8390680295845102
0.8488651148179555
0.8535219682134465
0.8587613905691412
0.8599659035306123
0.8599788087541171
0.8623757898194012
0.8652388196429707
0.8658927062628425
0.8645406532586305
0.8675673119033764
0.8781811355516277
0.8843627832460278
0.8834560777128758
0.8770446920274511
0.8670458807635412
0.8683019912821084
0.8686611408746544
0.8695404797470273
0.871426596381402
0.8801888754151298
0.8849199818720326
0.8833593814106112
0.8756355189344792
0.875146867566939
0.8706447961327649
0.8729725807159789
0.8753782505351762
0.8771380805865021
0.8879246439136189
0.8900360834672688
0.8915103618374065
0.8815919687218374
0.8842216180949297
0.8756218883542539
0.8801031458780206
0.8864944369969103
0.8923283833891468
0.8968669153877378
0.8887892855941283
0.8896269407922562
0.8895872017832748
0.8951496475306091
0.8967459479304637
0.897107795214358
0.8848242498132101
0.881640651219132
0.884552250416044
0.8765286983932743
0.8548942224319479
0.84415858391164
0.8449584892333287
0.8383631792213989
0.8386015906813358
0.8354875149465463
0.8380176141005939
0.8538305040721837
0.8511675356010506
0.854734474926548
0.8621299896369589
0.8561704250543626
0.8635961584655795
0.8785037723175815
0.8835548267640887
0.8902139779074828
0.8908577992239332
0.8922711370815694
0.8986781241140009
0.8998270419013682
0.8936867752199041
0.8951351020061286
0.8929240654672775
0.897236680906444
0.8946664368391849
0.8929296707320259
0.8988303814765161
0.8915476809180526
0.8899370041208151
0.8906838007561761
0.8867591213690242
0.8879354062875754
0.8907615995120411
0.8995334449891627
0.9058355832618156
0.913738073860264
0.9052892502505567
0.8963957072735895
0.8944084375841714
0.8867771282600592
0.8870161944752303
0.8859198038587284
0.8930186186445295
0.8726198983676312
0.8639913309914187
0.8749203570644132
0.8858423019952505
0.8675719924950367
0.8631296148175002
0.8617386723763505
0.8525424792354752
0.8325951047199148
0.8293686173854854
0.793926503026431
0.8008290662001629
0.8163831373336351
0.8285216146540649
0.8408713042253994
0.8456709351232721
0.8464975030150685
0.8620031732421378
0.8689397268866467
0.8771000789328084
0.8831746466636039
0.885375526420125
0.9097739593514127
0.9208903407766933
0.9157003550931361
0.9248056364665008
0.9294314871165457
0.9339303899857113
0.9385120077464925
0.9416776545746685
0.9375475436280032
0.9415832267881712
0.9440793997166373
0.9435510907476312
0.9465049991095851
0.9450056241664804
0.9431380975269238
0.952906838831946
0.9588322578929384
0.958602238079798
0.9586324863272422
0.9600444956642517
0.953124013419585
0.9575149171496072
0.9639828607572516
0.9604837922307785
0.9679363421378684
0.9595398282038748
0.9447348091314011
0.9344510206098858
0.936655488961589
0.9152139531144247
0.9013239894822691
0.8975153147188065
0.8977468982506994
0.9230388489944482
0.9551058335009681
0.9606232640381241
0.9739513822569793
0.9788651931437584
0.9798149005939037
0.9784712649225913
0.973275208232387
0.961534044891034
0.9539680637474754
0.9323156850616153
0.9141701627171803
0.9236839600857706
0.9420871702810488
0.9500805222800494
0.9403742927665503
0.9341507065757313
0.9143150341936974
0.917105977247485
0.9124768943029852
0.9211811352025496
0.9253277554601601
0.9326147045075364
0.9482179393261002
0.9396786328620367
0.9160054342567512
0.9077075397900294
0.903251188725098
0.9051788234624412
0.8951908558362953
0.9233425686805435
0.9431287462034421
0.949404719394147
0.9567807574350061
0.950128791634394
0.9538747262540921
0.9564810876588261
0.9651421848780424
0.9735802965175574
0.9726130390254094
0.9751304095418912
0.9702399761297797
0.9662868748117884
0.9812418665441182
0.9849683701502915
0.9921109606595556
0.989961527561389
0.9878704090657595
0.9870809622348095
0.9883209453009253
0.979214707424378
0.9841435576142685
0.961889148877547
0.9645524632336647
0.9481651240498663
0.9451332923219576
0.9445747978484909
0.9453799212386246
0.9556656495751795
0.9585933397381518
0.9511299371693583
0.9711743517575105
0.9734778763003037
0.986618644457295
0.9776528745476754
0.9529120072785062
0.9411339642834217
0.9454884644816371
0.9537069539313509
0.9575734819012318
0.9416722334038956
0.949187427237014
0.9469319414852418
0.9659497223700622
0.9618067817951012
0.9618663257912826
0.9722418557885089
0.9747207238270381
0.9688426241119464
0.9807159281149057
0.9822575981281352
0.9555371743125549
0.9633832982222225
0.9708786336103536
0.967330578365195
0.9740017611826722
0.9775621105218744
0.9788547932079058
0.9697370340310639
0.9727982184770857
0.9576705085251256
0.9648211672363307
0.978947035541783
0.9687766479890613
0.9542031696820118
0.9596279794748249
0.9712015088495194
0.9843642610958678
0.9704434775375489
0.980109920744
0.9820482804821697
0.9949315559200343
0.9973818432589283
0.9988625011736203
0.9998438840574337
0.9979553921474846
0.9951929880023316
0.975951356811243
0.9806384014230975
0.9824465630107381
0.9740870273705166
0.9752898880853839
0.970467130058116
0.9776839478064342
0.9664153783860046
0.9618000809369368
0.9564787992389263
0.9525777017009759
0.9568382636976179
0.976818237439217
0.9645804602444119
0.9511371895833522
0.957492075269565
0.9630072465414264
0.9719417897628952
0.9775383576608629
0.9790012315055765
0.9858465697089029
0.9737761882625067
0.9673275007512192
0.9674388592495119
0.9419196520748219
0.9407558048854142
0.9459737713740796
0.9501272741035875
0.9396268914529822
0.9312483809314381
0.9338809723334421
0.9368130116694584
0.9394090221991173
0.9585527714660679
0.9728614067787487
0.9774464147001731
0.982147512769043
0.9793598012033321
0.9822079859971798
0.9656127287191859
0.9604709288289179
0.9518018043936921
0.9389811560486989
0.9258904871962248
0.9301846541728099
0.9453946904305288
0.9462979950237672
0.9484966956534979
0.9326998412117911
0.9323826098586433
0.93109658323618
0.9200866932642967
0.9130105318263013
0.9213157817301862
0.9192701015361604
0.9001757350496788
0.9186419635127187
0.9233532828037276
0.9194200640458384
0.9322072001343317
