0.926893956263865
0.9125528044348085
0.8821110648154361
0.8366211836957735
0.8243736916899366
0.8235448718339469
0.8547664815209737
0.8550887853493597
0.8518374058343704
0.8430067973971879
0.8278973288692001
0.8448544965332553
0.8294711339960084
0.840686553211091
0.8545425143286384
0.835405041026082
0.8347816164273675
0.8360127220002287
0.8525039724237651
0.8619756120161025
0.8769043543742022
0.854320565931301
0.8456891989552929
0.8367821027613025
0.8262881326245943
0.8178240060556944
0.8356153870413039
0.8229657141974879
0.8067957320136065
0.8225017506215121
0.8271981713508464
0.8378985597907952
0.8657896315088547
0.8715530007992555
0.8798492807599659
0.8898631530041654
0.8923872775976988
0.8947129520998579
0.8975203275306503
0.8924511481048247
0.8953772290966644
0.9019379166930632
0.9034723104599127
0.9061657652044576
0.9107661804211462
0.9270816006083017
0.9418282484570601
0.94018298502093
0.9379618553434056
0.9504024529216905
0.9509244257172864
0.9521092210250491
0.9560629630673328
0.9674315711446264
0.9662677688332819
0.9633128161407623
0.9618621805288011
0.9608549252864342
0.9495095182430633
0.9527821058947258
0.9429067114710866
0.9214087350054317
0.9252007661077315
0.9351936855541747
0.9482996603693458
0.9499020301534692
0.9619772923090575
0.9580169489021239
0.9575548975244298
0.9569127239603821
0.9546358908048492
0.9551643053643037
0.9602857818104592
0.9608477648415746
0.9504531599089538
0.9579494110618841
0.9561517338603243
0.9439901507481142
