0.8614080515387084
0.8545443718011247
0.8624099534321575
0.8706788981009498
0.8690296633973285
0.8739123093492313
0.8733105176909615
0.8539133039617434
0.8287291299129824
0.817269061962075
0.8150017706293929
0.8173926732495715
0.8212929346982403
0.8420075848153321
0.8560862603796184
0.8448343800316961
0.8373981848169538
0.836191348314678
0.8283290194862253
0.8274312111069019
0.8473651581438502
0.8762771885908786
0.8998316453262329
0.9208390589786424
0.9381869277690599
0.7576754078794807
0.5661267008501246
0.37883282454429207
0.19157798340204563
