0.08488507253621838
0.10602772205489044
0.11689358035088439
0.11593682014819026
0.11416293834088977
0.12203807135097855
0.1334520254042548
0.13990387306378976
0.1491875614730293
0.14829473025452747
0.12072750563953363
0.10920891359645196
0.12483413480770511
0.13485853560655706
0.15036441894407643
0.18339266564982845
0.1967340163307518
0.20595905677621376
0.19390144847614912
0.1844675214157719
0.16281093894932375
0.14520002554808534
0.14711276543282314
0.13398245182568114
0.12289062815109417
0.1354642700983865
0.13682087222750378
0.13251299423491408
0.16234524182574497
0.19117219455128692
0.20290545082652417
0.22472680820260285
0.21839849040111062
0.19612709926037647
0.17626629497737528
0.14454847374937507
0.12421309869010641
0.12577785364380992
0.13994690579761954
0.14363404151727446
0.1805539191586206
0.21165833694631725
0.23987207472237368
0.26429262250712227
0.29091990535584583
0.30832504695174084
0.3117177767556594
0.3134851775243301
0.32551034363880754
0.32562815937761697
0.3262325307486246
0.32917051100892797
0.333838170541776
0.31139808041147116
0.29979608470775004
0.2773698071811341
0.25606814424907615
0.24432570613805835
0.24888791455882445
0.26948341300476575
0.304588235605332
0.3442778896656172
0.37290427047087543
0.4000682557674114
0.40668390028118523
0.41044211572483313
0.4006469835060291
0.39004123067642343
0.3795006646710525
0.36719355683314797
0.3525300472747586
0.34188621007829256
0.32812131963915664
0.32406143870439785
0.3425336428467215
0.3608432232766848
0.3831661684134946
0.3938372912334613
0.39605956059198044
0.3751710501389951
0.3489121265152116
0.3279568405356694
0.3116736170145919
0.3242883756779972
0.3512397805695169
0.37801571861659494
0.40590427908233023
0.4471026742173467
0.45095336091062993
0.4512907903314373
0.4494191312642772
0.44486993969147426
0.4334179781967097
0.4466078407282364
0.45968054997771113
0.4894764230908202
0.5388591487581601
0.5894353628842447
0.6296339544224543
0.6705939759863573
0.6775992322398114
0.6467343581577858
0.621801687580415
0.5848714202742084
0.5176561999671071
0.4581145009103229
0.42102417852427204
0.383113644447855
0.34296927125640875
0.3324840686871074
0.3423481577428237
0.358719542237115
0.35001767922319416
0.3664164901064082
0.397849963415748
0.4209527119360937
0.40728092136127597
0.41122998278722744
0.38917623163458964
0.35194391174348205
0.30874420034782246
0.2796507992468391
0.24471112104863765
0.2263642835704763
0.2387179741995062
0.2530719991556967
0.2702411243270963
0.30209659637094566
0.3454872952357714
0.35086581931374977
0.3593412554972874
0.38199921532423076
0.3862206452207889
0.37831642255358056
0.4065756309020077
0.4339660698119839
0.46843459729013653
0.5057252069229329
0.536028121435972
0.5281062186902084
0.5218513296726357
0.5075618352024343
0.48903944386220194
0.44980539714980444
0.40855019807540377
0.3629280310010507
0.3206469846526459
0.31663768724421787
0.3115309592842482
0.31186000086872295
0.33521876674878315
0.34877410537548964
0.3291343263117193
0.32424730401783153
0.34281101600952396
0.3334665958043372
0.319598571954335
0.3223417567237199
0.3429427358848294
0.33980492779372246
0.33346623367497197
0.3320470651361454
0.3079566540777656
0.2806930025257754
0.25070902051514726
0.2330216926919403
0.2381493703958553
0.2736903523560873
0.30009145897795503
0.3396730590343898
0.36648523924941173
0.37577271888612523
0.36297463949030134
0.3499062332304975
0.33250519446789717
0.33427956289716454
0.3345027415370431
0.33843147542454605
0.3488149255700145
0.365159403382847
0.36957553417152705
0.3615715057608329
0.35306698319694707
0.340695693310122
0.3241774268164216
0.32480994979234923
0.34754638479295674
0.3694923078245649
0.39072219521693496
0.4117705621611654
0.41558841775424143
0.41234915354310936
0.4037029260867727
0.39228697410555513
0.3876496219893465
0.39994337727982704
0.4153241414141788
0.44034185635305445
0.46268742405970675
0.4758229276721953
0.4806759055845984
0.4949001745452348
0.5157167453090586
0.5342024835001189
0.5547513500920122
0.5765434417724854
0.5781729223694394
0.5842424549077252
0.6002876626121039
0.6228948306403445
0.6312286868312077
0.6445741859753624
0.6559665863757312
0.6688443456955261
0.6786351299013648
0.6994448227668153
0.7263785510416062
0.7459704306769335
0.753347308269386
0.7589012815976669
0.7553507093805291
0.7408828919437124
0.720587481430123
0.7025757343697301
0.6931144304223279
0.6924296431780157
0.6998894255692084
0.7051757258946104
0.7231094007217025
0.7338800232075549
0.7445734813737056
0.7574375160568938
0.7849308016513626
0.8054723893024694
0.8188110603339931
0.8301114679414666
0.8373934148180411
0.8332044597838411
0.8151430273530226
0.7993319732055937
0.7877543223713084
0.7737954935483413
0.7617791950245318
0.7736871692757126
0.793278875529855
0.8005234356502479
0.8057229869506385
0.8107968676240394
0.8101147715870922
