0.05056566016153786
0.06420817902275709
0.07204221609639763
0.07275834591437075
0.0728339015461519
0.07890182021183617
0.08731071688657899
0.09261902306593385
0.09983261287993132
0.10035549596294072
0.08281844070091157
0.07576096833084434
0.08723184056666866
0.0949695526087323
0.10663801780321251
0.1308319028143745
0.1413657494529154
0.14418349947273854
0.14142519665742528
0.13553589374920336
0.1205492275267947
0.10830942481472554
0.11039897692160523
0.10122700396576487
0.09345071797733609
0.10349643472971251
0.10508852473521384
0.1023386555852407
0.12583737738542858
0.1488077180753985
0.1586939789199961
0.17660741254110054
0.17243416147817664
0.15556088479666047
0.1404642010382592
0.11578737161044474
0.1000003283944676
0.10166113114335079
0.1134928075521155
0.1169200121148076
0.14741907579864005
0.17348120731476976
0.1974779587752172
0.21862828829151712
0.2419519298423863
0.25771435809483695
0.2615559556336924
0.26400122894395445
0.27538306844633814
0.27641871671875384
0.2778693096345489
0.281371256746522
0.28641602526385146
0.2674018132183131
0.25795085409850266
0.23891643732804174
0.22087938054385034
0.21120691194357297
0.21581630562285753
0.23466221568262094
0.2668031956844315
0.30370058763987473
0.3309292983167617
0.3570534675147624
0.36417783057228176
0.36865259281641277
0.3604323141089354
0.3513955823228322
0.3423660116422459
0.331623953780814
0.31861682120238616
0.30935478152227713
0.2971235758086937
0.2939948191965874
0.31215552425411874
0.33031540779500673
0.3524509694073577
0.3635019089952641
0.36644860346947494
0.34708012294871965
0.32247809059807775
0.3029792209462885
0.2879724983761257
0.3007046331632811
0.3274468430494456
0.3542488550221743
0.38228461659595986
0.42339461782505844
0.42798684415034843
0.4291421946305348
0.4281233979971098
0.42445630358668046
0.4139505598352942
0.4277487421732776
0.441436178226393
0.4715551223171314
0.5205314523794498
0.5698505344325957
0.6081988670017848
0.6455092555228126
0.6524364004620213
0.6265387629587245
0.6048380044621063
0.5710821514594472
0.5066882037898716
0.4482412112627924
0.4115637480281281
0.3737367150812195
0.33349784248537345
0.3233747453661003
0.3339190239494587
0.35115637461318105
0.34279477562276356
0.36012960082052836
0.39296144664830884
0.41726264533170004
0.40383652409963905
0.40849484429063887
0.38633585685509564
0.34837773266648503
0.3043140450354353
0.27497927668077343
0.23999135847508105
0.22191614974316223
0.2346112914728896
0.24942751206631145
0.26724354417684504
0.3003912611302203
0.3460112243167431
0.3521097170193679
0.36147424243629067
0.3857727459116016
0.39071690081670146
0.38289358414800273
0.4131644050443752
0.44246280081021233
0.47900978137999695
0.5181675421541354
0.5497570879439517
0.5423449307309688
0.5365894607863316
0.5225316036867146
0.5039623718818038
0.46349168200805
0.42035217806514896
0.3721347214457223
0.32735919782059036
0.32346231831284844
0.31838588401320145
0.3191032296472361
0.34450654609329434
0.3594819512391019
0.33874007205025986
0.33385935480156764
0.3542523737061019
0.3445487297556926
0.32995061403698284
0.3332732244517962
0.3559484492459381
0.35292592361715086
0.34641907837192026
0.34524478982131396
0.3194531981187429
0.29034176520358224
0.2585541939816805
0.2400560046143218
0.245727764120988
0.28398078305372454
0.31286826554086883
0.3564657569754975
0.3862584304495373
0.39684093506507345
0.3831646226707839
0.36915254931626207
0.35034029289739754
0.3526374306755759
0.35322497870342845
0.35790515785779164
0.3697334881293182
0.38817991637994004
0.3934363398124312
0.38493156704979414
0.37584919880637263
0.3624493331927045
0.34442217961088883
0.3454416660414877
0.371081979234798
0.3958843752912263
0.4198753452802667
0.4436113776258913
0.4482307494918995
0.4450318729200569
0.43581385381256416
0.4234717106775811
0.418658556617804
0.4327502082533545
0.4502598362727427
0.4783937512104889
0.5034196574875142
0.5182290578869261
0.5239539785350926
0.5398637284173564
0.5627640337291149
0.5829083836346857
0.6048831638701095
0.6275731674806835
0.6296613692185186
0.6361528855878026
0.6522138223241415
0.6736918238651531
0.6815955734411657
0.6937257066784389
0.703994426871101
0.7155924105453115
0.7247304353579719
0.7449065836770178
0.774682937042278
0.7994331482340099
0.8097157627340139
0.8177848620636529
0.8138188384275958
0.7957440065913297
0.7716667904545621
0.7523467232015
0.7431926058389898
0.7430062397117696
0.751117611111262
0.757264082131689
0.778309245958383
0.7922290656744215
0.806702728334896
0.8245667523341251
0.8625743989858752
0.8905954773050148
0.9085320773127361
0.9234945289689409
0.9332250748352231
0.928752154822071
0.9066925076171497
0.8868447543282554
0.8721436888052424
0.8539444384510367
0.8382067105728389
0.8551973502694018
0.8823347403526474
0.8926048119132108
0.9000872105073432
0.9073347799944016
0.9071324317404227
