0.05037153555692753
0.0639596490242906
0.07176120203096019
0.07247430003548053
0.07254953510893358
0.07859124081911309
0.08696196361241759
0.09224477608110285
0.09942155040004187
0.09994165398519254
0.08249038155122121
0.07546407737918828
0.08688345718915887
0.09458360625040658
0.10618943835807847
0.13021887548787475
0.1406601989576603
0.14345043995297768
0.14071907863061858
0.13488345158314546
0.12001307032462709
0.10785115267365704
0.10992829566445408
0.10080849310112937
0.09307236208173413
0.10306554607531167
0.10464875435292684
0.10191412206605739
0.12526317199232287
0.1480266967314586
0.157797446661835
0.17544825563684438
0.17134303585673455
0.15470299421554737
0.13976719116240233
0.11528307243472967
0.09958837614009039
0.10124027736949026
0.11300312174573661
0.11640832776466283
0.14665283827370787
0.17237342936291422
0.19590566042972296
0.21649390938979787
0.23900556003660564
0.25409837555097287
0.25776199797654303
0.26009101505966803
0.27090197196769816
0.2718832992723935
0.27325715753749663
0.2765707730824751
0.28133675312316764
0.26332612418138773
0.25432408077133195
0.23608774660919288
0.21867572729052703
0.20928769523437965
0.21376581922459675
0.23199234030055707
0.26275695439475283
0.2976038905542476
0.32306933658661563
0.34738335860972935
0.35400404738537017
0.35816160452412227
0.3505236062929909
0.34212344366320724
0.3337232810334235
0.3237170126038616
0.3115747215105443
0.3029063293879379
0.291424798747851
0.2884808166411172
0.30552974483585443
0.32249689564282263
0.3431047711605503
0.35337599811842463
0.35611390156245204
0.3381098147423406
0.3151827354203143
0.29692677450787475
0.2828054732120242
0.2947907518441194
0.3198211428362639
0.34477629875495525
0.37082727016710065
0.4090990387105268
0.41338743943853223
0.4144668995314914
0.41351501187062756
0.4100901792940485
0.4002899897198406
0.4131650053753311
0.4259680569218788
0.45427608150085413
0.5008138981203002
0.5485980003801063
0.5868828533595168
0.625988750410538
0.6335645980042007
0.6057963035680288
0.5834678340617643
0.5498083042549665
0.4875856046197076
0.43234668507666557
0.39806564773929554
0.36288506048499897
0.3254637754643673
0.31602013489241954
0.3258563064247749
0.3419010094073584
0.3341223541154996
0.3502422921715362
0.3807517610162459
0.4033778998518122
0.39086924667005607
0.3952067137921934
0.3745922961527974
0.3393168472673951
0.2981796026551985
0.2705192542861168
0.2371214116578259
0.21967995269532856
0.23194327409907284
0.2461757924265239
0.2631756540344816
0.2944963536719756
0.3371154028090131
0.342787475080948
0.3514918491617019
0.3740689216031364
0.37866480493927007
0.3713931687965776
0.3995572653503152
0.42692975766892133
0.46131546991622374
0.4985503026391542
0.5289845366030586
0.5218044911269614
0.5162469070437852
0.5027307576853647
0.4849883582364076
0.44667733638502827
0.4062597317063727
0.36139671383848965
0.3197393654484948
0.31610191189489334
0.3113588293763639
0.3120294031084207
0.33571537567194115
0.3496404115839117
0.33034751485097646
0.32580069790897476
0.3447795699121133
0.3357546287872467
0.3221567020410573
0.3252544254518552
0.3463562356827647
0.34354636812979455
0.3374948491407887
0.33640230461184506
0.3123565122742017
0.2850396284713958
0.2548997928722829
0.2371835621026469
0.24262992934687028
0.27903717587652177
0.30619704741075326
0.3468370863452575
0.37452033242915
0.3843597751186634
0.3716450430815532
0.35862609940082507
0.34114211616586415
0.3432781388296195
0.34382441109409134
0.3481749626522131
0.35916582954362847
0.37630634821231357
0.38119335875608074
0.3732871310321267
0.36484771528703747
0.3523979417782395
0.33563686963397776
0.33658548613768363
0.36041865749830465
0.38347003828791587
0.40581486319467514
0.42800594679737025
0.43233687160519163
0.4293372809826575
0.4207048710108463
0.4091710030121172
0.4046797945859156
0.41783939513472346
0.43424064711956706
0.460733215886252
0.48447152561576723
0.49860918250476016
0.5040948026716415
0.5194067812846995
0.5416534734031949
0.5614861002789334
0.5835136292987382
0.606879034818146
0.6090706659977017
0.615936686744002
0.6333192662261887
0.6576431015281289
0.666942814074839
0.6815449658405346
0.6941026856090703
0.708246884427084
0.7191428896873936
0.7417199623214756
0.7708163197857767
0.7921667329518562
0.8005832509821347
0.8070730961685221
0.8038935953699551
0.7890951780277318
0.7680686028702751
0.7494397377477284
0.7398946932303588
0.7396951564966732
0.7481869097930522
0.7543660012141535
0.7740710554651492
0.7861381114850134
0.798136474553093
0.8124736677904764
0.8425088286723046
0.8651251542290446
0.8800380595673788
0.8927789604764579
0.901215105064389
0.8973225062613016
0.8784908334405588
0.8620535994975678
0.850153369217752
0.835665705640815
0.8232519140901647
0.8366568464169843
0.8583801639858187
0.8667770554584444
0.87296923131553
0.8790305635833622
0.8788604666861558
