0.050852787022569006
0.06457072181559093
0.07244681114078301
0.07316672210933209
0.0732426759813877
0.07934210436561022
0.08779280134608643
0.09312608599544188
0.10037142747480951
0.10089650014835251
0.08327849762876235
0.07618506389350593
0.08771354486963123
0.09548726143245324
0.10720397607825012
0.1314629913161862
0.1420040715666121
0.14482097062493357
0.14206351377808732
0.1361721329395399
0.12115967952268475
0.10888156647227278
0.11097855456204517
0.10177162107643596
0.09396157878254184
0.1040502380160572
0.10564857232260108
0.10288781326033168
0.12645994085087944
0.14944094912556266
0.15930504915282256
0.17712449459275328
0.17298005339494962
0.15618103219636725
0.14110253194270236
0.11638449106252127
0.10053984707398933
0.10220753062725435
0.11408275764249695
0.11752049712242055
0.14805396477460525
0.1740202913178133
0.19777735016812126
0.2185623000005734
0.24128902776877528
0.2565260405863741
0.26022466539260175
0.2625759339888555
0.27349017916871315
0.2744808821098357
0.2758678662663049
0.2792131402135925
0.2840246545993163
0.26584195145968786
0.2567539022025409
0.23834333744674566
0.22076496306813895
0.2112872374154681
0.21580814556363848
0.23420880347867606
0.26526734380440375
0.300447208847532
0.3261559526688356
0.35070227173441376
0.35738621480916627
0.36158349339862245
0.35387252145718706
0.3453921033709732
0.33691168528475934
0.3268098166060867
0.31455151762616645
0.30580030737289093
0.294209081775379
0.2912369727575232
0.30844878702652084
0.32557804260364015
0.346382806506584
0.3567521651368951
0.3595162266090759
0.341340128094782
0.31819400263083025
0.29976362361005504
0.2855074068928211
0.2976071933088074
0.3228767255583578
0.3480703039358525
0.3743701672675088
0.4130075856665642
0.41733695792963993
0.4184267312232211
0.417465749193348
0.4140081956429326
0.4041143747044233
0.41711239872338446
0.43003777108571306
0.45861625155147884
0.5055986921477055
0.5538393254422049
0.5924899532864175
0.6319694694868838
0.6396176970014209
0.6115841032796898
0.589042306771248
0.5550611926038939
0.4922440150543812
0.43647734088371826
0.4018687812804511
0.3663520774279396
0.3285732681018991
0.3190394026476643
0.3289695493172457
0.3451675439702295
0.33731457112544055
0.35358851965047994
0.38438947705981497
0.40723178684105593
0.3946036255361035
0.3989825329754085
0.3781711644471301
0.34255869265207134
0.30102842132263885
0.2731038049886123
0.23938687816849719
0.22177878287864108
0.23415926849693494
0.24852776481729658
0.26569004371557664
0.2973099824459195
0.340336215514014
0.34606247896880465
0.3548500149531524
0.377642789558164
0.38228258212928484
0.3749414725128816
0.40337464985987076
0.43100865995634374
0.4657228945374043
0.5033134701937733
0.5340384739255409
0.5267898300362618
0.5211791485945102
0.5075338654581207
0.48962195448555407
0.45094490775102697
0.41014115182098976
0.3648495110639431
0.32279416686647944
0.3191219609505662
0.3143335628507573
0.31501054326841155
0.33892281246723027
0.35298088867403504
0.33350366691057337
0.32891340951568193
0.34807360634576384
0.3389624406082138
0.32523459877994604
0.3283619179518244
0.34966533563799673
0.3468286225091835
0.34071928708971516
0.33961630435097667
0.31534077764694846
0.28776290735203924
0.25733511467764775
0.23944962240090734
0.2449480244340194
0.2817031071088002
0.3091224650342637
0.3501507803650445
0.3780985131794741
0.38803196225896686
0.3751957532138512
0.3620524260761134
0.3444014002353624
0.34655783053661005
0.3471093219059793
0.35150143879044154
0.3625973128201481
0.37990159262178175
0.38483529384036735
0.3768535297318703
0.36833348350467293
0.3557647644111957
0.3388435563797515
0.3398012359997133
0.3638621103382437
0.38713372485048037
0.40969203301950247
0.4320951310345019
0.43646743365398427
0.4334391848345645
0.42472430050684934
0.41308023751768497
0.40854611992435724
0.42183144777096043
0.43838939790821874
0.46513507763145107
0.48910018402743416
0.5033729125997367
0.5089109425793441
0.5243692123877753
0.5468284502043387
0.566850558711835
0.589088539537566
0.6126771789831824
0.6148897490859939
0.6218213680418933
0.6393700213147623
0.6639262474155863
0.6733148097510444
0.6880564710008379
0.7007341676765078
0.7150135006796566
0.7260136067668159
0.7488063815663156
0.7781807266781979
0.7997351224609404
0.8082320522077346
0.8147839016088675
0.8115740237451108
0.7966342217904
0.7754067579762831
0.7565999120051411
0.7469636737885363
0.7467622306737075
0.7553351144870456
0.7615732411702221
0.7814665582195222
0.7936489033273868
0.8057618991885303
0.8202360704866852
0.8505581883777716
0.8733905911237668
0.8884459748970286
0.9013086028324587
0.9098253466497447
0.9058955578174388
0.886883966516045
0.8702896906477147
0.8582757651390298
0.8436496859022755
0.8311172925398705
0.8446502960731321
0.8665811590007293
0.8750582746770318
0.8813096108053654
0.8874288532600797
0.8872571312509886
