0.04937804395859509
0.062698155340698
0.07034583617967653
0.07104486955685435
0.07111862074833818
0.07704116424127941
0.08524678897523014
0.09042540708602705
0.09746063191853169
0.0979704773581564
0.08086340115230613
0.07397567870276911
0.08516983095566927
0.09271810786702767
0.10409503496787087
0.12765053292473624
0.1378859193106507
0.14062112761825027
0.13794363768368534
0.13222310830751735
0.11764601965326436
0.1057239748366691
0.10776014976709085
0.0988202195686829
0.09123667038119711
0.10103275606858962
0.10258473829552298
0.099904041910577
0.12279257212716294
0.14510712563032743
0.15468516438249752
0.17198784161551098
0.16796359021001497
0.1516517446697336
0.1370105245528359
0.11300931280783853
0.09762416730879651
0.09924348763760366
0.11077433021102458
0.11411237441856287
0.14376036415939636
0.16897366098272926
0.19204175940802917
0.21222394069238087
0.23429158788495758
0.24908672366328102
0.25267808745986514
0.2549611687008747
0.2655588981434462
0.2665208704608129
0.26786763174289596
0.2711158919405013
0.27578787125090254
0.2581324708789191
0.24930797723773243
0.2314313232912976
0.2143627260008037
0.20515985667335884
0.20954965739704495
0.2274166918034887
0.2575745269839469
0.29173416747299385
0.31669735153535794
0.34053182143970945
0.34702192855646197
0.35109748505653454
0.3436101331574399
0.3353756492369718
0.32714116531650367
0.31733225326104303
0.30542944790212595
0.2969320248526209
0.28567694758745704
0.28279103044650883
0.2995036979588037
0.3161362010011567
0.3363376217431866
0.3464062664773031
0.34909016950147814
0.33144118221910485
0.3089662999649045
0.2910704063719434
0.2772276233709956
0.288976513068487
0.31351322280039734
0.33797618134082386
0.36351334230545734
0.40103026627087285
0.40523408569623487
0.4062922553019926
0.4053591419822952
0.4020018583170787
0.39239496056723927
0.40501603876101244
0.41756657221368276
0.445316269867071
0.4909362083772841
0.5377778516946717
0.5753076020281553
0.6136422027560471
0.6210686298317261
0.5938480170756407
0.571959938091778
0.538964284414567
0.4779688201341511
0.42381939293753457
0.39021448989307894
0.35572777900119834
0.3190445642390122
0.30978718317776166
0.31942935320372845
0.33515760211290135
0.3275323673708301
0.34333436747148677
0.3732420897021282
0.39542196700154514
0.3831600254140481
0.3874119434836056
0.3672041096519656
0.332624408110923
0.29229852464642414
0.2651837289075689
0.23244460108093695
0.21534714479277378
0.2273685933481412
0.24132039981670014
0.2579849684959515
0.2886879213921618
0.3304663833448219
0.33602658378110606
0.34455927910673845
0.3666910577619599
0.37119629523171527
0.3640680795612006
0.3916766879212313
0.4185093050733712
0.4522168184958281
0.48871725841007124
0.5185512296380769
0.511512798166343
0.5060648278368992
0.4928152611958991
0.4754227999529527
0.43786739688333276
0.3982469596967737
0.35426878742342705
0.3134330583304554
0.3098673472700076
0.3052178138676656
0.30587516169025797
0.3290939693266025
0.3427443579396162
0.3238319802954827
0.3193748414699229
0.3379793879800529
0.329132448241959
0.315802717131017
0.31883934329416186
0.33952495673968014
0.33677050897440236
0.33083834575262205
0.32976734977879607
0.3061958191923295
0.27941771377399516
0.24987233441116274
0.23250552571550462
0.23784447276618526
0.27353364919641027
0.30015783914216704
0.3399963234527964
0.3671335652885589
0.37677894195375466
0.3643149860606364
0.3515528185735057
0.334413676730757
0.33650757003421344
0.33704306802112644
0.3413078124587521
0.3520819034708086
0.36888435499303646
0.373674977688736
0.36592468666060435
0.3576517238247799
0.34544750061031737
0.3290170116847377
0.32994691836520607
0.3533100215564413
0.375906753646321
0.39781086544863287
0.41956426822874804
0.42380977301984757
0.4208693441450937
0.41240719356056404
0.4011008112008237
0.3966981841090694
0.40959823425032865
0.4256759998480904
0.4516460484216357
0.474916160963709
0.48877497697195393
0.49415240274914307
0.509162379012308
0.5309702935262287
0.550411756067665
0.5720048300967445
0.5949093933206276
0.5970577983578896
0.6037883986956198
0.6208281367995964
0.644672226432787
0.65378851820068
0.668102667725896
0.6804127081464366
0.6942779370554436
0.7049590374183381
0.7270908162624075
0.7556132982956094
0.7765426114124865
0.7847931281514038
0.7911549723428668
0.78803818170978
0.7735316376077819
0.7529197753537472
0.734658332442596
0.7253015474537254
0.7251059462377143
0.7334302143569633
0.7394874338648041
0.758803839931332
0.7706328940987653
0.7823946101643248
0.796449027010885
0.8258917961845642
0.8480620537551421
0.8626808277751324
0.8751704364043871
0.8834401926009825
0.8796243685907179
0.8611641180131745
0.8450510801392854
0.8333855613621169
0.8191836419437413
0.8070146910054062
0.8201552341787951
0.8414500968027101
0.8496813740839492
0.8557514199598579
0.8616932029104774
0.8615264608809836
