0.8600968170034516
0.8532435851527838
0.86109719380277
0.8693535514916745
0.8677068272515858
0.8725820408443595
0.8719811652327926
0.8526134779242809
0.8274676392018449
0.8160250157557187
0.8137611756917954
0.8161484388822283
0.8200427633565457
0.8407258816524863
0.8547831266699166
0.8435483739237997
0.8361234980785005
0.8349184986216265
0.8270681378228073
0.8261716960865642
0.8460752996878642
0.8749433202690238
0.8984619224322327
0.9194373586191096
0.9367588204997814
0.7565220750779684
0.565264943312382
0.37825616557094716
0.19128636357380868
