0.0477955180920768
0.060688730814023026
0.06809130974583187
0.06876793967580407
0.06883932720200565
0.07457205802676953
0.08251469920869241
0.08752734685050864
0.09433709848922808
0.09483060380009417
0.0782717953753443
0.07160481878902802
0.08244020763062714
0.08974656844928076
0.10075887435464538
0.12355943789477453
0.13346678853016186
0.13611433565173467
0.1335226570766141
0.12798546598163757
0.11387556107960507
0.10233560803480767
0.10430652522640828
0.09565311246874204
0.08831260982152168
0.09779473898597198
0.09929698145366014
0.09670219919226707
0.11885717076192268
0.1404565611017149
0.14972763155662855
0.16647577215582512
0.16258049471187183
0.1467914304611813
0.13261944945735593
0.10938745689094916
0.09449539270417616
0.09606281514272534
0.10722410365583372
0.11045516628049604
0.13915296223288218
0.1635581935436041
0.1858869783079571
0.20542233721206163
0.22678273438629545
0.2411036981806602
0.24457996170901708
0.24678987206617606
0.2570479529600263
0.2579790948525106
0.2592826935385477
0.26242684965725915
0.2669490958572774
0.2498595366068222
0.24131786075926487
0.22401413893020494
0.2074925762030899
0.19858465130011602
0.20283376250600915
0.22012817309345595
0.24931947435670818
0.28238432634602817
0.30654746080491924
0.32961805547010536
0.335900159969392
0.33984509822166137
0.3325977098185281
0.3246271343633791
0.31665655890823
0.3071620144503029
0.2956406842543229
0.2874155966538662
0.27652123539674667
0.2737278095364982
0.2899048497432865
0.3060042946857371
0.325558276438659
0.33530422935562126
0.33790211548608245
0.3208187637909679
0.29906418310529564
0.2817418382446227
0.2683427051011291
0.2797150525065698
0.30346538078800067
0.3271443215432299
0.35186303741478
0.3881775746947841
0.3922466651506392
0.3932709212872106
0.39236771348515687
0.3891180280116771
0.3798190234663329
0.3920356064411026
0.40418390557594314
0.4310442481475186
0.47520210499281357
0.5205425120068323
0.5568694645803133
0.5939754727522623
0.6011638889226708
0.5748156745107788
0.5536290905312422
0.521690920529785
0.4626503109221259
0.4102363285168756
0.37770843509139723
0.34432699503777225
0.30881944726387106
0.29985875768351294
0.3091919040574239
0.32441607547104684
0.3170352232571235
0.332330782196948
0.3612799864255738
0.382749016823644
0.3708800604210648
0.3749957079989634
0.3554355186907009
0.3219640682620569
0.28293059633427836
0.25668480759088214
0.22499494199659653
0.20844544517905095
0.22008161615420802
0.23358627865246984
0.24971676155441902
0.2794357099571041
0.3198752064222112
0.3252572069885121
0.3335164364175356
0.35493890969356234
0.35929975799235997
0.3523999957958259
0.3791237708703389
0.40509642461960993
0.4377236398445161
0.47305427055465177
0.5019320874398716
0.4951192319320839
0.48984586458961943
0.4770209357076023
0.46018588860245485
0.4238341054420202
0.3854834708167589
0.3429147629451031
0.3033877855236629
0.2999363525822596
0.2954358329173313
0.29607211328060057
0.31854677714922036
0.33175968198733535
0.31345343055679387
0.3091391393800398
0.3271474254122981
0.3185840228468552
0.3056814987005003
0.30862080348222004
0.3286434599590544
0.32597728998866415
0.32023524773949164
0.31919857630944337
0.29638249397236055
0.2704626049004736
0.24186413074751514
0.22505391404652572
0.23022175221701746
0.2647671197733445
0.2905380262374877
0.32909971975508123
0.35536723521636304
0.364703485459342
0.35263898914417996
0.34028583867234774
0.32369599228809914
0.32572277802615207
0.3262411137411762
0.3303691766125516
0.3407979668320312
0.35706191354477046
0.36169900070676125
0.35419710015832034
0.3461892790055365
0.3343761911494095
0.3184722859367463
0.31937238986973193
0.3419867247388913
0.36385925007280867
0.38506135303209443
0.40611757706990886
0.4102270169096714
0.4073808263720387
0.3991898807829443
0.38824585871750883
0.38398433221813877
0.3964709463179655
0.41203343269657444
0.4371711624837208
0.4596954869778612
0.47311013928389967
0.47831522296923074
0.49284414178685965
0.5139531305020583
0.5327715100922832
0.5536725437842177
0.5758430345164182
0.5779225849318552
0.5844374750413597
0.6009311034952486
0.6240110095848435
0.6328351316681391
0.6466905244248637
0.6586060381322821
0.6720268978108656
0.6823656776553262
0.7037881511141484
0.7313965109591021
0.7516550567324268
0.7596411511673252
0.765799103463026
0.7627822034169685
0.7487405821720695
0.7287893132214366
0.7111131345988239
0.7020562269053106
0.7018668945480683
0.7099243766919637
0.715787467275654
0.7344847983485657
0.7459347410183441
0.7573195037172615
0.7709234880149513
0.7994226405512774
0.820882359524939
0.8350326138108788
0.8471219407129946
0.8551266579967103
0.8514331280206806
0.833564513354553
0.8179678851473773
0.806676236692547
0.7929294771596587
0.7811505311320985
0.7938699306593472
0.8144823103774073
0.8224497819634882
0.8283252878406552
0.8340766415142364
0.8339152434302203
