0.8664011443397495
0.8595330100571725
0.8672721759434483
0.8753975861100152
0.8737051470899516
0.8784728344784838
0.877817414284958
0.8585502047619565
0.833457693839539
0.8219829582412996
0.8196678317121391
0.8219964605741458
0.8258284916028389
0.8463861048252161
0.8603006805221499
0.8490821441605965
0.8416386587489466
0.840384159884262
0.8325095180559272
0.8315624899784234
0.8513180262455041
0.8798693688188234
0.902998241058607
0.9235311413560725
0.9404171777056242
0.761886884762276
0.5724122357859159
0.38381963002676567
0.19414500882973734
