219.2
223.05
239.5
243.7
242.75
243.7
244.95
245.3
246.8
246.85
247.0
246.9
247.05
246.9
246.85
247.0
246.75
247.0
246.85
246.85
246.6
247.0
246.9
247.05
246.9
247.0
247.2
247.25
247.0
247.2
247.15
247.25
247.2
247.15
247.15
247.15
247.15
247.05
247.1
247.2
247.1
247.1
247.1
247.1
247.15
247.15
247.15
247.4
247.25
247.25
247.3
247.3
247.25
247.35
247.5
247.4
247.3
247.3
247.1
247.3
247.3
247.65
247.5
247.45
247.5
247.4
247.5
247.5
247.6
247.55
247.7
247.75
247.8
247.75
247.55
247.65
247.8
247.75
247.7
247.75
247.85
247.7
247.7
247.8
247.75
247.8
247.75
247.85
247.8
247.8
247.8
247.8
247.75
247.75
247.7
247.75
247.75
247.75
247.8
247.75
248.25
