0.4496276603564525	0.6898323116669197	687
0.3781083328020511	0.7256323586453766	687
0.4356541491860533	0.6965465885825997	688
0.4358695544172102	0.696442094564697	688
0.4650671856474113	0.6825625539883355	688
0.4655115768706006	0.6823555786132807	688
0.4655115768706006	0.6823555786132807	688
0.4655115768706006	0.6823555786132807	688
0.4652701973679529	0.6824679856290586	688
0.456735959141348	0.6864662011840743	687
0.4655115768706006	0.6823555786132807	688
0.4655115768706006	0.6823555786132807	688
0.4590512710023459	0.685376874599489	688
0.4655115768706006	0.6823555786132807	688
0.4655115768706006	0.6823555786132807	688
0.4655115768706006	0.6823555786132807	688
0.4627257681294146	0.683655146978668	688
0.4648196388125188	0.6826779034794122	688
0.4655115768706006	0.6823555786132807	688
0.4832357316497612	0.6742016650905033	688
0.4655115768706006	0.6823555786132807	688
0.4654859994972808	0.6823674878798154	688
0.4655115768706006	0.6823555786132807	688
0.4655115768706006	0.6823555786132807	688
0.4636103560304405	0.6832419543082283	688
0.4622754261896889	0.6838656945810414	688
0.4624725689858442	0.683773508786871	688
0.45969651502407044	0.685073910711851	688
0.45619215220733883	0.6867225582037169	689
0.45410991788239424	0.6877059207850601	689
0.4594394470235406	0.6851945807271784	688
0.4528356131525218	0.6883091183524133	689
0.4603521597376455	0.6847663375795956	688
0.45473442286473137	0.6874106945450242	689
0.4544244999004057	0.6875571747233884	689
0.46114360516468855	0.6843954259289168	688
0.36161096455228775	0.7344241681608452	688
0.4482155066932365	0.6905049665455776	689
0.4509807614018266	0.6891890138046189	689
0.2348649677808106	0.8098051415266165	689
0.2348649677808106	0.8098051415266165	689
0.2348649677808106	0.8098051415266165	689
0.44779412323163054	0.6907059394383324	689
0.4604881718025076	0.6847025667902661	688
0.44700164968514045	0.6910842155692044	689
0.4358695544172102	0.696442094564697	688
0.46079217521104815	0.6845600743004561	688
0.4570217132816262	0.6863315699995413	689
0.4553127496830714	0.6871375243690908	689
0.45464702155897463	0.687451997068182	689
0.44645887485165786	0.6913435406883278	689
0.45364420526752647	0.6879262452093369	689
0.4464418679101299	0.6913516693517971	689
0.4464859823007893	0.69133058476612	689
0.44499336190782923	0.6920447016308067	689
0.4579182855272438	0.6859094984451467	688
0.45679095424600835	0.6864402864977771	689
0.4627453727085889	0.683645984227784	688
0.4616125863711196	0.6841758269766903	688
0.4358695544172102	0.696442094564697	688
0.44408030618790595	0.692482264119928	689
0.44418867890425745	0.6924302998682452	689
0.4585563850978717	0.6856094219030814	689
0.45566964229931184	0.6869690559874863	689
0.44438409096164694	0.692336620333596	689
0.46215069135856285	0.6839240345814467	688
0.45914939024790563	0.6853307870211306	688
0.4595550065400134	0.6851403307988895	688
0.45855443221916453	0.6856103398750212	688
0.4542479181123808	0.687640661227835	688
0.4494360846134913	0.6899234886005073	689
0.4484676350801406	0.6903847733847861	689
0.4490154482446698	0.690123767287226	689
0.461933728021188	0.6840255346961301	688
0.45983415119473187	0.6850093205324711	688
0.4535999747788183	0.6879471775941393	689
0.4585816241699336	0.685597558223107	688
0.44833223145235	0.6904493170032031	689
0.4591316060556319	0.685339139971911	688
0.44931724533687195	0.6899800600713649	689
0.4509923380669559	0.6891835151467596	689
0.25775450598150157	0.7950677141241007	689
0.4596484659895757	0.6850964621279859	688
0.4544780272631099	0.6875318714038596	689
0.4610090290303475	0.6844584668061133	688
0.4600682197147133	0.6848995043501411	688
0.3834318871892672	0.7228400684270118	687
0.4441957118465497	0.6924269278721228	689
0.24651609646803854	0.8022359300721958	689
0.4530091748821528	0.6882268999306943	689
0.4485455381590894	0.6903476443487363	689
0.46221838743021953	0.6838923710687658	688
0.4557389070414339	0.6869363696765834	689
0.45982643346319446	0.6850129420027468	688
0.2348649677808106	0.8098051415266165	689
0.2348649677808106	0.8098051415266165	689
0.45493913603544023	0.6873139743322166	689
0.4436136821634275	0.6927060974521803	689
0.45267040436887246	0.6883873981272856	689
0.45589713437458546	0.686861713227819	688
0.2348649677808106	0.8098051415266165	689
