0.2348649677808106	0.8098051415266165	689
0.2348649677808106	0.8098051415266165	689
0.4358695544172102	0.696442094564697	688
0.4358695544172102	0.696442094564697	688
0.4358695544172102	0.696442094564697	688
0.4568674905667781	0.6864042244576142	688
0.46305619507664947	0.6835007454704158	688
0.4560177764099608	0.6868048015633821	689
0.2348649677808106	0.8098051415266165	689
0.2348649677808106	0.8098051415266165	689
0.2348649677808106	0.8098051415266165	689
0.2348649677808106	0.8098051415266165	689
0.4358695544172102	0.696442094564697	688
0.46402045793227525	0.6830505643427691	688
0.4624703088920294	0.6837745654868044	689
0.46383890680652856	0.683135278991575	688
0.43986415887935654	0.6945099604245292	687
0.46166911151970186	0.6841493687721819	688
0.46168127962459604	0.6841436734120522	688
0.45999134483475784	0.6849355672811747	688
0.4552413507713519	0.6871712375888365	689
0.4598418311080083	0.6850057168460558	688
0.46246550226689886	0.6837768128205056	688
0.4567262889717722	0.6864707581448594	688
0.4493739036680063	0.6899530876533984	689
0.4621101248604644	0.683943010171983	688
0.4619422614772144	0.6840215419927416	689
0.4515910987498472	0.6888992367487161	689
0.4490836085685649	0.6900913060412166	689
0.4358695544172102	0.696442094564697	688
0.44197288691625564	0.6934943153740978	688
0.44829053617052794	0.6904691945610115	688
0.2348649677808106	0.8098051415266165	689
0.4628889603952413	0.6835788819746247	688
0.4624112704572797	0.6838021698829709	688
0.4622798953468142	0.6838636044864902	688
0.4610785938579683	0.6844258783913237	688
0.27308943208988384	0.7854907713422894	689
0.2348649677808106	0.8098051415266165	689
0.2348649677808106	0.8098051415266165	689
0.2348649677808106	0.8098051415266165	689
0.45944293097488415	0.6851929450451456	689
0.46358516602336386	0.6832537136988422	688
0.4637028835992164	0.6831987633590089	688
0.4603888210747446	0.6847491473291815	688
0.46451204736465446	0.6828212863113485	688
0.450474038384986	0.6894297819445556	689
0.4568058146021928	0.6864332843654033	689
0.45064009325318655	0.6893508628714468	689
0.4479776414137342	0.6906183986540353	689
0.4598615369288695	0.6849964703527388	688
0.45959251354240516	0.6851227248165432	688
0.45574342274440793	0.6869342388061573	689
0.4630470403225832	0.683505022353562	688
0.4547856958215632	0.687386467211082	689
0.46238953631280366	0.68381233260281	688
0.4358959087821807	0.6964293120997364	688
0.4358695544172102	0.696442094564697	688
0.44248809867032846	0.6932466208364495	689
0.45441221280741745	0.687562983309748	687
0.4358695544172102	0.696442094564697	688
0.4358695544172102	0.696442094564697	688
0.4358695544172102	0.696442094564697	688
0.44494871240296874	0.6920660860944932	689
0.4443384627967961	0.692358491972591	689
0.45601057936987305	0.686808196429985	689
0.4550086671119883	0.6872811293865871	689
0.4484676350801406	0.6903847733847861	689
0.45445143154882506	0.68754444342986	689
0.44764231640019353	0.6907783702307546	689
0.4616871776145654	0.6841409128538525	688
0.454435865844817	0.6875518016871405	689
0.4597622792436071	0.685043047226951	688
0.45834528972006017	0.6857086638185372	688
0.45037122861864404	0.6894786522705745	689
0.4607835118690372	0.6845641341614845	688
0.4456521018711847	0.6917293577795423	689
0.44911399271304725	0.6900768366246943	689
0.4583130489419086	0.685723823650593	689
0.4584240188623026	0.6856716476598396	688
0.4601354473145382	0.6848679701867294	688
0.4520276507808794	0.6886921192321748	689
0.4446290431830173	0.6922192272949561	689
0.2348649677808106	0.8098051415266165	689
0.2348649677808106	0.8098051415266165	689
0.45016739485760116	0.6895755645493565	688
0.4497946338282424	0.6897528633827668	689
0.45086915302157704	0.689242029798071	689
0.4556716322124521	0.6869681168960584	689
0.45599742368511803	0.6868144020948938	689
0.4499073859469988	0.6896992247176227	689
0.44610999624186104	0.6915103295038357	689
0.44994422634924963	0.6896817007353833	689
0.4618581647656093	0.6840608918857306	688
0.4610333504650654	0.6844470728075354	688
0.4597357377761741	0.6850555029388019	688
0.4597682502285212	0.6850402451508681	688
0.45183973368036345	0.6887812592544458	689
0.4627147147571861	0.6836603131910122	688
0.46191336704083136	0.6840350615468925	688
0.2348649677808106	0.8098051415266165	689
