687.25
688.3
689.15
689.65
688.65
688.7
689.35
689.75
688.65
688.95
687.35
688.45
690.0
689.55
689.65
688.85
689.8
689.85
689.65
689.55
688.4
689.7
687.95
688.85
689.15
689.55
689.0
687.85
688.75
689.05
689.7
689.55
688.45
688.95
688.9
688.95
689.0
688.65
689.1
688.6
688.95
688.65
688.65
689.0
688.75
688.6
688.8
689.25
688.4
689.1
688.7
689.4
689.4
689.3
688.9
689.35
687.7
689.35
688.35
689.7
689.25
689.15
688.4
689.85
689.7
688.25
689.0
688.65
689.0
689.25
689.05
689.75
688.65
688.9
689.4
689.45
689.5
689.6
688.9
689.75
689.2
688.9
689.25
688.8
688.15
689.25
688.6
689.85
689.1
687.55
689.0
688.55
689.1
689.35
689.6
688.75
688.7
688.7
689.9
688.6
691.0
