2.037546959538685
2.0172605048579344
2.012137153905526
2.005823554085395
2.006392060062482
2.0073677004810513
2.00282756422764
2.009766004401341
1.9936380490278018
1.9985531008541486
1.9987032746230806
2.0029396237116934
1.994614460561052
1.995180325954624
1.9981133589524078
2.0000451642670574
2.0040690809760084
2.0071314634482684
2.0011827611026938
2.0055305207334255
1.9993077520704823
2.003266055772294
2.0123068385712037
2.004669227466199
1.9986165304559016
1.997033740838722
2.0023787834262796
1.997977952790734
2.0036936934374894
2.001314013270811
2.0060744545280285
2.000688168817928
1.9964376732044884
1.9984961176054228
1.9952528945163128
2.003746586200209
1.9969917596910176
1.9993488786098303
1.9951886548025661
1.996571231004093
2.0034947311260156
2.001550492941861
2.0027253045591893
1.996677070457211
1.9903171724984638
1.9936331489637134
1.9940935811958003
1.9953381786988964
1.9947643648832893
1.9891389012370506
1.9924268532114229
1.9897408843489715
1.9891218775108037
1.991253194902707
1.984817830297564
1.9866310545764663
1.9905439603488833
1.9871900852530977
1.9887337017997286
1.9853349028795897
1.9806647286340389
1.983139455026084
1.9855766977990918
1.9913526453731802
1.9849739865084903
1.9844292851168823
1.981723982448091
1.98578471408764
1.983930343658533
1.9831420545105292
1.9843990851331097
1.979709888726941
1.9801113078418109
1.982178142351838
1.9825380148891232
1.984645184916623
1.9801367445912994
1.9773952451364984
1.973568057466889
1.9785079726779635
1.9821183538622447
1.9764208638569596
1.9777834961978453
1.9783998434225485
1.9767672138066459
1.9687678401010522
1.9745051487605643
1.9694235639004734
1.9685548901631578
1.9750297940572672
1.9704813780290173
1.9721120141353474
1.9744992040622342
1.9744904881392795
1.9747594794787602
1.9743657366738134
1.9728747169562832
1.9693374065545868
1.9732196563123747
1.9713960840889313
1.9280863356820404
