0.957684432126889
0.9570114427816382
0.9551749435985774
0.9559549684640877
0.9570866211733902
0.9580755024589962
0.9597365973417982
0.9599147260702062
0.9591992846884965
0.9579462215571751
0.9581370217334158
0.9593809513814676
0.9601872209747562
0.9596657908531909
0.958418782609478
0.958020141625486
0.9576446453562487
0.9582245901059632
0.9576931993905549
0.958155183206929
0.9595554986181608
0.959398863072942
0.9593629290218001
0.9601074877942947
0.9602008216683837
0.9602098847502927
0.9591767763028014
0.9573588887239811
0.9570832388528115
0.9585400934617371
0.9581400655625211
0.9573471862883837
0.9565690058393215
0.9557713605882214
0.9545622674583559
0.9550440139175037
0.9578555121179092
0.9597728876136391
0.9601136862187388
