0.5407354350399667
0.5461925170596943
0.5486803048733669
0.54816325390057
0.5498454379892631
0.5524703482548252
0.5526369704009428
0.5562310685857091
0.5576492939122276
0.5552010385347161
0.5491574620681294
0.5451504911751127
0.5354460399056921
0.5331765389181641
0.5403126787561761
0.5474680637229905
0.5561374894554953
0.5673954051136022
0.5729978101223018
0.57245031892682
0.5744320317391031
0.5757494951633169
0.5787853573596857
0.5838390297213734
0.5867822208609456
0.5898110532565968
0.5937041516043192
0.5986163238817535
0.6044269857357181
0.6118141026913593
0.6187852234461383
0.6241263050996081
0.6296448936644039
0.6326095501319478
0.6334040928381984
0.635961727368263
0.6359202463275428
0.6364778532933064
0.6381799247439702
0.6400408220196567
0.6396663394311463
0.6416928792491307
0.642566443684506
0.6424864620090653
0.6431361655698494
0.6428880237069398
0.64431268598037
0.6422958773477574
0.6400239069287633
0.6406285249605737
0.6362179453152794
0.6331720447443343
0.6364933095466194
0.6403743465116201
0.6423523951743783
0.6499153753084929
0.6575873186359119
0.6623220143476739
0.668156096761336
0.6745979422250821
0.6812035704578611
0.6852174347498832
0.688444665553556
0.6926648816986307
0.6950041046788326
0.6950991859726625
0.6952139747151496
0.696337407565087
0.6939928605155135
0.6939513008425763
0.6938651726608901
0.6959355208672293
0.6962225055500226
0.6993341621868503
0.7005334185657919
0.704732578180934
0.704551140967758
0.7061084665625147
0.7058499781429913
0.7066397441022556
0.7068620509950213
0.7117239261563508
0.7166665806418075
0.722315545888377
0.7220482263495969
0.7236055130043308
0.7201651579526375
0.7139488927476589
0.7078425317632459
0.7072217722640816
0.706497369176471
0.7076170448193796
0.710776670879057
0.7139395375788862
0.7187158306818584
0.7209813395829907
0.7214438713610724
0.7238891561846345
0.7287333351920097
0.731489403890536
0.7354283406465233
0.7426799299280864
0.7471155601106629
0.7496455960793733
0.751781534814345
0.7545297996817922
0.7574541044254726
0.7600163134602557
0.7639929191829162
0.7680519877114946
0.7708947147486487
0.7714114373777828
0.7724150382310112
0.771575087169792
0.7727878395892125
0.7714001201461553
0.771684743616018
0.7687395660391894
0.7679273969910947
0.7640638110800698
0.7582817779959582
0.7534124366763848
0.7556940016001635
0.7554289750450827
0.7544743662551531
0.7550702611444889
0.7573910933736462
0.7543393623007911
0.7533262633716189
0.7566992917105698
0.758694980500815
0.7515153730395927
0.7467851926965582
0.7375257469247215
0.727344638124236
0.7235926410737561
0.7285280828422714
0.7305538837915831
0.7362952618556169
0.7393928565062499
0.7407959304840233
0.7427796253853554
0.7483371311132133
0.7539900819016635
0.7601307217483997
0.7680455275816265
0.7734433616521265
0.7776483085686322
0.7800780860192981
0.7829232293764727
0.784307857689628
0.7855580349036686
0.7865192158290716
0.7883286742208362
0.7894432587236624
0.7895529162796322
0.7897868365837075
0.789421229588152
0.7886888791692641
0.7880241602768261
0.789150545930631
0.7906921738882025
0.7920820621130117
0.7920536058078174
0.7916091932706582
0.7896047069362216
0.7859733532195287
0.7829401746192738
0.7818657981557613
0.7797454265970176
0.7735108480217813
0.7678559691088415
0.7610106786158972
0.7533554507660696
0.7456750942576671
0.7430483688195254
0.7417863075538355
0.7406394328051048
0.7365642443211733
0.7352430204922218
0.7330117649436148
0.729346624555745
0.7272721750215201
0.7301227458142006
0.7321910608183702
0.7336774340161264
0.738249761800484
0.7446172279983598
0.7515499123654326
0.7577986760684958
0.7654520785700818
0.7725819595532066
0.7780718652049359
0.7836556406164389
0.7889192540754485
0.7900829752846436
0.7886336693375716
0.7855837924224025
0.7791801958952677
0.7742039930451916
0.7710523762304758
0.7665615553968427
0.7641760689342738
0.7618208185889305
0.7561797775923293
0.7529843047272398
0.7496250100013215
0.7423104222927075
0.7363912061211358
0.7387254002960307
0.7416687098909059
0.7481182238321662
0.7549129534970795
0.7645964614701913
0.7686812048110699
0.7713581275142971
0.7728466391991549
0.7777048035139197
0.7783399037763162
0.7805420560186213
0.7832529427876852
0.7860367168836505
0.7893546665356633
0.7925260981836362
0.7930867939478285
0.7937800247421949
0.7948517495152959
0.7939032845195985
0.7958558996963861
0.7965876929757199
0.7987955837541938
0.8009536024051109
0.8029249300333349
0.8040316264297631
0.8081723995989725
0.8110694091429435
0.8138368370213981
0.816907822463016
0.8180232374926552
0.8198970088884384
0.8213318529082869
0.8226685140355587
0.8241255240520813
0.8268110732740951
0.8278479509698798
0.8270885447328737
0.824934889939111
0.8224162962739882
0.818574944612027
0.8176445764315338
0.8178803876254871
0.818702004383354
0.8180528944336717
0.8168968128025529
0.8131328237204936
0.811108330588494
0.8096940280726659
0.8143551936120716
0.8205478017031083
0.8269550098365444
0.8324665454184362
0.8387968953584211
0.8428043253338728
0.846586920592511
0.8501086186260668
0.8535625973668923
0.8545784911489374
0.8544588414674874
0.8538127646468067
0.8541359807167377
0.8527509991486252
0.8527925828264099
0.8523905636522192
0.850339158995644
0.8483942050662475
0.848632837858224
0.8482878580946887
0.8485553097862298
0.8504917356040189
0.8504853289311382
0.8469514995510357
0.8401206298975461
0.8319882441577423
0.8254316606080584
0.8166125311394313
0.8116401500183181
0.8090346683217162
0.8022001558081402
0.7949242924549252
0.7903404726539083
0.7869174759292359
0.7884032386224936
0.7950093105241717
0.803265752751781
0.8109221784571565
0.8166193134976699
0.8216627694517016
0.8261802843227068
0.8268035955293268
0.8290949851623807
0.8301131132694995
0.8308200672968273
0.8314784614969853
0.833576642035141
0.8354152012235542
0.8382679494338818
0.837759572964615
0.840556779030726
0.8426283210512322
0.8445233686603496
0.8461743025296622
0.8493001711056317
0.8487467214874234
0.8484970220712637
0.8445730644066273
0.8396275233526416
0.837403424546799
0.8372070915901637
0.8356644352183472
0.8385629169173624
0.8416183134164956
0.8419953518552604
0.842400122129051
0.8429968740922742
0.8421447467842951
0.8424038229344252
0.8447019959846959
0.8467743547287637
0.8505502492244198
0.8543157565792181
0.8554962405927458
0.8529304483263601
0.8495356236257123
0.8478488842163551
0.8427783343764896
0.8380335867460683
0.8370877280637314
0.8371714844212108
0.8370105997666395
0.840101430319085
0.8451642971997125
0.8494267170397455
0.8523669861580196
0.8533032644992172
0.8528570768879231
0.8528508598855026
0.8531067073830553
0.8540688297650652
0.854761408003845
0.8564131242212941
0.8573920393126618
0.8557820937644433
0.8550314523421626
0.8549360813808365
0.8558627867540506
0.8578366449246632
0.8615498565552568
0.8626639776744675
0.8614476375740623
0.8602505533955619
0.8580766909359546
0.8539783739435787
0.8529949022692753
0.8541645803775463
0.8556401170871702
0.8576007421644941
0.8606660553671597
0.862604703921903
0.8644871747165374
0.8660662711441993
0.8666019451194558
0.8677902134313324
0.8693437825361253
0.8716138500940751
0.873822379009469
0.8762678972779367
0.87742010745338
0.8763160343017747
0.8744663988813588
0.87267969688738
0.8711517370722616
0.8718507796321684
0.8739224215582638
0.8762012676243877
0.8778922577660798
0.8779960840753697
0.8775744946078454
0.8767597683904937
0.8756305250253936
0.8744199836074276
0.875927762195768
0.8771078114965281
0.879495578305907
0.8814185043453355
0.8822621618444204
0.8825726057197276
0.8819291566544402
0.8806076184034431
0.8809386176504269
0.8825636802423742
0.8841588196897147
0.8848001750288247
0.8863061169553915
0.8862681792151177
0.8868108547374175
0.8862814430586328
0.8873779889861281
0.8859225543907411
0.885208760578971
0.8831125478994176
0.8809401011475722
0.8753405730402886
0.8705217477980234
0.865838602986184
0.8602294679421413
0.855018054895853
0.8526512151324546
0.8531673365271302
0.8531758572089665
0.8547655168120987
0.8572701127589947
0.8613554453360678
0.8626284620711155
0.8657347097816366
0.8698114097930063
0.87345588090148
0.8770170188986618
0.8806431760963332
0.8831529515472567
0.8851005185571459
0.886573296847648
0.8869842014188649
0.8879769631747827
0.8878821519296115
0.887592403344512
0.8870565826250916
0.8875180013040148
0.8876503515168203
0.8871018182613434
0.8870038610689553
0.8867930185744382
0.8853808168341372
0.8845491676104194
0.8857712437093102
0.8866777559935798
0.8888893867592385
0.8918230394124627
0.8932255738295707
0.8924729743681687
0.8929995628306328
0.8898052986048736
0.8881190308919983
0.8870838071861462
0.8869510208641606
0.8827493413640176
0.88122448089732
0.8801266444412448
0.879280568327799
0.8757886812265092
0.8778421547617868
0.8763077768530365
0.871180532549798
0.8635489616927395
0.8588092061799341
0.8484563731795837
0.8416175452736081
0.8395123230654091
0.8405255233376304
0.8443485271912227
0.8483581398563803
0.8552248430107137
0.8602897733723414
0.8651582018971683
0.8696056372083498
0.8752929509229622
0.8808623113792986
0.8869593164498448
0.8924839766211211
0.8961890561998686
0.9010559043855851
0.9043905034341394
0.9060654606635733
0.9082955231258905
0.9103464046374393
0.9114668313702942
0.9123235228946633
0.912850704587826
0.9131446593055554
0.9137727750557629
0.9144031887597943
0.9149683102878932
0.916453165102114
0.9178782754847429
0.918932782784818
0.9201006275733664
0.9209915826500717
0.9207209898001332
0.9212220890473477
0.9220119088574971
0.9225936557607264
0.9236363790621649
0.9242367398773825
0.9236151432685947
0.9205587263455526
0.9180568216989275
0.9122925968106572
0.9063317220254987
0.899541084665728
0.8978602952210336
0.8995935193374927
0.9044816771111098
0.9114571289418479
0.9195574382830516
0.924972193773636
0.9271194728726055
0.9289076967989428
0.92908715533354
0.9275507234058101
0.9260236497635759
0.9216409977126366
0.9161332547720779
0.9127251846455908
0.9134576182966854
0.9126314451572052
0.9138324023835862
0.9158954726303623
0.9145572322967017
0.9094458000206214
0.9074290524014473
0.9062947377292804
0.9057552216452577
0.9092335104200774
0.9123243914475293
0.9137683921492531
0.9126636806880075
0.9094827758543957
0.9059175590562895
0.901229811533822
0.8982209919125104
0.9008685426078706
0.9053303817778634
0.9095397724963896
0.9152625932179485
0.9183545942395307
0.9200229271470268
0.9215623129006075
0.9222681062085029
0.9238269353042294
0.9263283152332488
0.9275738737080875
0.9285206958675988
0.9297951918474492
0.9305278952743168
0.9317318526632723
0.9331649199642249
0.9348233857425502
0.9347676724850422
0.935997223623116
0.9359558078921115
0.9350430677353797
0.9344763846114837
0.9324651267749969
0.9302880029601717
0.9261559975338589
0.9225073127528756
0.9205614174719663
0.9196819179156582
0.9195315412394842
0.9210527628351923
0.924581880610509
0.925084284379774
0.928019584620691
0.9290765310381974
0.9302997135588479
0.9275823329181246
0.9254026028735413
0.9221057706492336
0.9209752468164919
0.9190502851737163
0.9188821318639175
0.9195827552413545
0.9209575267295864
0.9201346731238594
0.9211646447433283
0.9232611400881867
0.9255870641308898
0.9263371770750125
0.9275841014777796
0.9291883397110987
0.93029761174107
0.9285473099682835
0.9289878544071074
0.9283242910473968
0.9277549160849121
0.9273928528907389
0.9293314652116169
0.929354481555543
0.9305633212637583
0.9305428010280672
0.9288965994312948
0.9284695093268363
0.9287166844702514
0.9273229696241088
0.9258215281912615
0.9264719645210389
0.9277617495103856
0.9280283937117738
0.9290959576312765
0.930741775413079
0.9331680635535772
0.9337618279200752
0.9351606248653923
0.9368971487111292
0.9384707481092268
0.9387030118158545
0.9384218682798142
0.9366184273293698
0.9355564484413483
0.934412033067281
0.9324058735678817
0.9309855304559308
0.930764500791478
0.9301143771189739
0.9284437164778933
0.9272066086421298
0.9250746201229256
0.9231106693401461
0.9225031385518828
0.923572421802469
0.9239646974229102
0.9241598005807861
0.9252666557053618
0.9247583306100742
0.9253592642589855
0.926273652488683
0.9288014665981262
0.9306095150737066
0.9308363096567586
0.9291390483541889
0.9286124077451733
0.9245527622962836
0.9203403848452977
0.9186282419299089
0.9172942979138242
0.9150740517409202
0.9166018078781754
0.9157232472461665
0.913938875142206
0.9141986916202485
0.9166944764638946
0.9189995156619076
0.9233385774053502
0.9278104161089129
0.9302853003925146
0.931202839329499
0.9301984818265369
0.9286922425152218
0.9256961482145488
0.9215777626857854
0.9161243900572773
0.9136614403020448
0.9128016357434422
0.9129232801691992
0.9139684835930324
0.9153141679483343
0.9146364074537141
0.9128232732679812
0.9099705310856093
0.907146331171646
0.9072991956385378
0.9059619088738227
0.9047029046794177
0.9045974685926613
0.9055484234352414
0.9049092495313779
0.9058989244009
0.905409209780466
0.9015508256111724
0.8917234964991115
0.8742034486638999
0.852834402514075
0.8394876484175889
0.8351083665208028
0.8375072630010747
0.8459112159474323
0.8507855038933562
0.8515945071200356
0.8481351540002507
0.8413044030822966
0.8408507415277495
0.8433452761808256
0.8430784561591843
0.8438195356532504
0.8472016476329489
0.8485374149737915
0.8545017971458457
0.858628390768382
0.8580518176699727
0.859702475395703
0.8564971784761332
0.850910970216748
0.8450130334050104
0.8441290936370611
0.8376005100697824
0.8339094457134664
0.8339730190730505
0.8349054401587831
0.8369728749566494
0.8468756507781112
0.8559662846303464
0.8633780005545693
0.872217455098191
0.8788940510449902
0.8826633042609459
0.8856985303977452
0.8858270211186844
0.8867625694339879
0.8881053991176334
0.889106364348595
0.8904684457019121
0.8928971680852882
0.8962961675298443
0.9004119581006197
0.9040689731495942
0.9073846101166712
0.9127770513863559
0.9150658815602232
0.915209128213104
0.9169465008437441
0.9197409512717825
