0.9510065775444471
0.9518794463125212
0.9536872284600127
0.9531608431259105
0.9522110300020561
0.951217921753327
0.9485173353950459
0.9442608072960547
0.9428600195621354
0.941408877491738
0.9417515987801651
0.9435917624663949
0.9474408260737857
0.9496573725455543
0.9519890480734863
0.9526432016593406
0.9532247391128019
0.9526525990585293
0.9534370415725999
0.9530104814966264
0.9508656657720963
0.9513329917617168
0.9515391895786837
0.9495216867108033
0.9480959165059618
0.948865435941283
0.9453225502191355
0.9433607329820866
0.9432606582189615
0.9448541616337487
0.9445348131901186
0.9439014617133962
0.9434008108508497
0.9429687045508162
0.9423599422410804
0.9427807451683688
0.9450616214755534
0.9479821607507408
0.9492886059116339
