0.5425937837586188
0.5289934808119712
0.5328606562445948
0.5365280530585892
0.5484148710261245
0.5505604727799533
0.5529575171418639
0.5502833230597188
0.5536387031766044
0.5607359195648933
0.5603013385003324
0.5636027587794293
0.5693492415193948
0.5721779807969537
0.582448568568949
0.5858147276998825
0.5890516029813619
0.5921644223416197
0.5951651475319079
0.5980601619541367
0.6008540234135508
0.603552095257336
0.606159543641961
0.6086810324477724
0.6111215135286822
0.613485617181767
0.6157774140761869
0.6180009551233978
0.6201600950810614
0.6222581787798327
0.6242991383186783
0.6262859846973401
0.6282221591829564
0.6301104795204254
0.6319538592960987
0.6337550093350002
0.6355161848193409
0.6372398252830103
0.6389280907336388
0.6405829303069818
0.6422063988136933
0.6438001590321931
0.6453659847800124
0.6469053220069293
0.6484195979949459
0.6499101592363898
0.6513782310340658
0.6528249488932741
0.6542513875173102
0.6556584407531888
0.6570472104063775
0.6584181080676006
0.6597724346104447
0.6611105137484778
0.6624331547004263
0.6637406104728454
0.6650339794826049
0.6663137087474406
0.6675800228258605
0.6688334538456574
0.6700743717919481
0.6713032833106053
0.672520464582531
0.673726291451973
0.6749210214952445
0.6761049630722793
0.6772783640117686
0.6784414684680794
0.6795945123815786
0.6807377007216754
0.6818712394592075
0.6829953401120258
0.6841101329702642
0.6852157919206505
0.6863125090798904
0.687400403260442
0.6884796369865749
0.6895503224001204
0.6906126181446743
0.6916666291669055
0.6927124829855339
0.6937503749222838
0.6947803412643623
0.695802315957189
0.6968166144613415
0.6978232277694983
0.6988223974277998
0.6998140711209855
0.700798234031701
0.7017752739100412
0.7027450922413833
0.7037078653420762
0.7046636004134774
0.7056123803476945
0.7065543278225417
0.7074895469528285
0.708418029268499
0.7093399025203917
0.71025529308152
0.7111641993058327
0.7120667522553021
0.7129627986015669
0.7138526221908302
0.7147363470316874
0.7156139380794534
0.7164855548358026
0.7173512287727514
0.7182109467424906
0.7190648825388343
0.7199129660894658
0.7207554184711439
0.7215922392756484
0.7224234845632793
0.7232492579364856
0.7240696170805232
0.7248845912398285
0.7256942701887161
0.7264988055964566
0.7272980757068509
0.7280921925654777
0.7288814140429107
0.7296654719298915
0.7304447002679394
0.7312190160376829
0.731988526799061
0.7327532716271175
0.7335133296056443
0.7342687606637949
0.7350196101079505
0.7357660479585416
0.7365078907884397
0.7372456799494401
0.737978969951232
0.7387079559550324
0.7394321725801273
0.7401524182065774
0.7408688121729623
0.7415810358807298
0.742289141052389
0.7429932989780061
0.7436935926688228
0.7443900632902465
0.7450827255056638
0.7457716254971388
0.7464566776196795
0.7471380938716219
0.7478158856151474
0.7484901005199772
0.7491607832369992
0.7498279609382944
0.7504917577178215
0.7511521581956325
0.7518092124142783
0.7524629590901107
0.7531134471634516
0.7537607335631119
0.7544048523332112
0.7550458482583932
0.7556837610174164
0.7563186363600841
0.7569505250336737
0.7575794618398393
0.7582054625204181
0.7588285907409918
0.7594488925253355
0.7600663898970339
0.7606811195367295
0.7612931226947522
0.7619024596616243
0.7625091755170721
0.7631133738117503
0.7637149685797109
0.7643139958877327
0.7649103931339707
0.7655043625511145
0.7660959661083364
0.7666851816634965
0.7672720544902646
0.7678566440912166
0.7684389215797909
0.7690189301328509
0.769596691167681
0.7701722735183647
0.7707457296229127
0.7713170584036457
0.771886287041352
0.772453470101881
0.7730186431940886
0.7735818642605716
0.7741430160140754
0.7747021574016828
0.7752594388341155
0.7758148431040088
0.7763684601005599
0.776920150040121
0.777470047507534
0.7780182236585598
0.7785646718834952
0.7791093348035667
0.7796522408994448
0.7801935459870181
0.7807332331085864
0.7812712758644271
0.7818077343684523
0.7823426249156279
0.7828759362080064
0.7834077692654043
0.7839381174205551
0.7844669284441441
0.7849943412911848
0.7855203572885491
0.7860449763561967
0.7865679937041314
0.7870896186187474
0.7876100193989188
0.7881291056267796
0.788646880862669
0.7891633243088405
0.7896785348165692
0.7901925005835524
0.7907052402090059
0.7912167490151443
0.7917270877436501
0.7922361982448018
0.7927441669601499
0.7932509956124911
0.7937566955993833
0.7942612802005201
0.7947647925132132
0.7952671990121849
0.7957685588379846
0.7962688668715763
0.7967681235002241
0.7972663771263825
0.7977635944933732
0.7982598611472534
0.7987551395418164
0.7992494248259663
0.7997427655883225
0.8002351768352312
0.8007266720758542
0.8012172502319839
0.8017069206816961
0.8021956799397224
0.8026835744820796
0.8031706083150842
0.8036567991425231
0.804142137114041
0.8046266310642605
0.8051102749284308
0.805593120121295
0.8060751548440178
0.8065563973691038
0.8070368676125977
0.8075165352562912
0.8079953981766318
0.8084735070087584
0.8089509770762118
0.8094276255617363
0.8099034776103285
0.810378610300833
0.8108529548976771
0.811326683920997
0.8117996651996244
0.812271926170566
0.812743495017072
0.8132143628423828
0.8136845556039167
0.8141540675552227
0.8146228984210242
0.8150910447966917
0.8155585310975378
0.8160253537906892
0.8164915475278969
0.8169570418863035
0.8174218993508153
0.8178861046568592
0.8183496697063473
0.8188125701734453
0.8192748554928123
0.8197365378615349
0.820197721911796
0.8206581728350871
0.821117868784207
0.8215769248082845
0.8220353587948723
0.822493273758177
0.822950688249939
0.8234073430123641
0.8238633999706233
0.8243187682343178
0.824773637970383
0.8252278680451343
0.825681523998559
0.8261344585924476
0.8265868271002434
0.8270386355787219
0.8274897945671413
0.8279403757508534
0.8283903460849074
0.828839715518072
0.8292884904854474
0.8297366570541378
0.8301842085491
0.8306311675601605
0.8310775142197488
0.831523257532153
0.8319684039082428
0.8324129265675994
0.8328568491389199
0.8333001632193824
0.8337428210344757
0.8341849053926389
0.8346263753726717
0.8350672782103958
0.8355075370599075
0.8359471306515505
0.83638612679018
0.8368244910184364
0.8372622461548516
0.8376993464412771
0.8381358477982093
0.8385717241723845
0.8390069625899611
0.839441572586467
0.8398755471136029
0.8403088968737009
0.840741617358416
0.841173680931101
0.8416050703419404
0.8420358132219817
0.8424659685918316
0.8428954470349385
0.8433242300875231
0.8437523615499555
0.8441798649451598
0.8446066889207894
0.8450328454504218
0.8454583287505799
0.8458831607590213
0.8463072705921935
0.8467307165094472
0.8471534799394429
0.8475755774746644
0.8479969927987079
0.8484177139429648
0.848837743650416
0.8492570823868313
0.8496757179113326
0.8500936341703383
0.8505108535643507
0.8509273807099079
0.8513431809673617
0.8517582688820369
0.8521726429236051
0.8525863091419488
0.8529992224506625
0.8534114104503412
0.8538228918021522
0.8542336302492645
0.8546436140655342
0.8550528532040712
0.8554613489596619
0.8558691094608178
0.8562761242839916
0.8566823917530763
0.857087864715603
0.8574926009872377
0.8578965684023538
0.8582997735030197
0.8587022092527264
0.8591038681714924
0.859504760013055
0.8599048765062065
0.8603042093122899
0.8607027426952337
0.8611004796642028
0.861497450746136
0.861893621474294
0.8622889793062222
0.8626835297497213
0.8630772977429908
0.8634702557374737
0.863862398180558
0.8642537248734268
0.8646442409611902
0.8650339408119835
0.8654228197119627
0.8658108714845526
0.8661980956275366
0.8665845004973638
0.8669700738171534
0.867354819365394
0.8677387116442462
0.8681217577273772
0.8685039720677405
0.8688853456195639
0.8692658635623632
0.8696455410696138
0.8700243651822017
0.8704023439818073
0.8707794505251768
0.8711556989508488
0.8715310925161511
0.8719056243707026
0.8722792874915911
0.8726520807528941
0.8730240192135834
0.873395080548111
0.8737652685951913
0.8741345791018307
0.8745030647676137
0.8748706625191858
0.8752373152474481
0.8756030909638421
0.8759679433536065
0.8763319719215674
0.8766951127002396
0.877057362094516
0.877418722881092
0.8777791975250623
0.8781387596433199
0.8784974396610156
0.8788552396367347
0.8792121367753908
0.8795681379517967
0.8799232386347916
0.8802773981513371
0.8806306846152374
0.880983072951295
0.8813345594617148
0.8816851422046511
0.8820348169039353
0.8823835902812149
0.8827314571407889
0.8830784163738646
0.883424469579494
0.8837696138518223
0.8841138516602929
0.8844571776685054
0.8847995942236858
0.8851411007911215
0.8854816934502432
0.8858213819832932
0.8861601601879279
0.8864980371086527
0.8868349845801948
0.8871710109253825
0.8875061462158289
0.8878403613571851
0.8881736848708881
0.8885060631843509
0.888837540455779
0.8891681101696104
0.8894977803177548
0.8898265435499225
0.8901543689853941
0.890481287746345
0.8908073096952834
0.8911324196561298
0.8914566405841938
0.8917799543979376
0.8921023754608294
0.892423886357903
0.8927443800038003
0.8930640168844354
0.8933827425572763
0.8937006027762779
0.8940176007298732
0.8943336276116799
0.8946487427024499
0.8949630048642505
0.8952763386870106
0.8955888207624033
0.8959003245406143
0.8962109901589929
0.8965207913182239
0.8968296316390161
0.8971375893231139
0.8974446248391884
0.8977508027091708
0.8980561052101236
0.8983605133742687
0.8986640269311028
0.8989666619228556
0.8992684176631582
0.8995692908070535
0.8998692847403268
0.9001684008735206
0.9004666389160648
0.9007640031931318
0.9010604977661256
0.9013561165243887
0.9016508636933604
0.9019447397092065
0.9022377493403891
0.9025298987587123
0.9028211865237111
0.9031116144876757
0.9034011819080289
0.9036898943201143
0.9039777440069475
0.9042647502497309
0.9045509452181907
0.9048362569231103
0.9051207512852434
0.9054043814850881
0.9056871321319236
0.9059690419378477
0.9062501961059091
0.9065305279186808
0.9068099903186246
0.9070884616980976
0.9073661316325352
0.9076430635370851
0.9079191635283718
0.9081944570247531
0.9084689473962917
0.9087426126561421
0.9090155131677872
0.9092875845586955
0.9095587667815995
0.9098292024991578
0.9100988039049339
0.9103676092852199
0.9106355856801779
0.9109028279367796
0.9111692487400991
0.9114348631830442
0.9116996992678003
0.9119637535806198
0.9122270693667475
0.9124895416249885
0.9127512561011585
0.9130122208734867
0.9132724592488025
0.9135318266880679
0.9033716625755595
0.9019694512683005
0.9036060364705738
0.9065915068603817
0.9098355751801296
0.9147197170505297
0.9176539030834068
0.919370835807108
0.9209829588367487
0.9218385201508877
0.9234696946530495
0.9259381774645571
0.9272529999664081
0.9282893411623887
0.9295905140836854
0.9304131629003206
0.9316082791173005
0.9329485062228517
0.9344005204463142
0.9345624338279733
0.9356403618239402
0.9358126097960959
0.9353662236503172
0.9351521781981504
0.9338124595030132
0.9322387722205819
0.9288540166788972
0.9257631410124169
0.9242007330570916
0.9236081597906295
0.9236724557393156
0.9252417081954944
0.9286310093003403
0.9292787573285536
0.9320721608289363
0.933177141433623
0.9344023485078915
0.9322710786953671
0.930534520706122
0.9277574259738872
0.9269299276877172
0.9253964022020034
0.9254391296661495
0.9262558703512039
0.9276802755056899
0.9271315073275137
0.9282463479029177
0.9303236683810328
0.9325953016039807
0.9334467719576067
0.9347259548658579
0.9362893184150431
0.9374029289783492
0.9361099594393397
0.9366686425117133
0.9362837136807725
0.9359743215634085
0.9358414407528791
0.937684548214075
0.9378838066622327
0.9390690098262431
0.9392305808930995
0.9380331686551642
0.9378473663069813
0.9382356419656727
0.9372142816468797
0.9360767307465663
0.936825429894174
0.9381229775938671
0.9385276174047295
0.9396107038216405
0.9411491470024879
0.9432348255290618
0.943853284366539
0.9450392076397569
0.9463885663939732
0.9475408292624629
0.942790730913358
0.9478475432837994
0.9468794002247567
0.9463286193357086
0.9456844299785088
0.9443447611378112
0.9438019972898775
0.9433771435273808
0.9430137729574771
0.9417859658271523
0.9408953709485389
0.939204665178018
0.9376375120888457
0.9372667302368752
0.9383802952983047
0.9388931123768424
0.939230951388278
0.9403688080443708
0.9400875481516225
0.9407782995345525
0.9417380768519283
0.9440584707107685
0.9457081514062042
0.9460511686864626
0.9448233896214749
0.944543712953716
0.9412102446469016
0.9376690725403309
0.9363402975055858
0.9353563707714894
0.9336517417212796
0.9350936213615597
0.9345177625734724
0.9332112997410993
0.9335851128131414
0.9358194956130633
0.9379525748068028
0.9419010193029699
0.9459206380417654
0.9481226330263121
0.9490094389792454
0.9483605009044649
0.9472787151713339
0.9448897126259777
0.9414587592894829
0.936935661653749
0.9350769168642665
0.9345520040681194
0.9348063409627371
0.9357976093989413
0.9370502608380558
0.9366522125153668
0.9353578297452237
0.9333412553950483
0.9314981697289044
0.9317605778531783
0.9310247427776267
0.9303767656851242
0.9304690634852641
0.9312298516740954
0.9522483325515971
0.9317710987553066
0.9316115891868653
0.9294631269162605
0.9252665398899655
0.9225403356953289
0.9256299039864255
0.9303081864497353
0.9322745020450126
0.9314219708225182
0.9283930480834401
0.9269987167313786
0.9269224453601328
0.9281254526068125
0.9306876008459022
0.93101636736137
0.9302345915416578
0.9304866413968734
0.9303715677682864
0.929360867231024
0.9290857484277397
0.92755070460211
0.9267725093021127
0.9270460293304055
0.9268739468323604
0.9276940099887276
0.9292923896522948
0.9313276239034681
0.9317902344264936
0.9344364723062601
0.9361317921358334
0.9362533703119584
0.9360044619176885
0.9352910738874664
0.9317578372094566
0.9293480877505474
0.928116253922877
0.9275597521675816
0.9279371559912635
0.9285380737674398
0.9292343868573041
0.9294124136267453
0.9297679592765055
0.9302415707449512
0.9306554742712425
0.9311962323100121
0.9321370080542299
0.9336032450367672
0.9356846024350705
0.9378628311029703
0.9400981772827008
0.9440991322469168
0.9460225575794298
0.9462767390194131
0.947816266608087
0.950265063822921
