1.0158553629394622
1.0177653089788206
1.02213099289439
1.0203947150580963
1.0175626511064704
1.0146261574337099
1.0072118589632444
0.9952241191895549
0.990726720608116
0.9858203019998234
0.9864596402572573
0.9916535878375304
1.002127113023095
1.007688148527174
1.0134502806922625
1.0148066515262002
1.0159748967542082
1.0141280733881763
1.0158288963849516
1.0143622038226967
1.0083721832824706
1.0092511991962683
1.0094405319737318
1.0036972549795249
0.9994200965566981
1.0011715140690565
0.9906177920337501
0.9840014247662873
0.9832109561918069
0.9879124583751143
0.9864700667457061
0.9839671336450636
0.9818214906786579
0.9798413917944954
0.97714049542207
0.9781800091333256
0.9855255638048451
0.9940825580087346
0.9974642610588812
