0.9485767682470237
0.9487363393310183
0.9488144598015747
0.9489397354704385
0.9489512404167442
0.9488971607529099
0.9483272489389163
0.9463880091510474
0.9454304332219928
0.9442077923439932
0.9444572751655451
0.9458691718368115
0.9480439640822974
0.9488743002690446
0.9493975681436868
0.9495353099864312
0.9542801473783138
0.9496243341280023
0.9498174615815731
0.9498064126322843
0.949390833875842
0.949542509218165
0.9496187539609421
0.9489597883786127
0.9483134713107424
0.9486709918211593
0.9465305766005268
0.9447780251370892
0.9445903298366835
0.9459829413520137
0.9456384034261932
0.9449538920359405
0.944340606298443
0.9437579216903403
0.9429133442462595
0.9433094855929325
0.9456435032499391
0.9478480049470874
0.953438569111505
