0.9017223761900109
0.9013956346958294
0.9015089751483643
0.9012846076457006
0.9018377776634527
0.9020908949769537
0.9015451982799185
0.9013810191197109
0.9004072431133752
0.8990744341836067
0.8977391568229496
0.8972005143072046
0.8958401586964876
0.8949309925474728
0.8945654812978371
0.8943246646593312
0.8942432802533763
0.8952720389268655
0.8962282844344476
0.896967786190626
0.8979651358868544
0.8986511316820517
0.8988722635521733
0.8989759887986306
0.8985917416996615
0.8983463719813319
0.8981715330988315
0.8979418409827298
0.8977746668248593
0.8977879208519158
0.8979687880809274
0.8982802655366291
0.8985223682477533
0.8987127184182403
0.8992904745071523
0.8993118291455064
0.8989386812853266
0.8988627654252332
0.8989873507638692
0.8987274621646797
0.8984991039449983
0.8984809025516971
0.8979473307264643
0.8973300789605512
0.8967138456909943
0.8957466628742626
0.8944426997676008
0.8937514315113708
0.8930433837383112
0.8927631650535751
0.8928243791769941
0.8932784961301024
0.8933639755223995
0.8934632699854088
0.8932344358538655
0.8929941109985472
0.8925379519494181
0.892342862460178
0.8919252024072734
0.8912004796938376
0.8909612417240659
0.8906782329974405
0.890004875039577
0.889444150155702
0.8892812273954771
0.888348601312863
0.8876886917178002
0.8873925310215605
0.8874236858606788
0.8870957518233753
0.8867145501536162
0.8863625427553847
0.8860280649046821
0.8856634152407986
0.8855036864017121
0.8856756035857584
0.8859113357873085
0.8858726351156927
