0.8076375630431254
0.8083153201340896
0.8114256464188531
0.8126620008884268
0.8182394672063678
0.8221552412787086
0.8216052261783081
0.8231824125937436
0.8201269233959763
0.8148702746564298
0.8094096639476822
0.8085988243657767
0.8026683022297627
0.7993589674861458
0.7994157087939154
0.8002489517746826
0.8021034096508282
0.8111246006494602
0.8196236611697313
0.8267231489990664
0.8354107958300215
0.8421474895199514
0.8460227957006241
0.8491835936895348
0.8493182163533535
0.8503004485025439
0.8517166166316399
0.8527771802893618
0.8542272469282383
0.85683301416677
0.8605247247738776
0.8650687340192849
0.8691780957296311
0.8729658820095418
0.8792612424699814
0.8819871998886303
0.8821589225833567
0.8842524280049592
0.8876626412281076
0.8885511205529006
0.8896351654868183
0.8921130352455617
0.891127560706742
0.8895201411692132
0.8878534495329897
0.8836452506991836
0.8768412634121108
0.874288635197727
0.8715038558760113
0.8718667307346454
0.8748147054131968
0.8807592565595124
0.8839155825715067
0.8871860467906034
0.8879558941584054
0.8886189654153404
0.8875707475743483
0.8885360986969194
0.8877036350518934
0.8843038262159981
0.8848027370378482
0.8849101983137189
0.8816504358904064
0.8792228113270519
0.8802168788254638
0.8742268096451895
0.870471499668139
0.8700228464413314
0.8726913195387853
0.8718726485887358
0.8704520367537556
0.8692342152343009
0.8681103530309723
0.8665773814342734
0.8671673874078469
0.8713365687168382
0.8761933374553958
0.8781127205081005
