0.7055933803117083
0.724370440629267
0.5602953088645521
0.5498345108714839
0.5450340289022125
0.5417096645414384
0.5404116212443979
0.5404786598325396
0.5414576690681646
0.543145165579597
0.5466818806239747
0.5486510344371741
0.5501426556588278
0.5529302676103158
0.5558771916266722
0.5605274571341105
0.5620551103676087
0.5652912007474072
0.5686483788453934
0.5719978700009167
0.5754569710196964
0.5797084335879216
0.5825587114085519
0.5861897054575896
0.5898636888909572
0.5935752906040289
0.5973163905624492
0.6018441286620625
0.6430370074012555
0.6384687687980019
0.6124149116122116
0.6161754839468202
0.6199161987319818
0.6236287524540476
0.6273355438451766
0.6309449715529993
0.6345063706156188
0.6380121480850971
0.6414537932417589
0.6448195989296369
0.6481032339801872
0.6512988122225062
0.6544009285085461
0.6574053671336881
0.6603051189428262
0.6630986623602946
0.6659036443805411
0.6683538336895107
0.6708028921112892
0.673136052738101
0.6755209715111565
0.6775465651306691
0.6794044334435603
0.6812448118146966
0.6829592453471061
0.684548936969437
0.6860119470095821
0.6873503625589337
0.6885631323687555
0.6896558515119765
0.6919707266282844
0.6914575563524781
0.6921754595486493
0.6927773853738093
0.6932566339543145
0.6945785685415119
0.6948558911855992
0.6940062694111236
0.7295010088687894
0.7273853439589593
0.7253532596616551
0.7234033289380677
0.7215340788835375
0.7197439997607998
0.7180315531902531
0.716395179551848
0.7148333046517616
0.7133443457053105
0.7119267166856335
0.7105788330856059
0.7092991161382521
0.7080859965386691
0.7069379177081833
0.7058533386391558
0.7048307363565736
0.7038686080303114
0.7029654727697571
0.7021198731303624
0.7013303763596236
0.7005955754080274
0.6999140897286092
0.6992845658869759
0.6987056780019466
0.6981761280353541
0.6976946459480321
0.6972599897375971
0.6968709453722908
0.6965263266339079
0.6962249748816696
0.69596575874782
0.6957475737747209
0.6955693420022858
0.6954300115137368
0.6953285559468699
0.6952639739772843
0.6952352887793565
0.6952415474701211
0.6952818205406551
0.6953552012790398
0.6954608051885051
0.6955977694039243
0.6957652521094391
0.6959624319596303
0.6961885075063309
0.6964426966328839
0.6967242359973784
0.697032380486162
0.6973664026787106
0.6977255923247454
0.69810925583431
0.6985167157813706
0.6989473104213626
0.6994003932229833
0.6998753324144273
0.700371510544159
0.7008883240562411
0.7014251828801572
0.7019815100350093
0.7025567412479145
0.7031503245863762
0.703761720104368
0.7043903995018359
0.7050358457972928
0.70569755301316
0.7063750258734922
0.7070677795137085
0.707775339201938
0.708497240071589
0.7092330268647389
0.7099822536859453
0.7107444837660769
0.7115192892357658
0.7123062509080872
0.7131049580700773
0.7139150082827076
0.7147360071889397
0.7155675683294982
0.7164093129660002
0.7172608699110988
0.718121875365303
0.7189919727601466
0.7198708126073948
0.7207580523539816
0.7216533562423875
0.722556395176177
0.723466846590424
0.724384394326768
0.7253087285128536
0.726239545445915
0.7271765474802823
0.7281194429185912
0.7290679459064924
0.7300217763306652
0.7309806597199505
0.731944327149425
0.7329125151472525
0.733884965604152
0.7348614256853351
0.735841647744768
0.7368253892416303
0.7378124126588385
0.7388024854235211
0.739795379829331
0.74079087296049
0.7417887466174713
0.7427887872442216
0.7437907858568418
0.7447945379736433
0.7457998435465031
0.7468065068934512
0.747814336632421
0.7488231456161013
0.7498327508678373
0.750842973518524
0.7518536387444429
0.7528645757059993
0.7538756174873166
0.7548866010366491
0.7558973671075769
0.7569077602009524
0.7579176285075648
0.7589268238514996
0.7599352016341608
0.7609426207789423
0.7619489436765171
0.762954036130734
0.7639577673050972
0.764960009669819
0.7659606389494287
0.7669595340709224
0.7679565771124485
0.7689516532525126
0.7699446507196968
0.7709354607428821
0.7719239775019702
0.7729100980790954
0.7738937224103225
0.7748747532378271
0.7758530960625504
0.7768286590973307
0.7778013532205026
0.7787710919299656
0.7797377912977193
0.7807013699248612
0.7816617488970484
0.7826188517404216
0.7835726043779889
0.7845229350864709
0.7854697744536049
0.7864130553359103
0.7873527128169115
0.7882886841658219
0.7892209087966864
0.7901493282279839
0.7910738860426891
0.7919945278487944
0.7929112012402914
0.7938238557586107
0.7947324428545254
0.7956369158505097
0.7965372299035607
0.7974333419684787
0.798325210761606
0.7992127967250263
0.800096061991221
0.800974970348185
0.8018494872049996
0.8027195795578602
0.8035852159565642
0.8044463664714482
0.8053030026607836
0.8061550975386231
0.8070026255430972
0.8078455625051625
0.8086838856177972
0.8095175734056437
0.8103466056950949
0.8111709635848243
0.811990629416757
0.8128055867474782
0.813615820320079
0.8144213160364353
0.8152220609299194
0.8160180431385392
0.8168092518785041
0.8175956774182134
0.8183773110526671
0.8191541450782924
0.8199261727681841
0.8206933883477587
0.8214557869708135
0.8222133646959918
0.8229661184636502
0.8237140460731212
0.8244571461603717
0.8251954181760515
0.8259288623639295
0.8266574797397106
0.8273812720702356
0.8281002418530528
0.8288143922963639
0.8295237272993368
0.8302282514327811
0.830927969920185
0.8316228886191063
0.8323130140029159
0.8329983531428886
0.8336789136906363
0.8343547038608826
0.8350257324145695
0.8356920086422971
0.83635354234809
0.8370103438334833
0.8376624238819309
0.8383097937435247
0.838952465120025
0.8395904501501954
0.8402237613954406
0.8408524118257399
0.841476414805874
0.8420957840819399
0.842710533768153
0.843320678333925
0.8439262325912219
0.8445272116821924
0.8451236310670639
0.8457155065123031
0.8463028540790353
0.846885690111721
0.8474640312270819
0.8480378943032758
0.8486072964693154
0.8491722550947258
0.8497327877794378
0.850288912343913
0.8508406468194979
0.851388009439001
0.8519310186274888
0.8524696929933023
0.8530040513192821
0.8535341125542046
0.8540598958044231
0.8545814203257117
0.8550987055153053
0.8556117709041359
0.8561206361492596
0.8566253210264708
0.8571258454231013
0.8576222293309993
0.8581144928396868
0.85860265612969
0.8590867394660422
0.8595667631919522
0.8600427477226388
0.8605147135393261
0.8609826811833962
0.8614466712506982
0.8619067043860086
0.86236280127764
0.8628149826521975
0.8632632692694779
0.8637076819175075
0.8641482414077198
0.8645849685702667
0.8650178842494618
0.8654470092993529
0.865872364579422
0.8662939709504078
0.8667118492702512
0.8671260203901584
0.8675365051507811
0.8679433243785108
0.8683464988818844
0.8687460494480983
0.8691419968396302
0.8695343617909651
0.8699231650054232
0.8703084271520886
0.8706901688628341
0.8710684107294446
0.8714431733008304
0.8718144770803349
0.8721823425231303
0.8725467900337011
0.8729078399634125
0.873265512608163
0.8736198282061187
0.8739708069355259
0.8743184689126033
0.8746628341895097
0.8750039227523849
0.8753417545194652
0.8756763493392674
0.8760077269888449
0.8763359071721081
0.8766609095182132
0.8769827535800143
0.8773014588325785
0.8776170446717616
0.8779295304128455
0.8782389352892317
0.8785452784511929
0.87884857896468
0.8791488558101829
0.879446127881644
0.879740413985424
0.8800317328393165
0.8803201030716123
0.8806055432202115
0.8808880717317811
0.8811677069609587
0.8814444671695998
0.881718370526068
0.8819894351045672
0.8822576788845137
0.882523119749949
0.8827857754889902
0.8830456637933184
0.8833028022577034
0.8835572083795636
0.8838088995585612
0.8840578930962301
0.8843042061956362
0.8845478559610717
0.8847888593977767
0.8850272334116941
0.8852629948092511
0.8854961602971705
0.8857267464823093
0.8859547698715227
0.8861802468715563
0.886403193788961
0.8866236268300344
0.8868415621007838
0.887057015606914
0.8872700032538366
0.8874805408467009
0.887688644090445
0.8878943285898685
0.8880976098497246
0.88829850327483
0.8884970241701942
0.8886931877411668
0.8888870090936019
0.889078503234038
0.8892676850698962
0.889454569409692
0.889639170963263
0.8898215043420119
0.8900015840591616
0.8901794245300262
0.8991089863496193
0.8997909299405938
0.8960664417841958
0.8974127929050832
0.9017447976874089
0.9024392394954047
0.9031076657695448
0.9036145766104094
0.9041509824650414
0.9050196645528045
0.9056098440856141
0.9062667741586943
0.9068808985373644
0.9074884424839855
0.9080835647547421
0.9067383066889729
0.9073852238392094
0.9027245558066358
0.9104313878132737
0.9109975870909298
0.9115443574198778
0.9120977272547184
0.9083111348589887
0.9103600067168587
0.9137583777024906
0.9142992008658803
0.9148476913151274
0.9111164947209721
0.9158828442327897
0.9164066655880115
0.9169009555926605
0.9173806641376352
0.9178170702722251
0.9184247852942792
0.9189161540842137
0.9194026278905635
0.919884533707123
0.9203596559652374
0.9208320438548834
0.921297584561069
0.9177129804764541
0.9212292652202286
0.9116881686318329
0.9231065784949316
0.9235190873725646
0.9239970034997079
0.9244270353336755
0.924836536341735
0.9238050015189735
0.9257019763952116
0.9260764053600095
0.9238082962024358
0.926921789182317
0.9241695478182016
0.9276425518197102
0.9244102095592572
0.9279425765408054
0.928913503275226
0.9292890965635147
0.9277643584057832
0.9300337490873819
0.9304208383479833
0.9307813156981967
0.9311523084596598
0.9311486276394854
0.9307426928853479
0.9322172277058401
0.9325280931250827
0.9329094667033156
0.9332495577301203
0.9335857294471112
0.9320491766848842
0.9342489149893473
0.9345747766041299
0.9337936899357892
0.9352164325890466
0.9355222782954588
0.9358436840929729
0.9361525527693165
0.9364559763910484
0.9299520234725629
0.937058138727576
0.9373445299068293
0.9376378324773308
0.9302065720954104
0.9381881562926665
0.9348484974248611
0.9386199123237705
0.9390101114329422
0.9392834684072066
0.9395926301634951
0.9395799128315473
0.9401357735892996
0.94039980364245
0.9406591888198953
0.9409150246764115
0.9411677542373693
0.9414162360396171
0.8960142610661572
0.9419040069245684
0.9421252465517201
0.9423717389641051
0.9425939547412799
0.932687327541394
0.9412189852363974
0.9396712456705512
0.9435434301148672
0.943678420391215
0.9439889721559492
0.9442092211884555
0.9411326611344868
0.9429078723214765
0.9448429462296377
0.9450521758456925
0.9452575830625108
0.9427628173650837
0.9455609379848207
0.9458652075242483
0.901334285067414
0.9462270094230593
0.9464379715513567
0.9461862616822998
0.9450755481592108
0.9470077386416387
0.94719178582679
0.9473621758425418
0.9475438098511595
0.9477236585403506
0.9479001575763569
0.9480722226897093
0.9468430304349674
0.9484085124698689
0.9485722179305239
0.9486770157914451
0.9488998286575605
0.9490591790420574
0.9485431643290279
0.9493078240966659
0.9495231563672295
0.9496763568650369
0.9497923028975362
0.9499699089482843
0.9501075951629601
0.8180682286853184
0.950400640594761
0.9505384161130209
0.950676384400619
0.9508127654971672
0.9484481020407942
0.951083929618956
0.9512124077948796
0.9513459869850354
0.9514734316806601
0.9515794702276295
0.9517187848464922
0.9505087540357333
0.9519662904327296
0.952085121318735
0.952202339928822
0.9506423930854361
0.9511981706627306
0.9513369226384912
0.9526556533618354
0.9527466740741015
0.9528721240092267
0.9529586624742133
0.9516998233464827
0.9531822291507165
0.9391655230609627
0.9533820895849515
0.9534697583275871
0.953577989151044
0.9536758709663273
0.9537701998375593
0.9538603974643879
0.9539506177225774
0.9540428115617016
0.9541306621788935
0.9542115364012395
0.9543005314523698
0.954382050213257
0.9544681488563994
0.9545395435917715
0.9546281492150035
0.9547061107400195
0.9537178205708442
0.9548567316656075
0.9483642786920233
0.9550060866683987
0.9550776590582347
0.9551479542123039
0.9552162306894508
0.9552820977281887
0.9548257453335749
0.955415397270814
0.955480009641968
0.9555417835550354
0.9535964481364957
0.9556586397341107
0.9550302279781054
0.9557812686016715
0.9558377172368231
0.9558709311481178
0.9559468745211178
0.9544213770014153
0.9546801946242791
0.9542568088336818
0.956149944279138
0.9560758017556792
0.8028124923866854
0.955257884033391
0.9549223631956626
0.9552233237485833
0.9564174561352677
0.9562791130217829
0.9565081242840192
0.9565477008288443
0.9551023487312009
0.955813657894262
0.9566483499213637
0.9566937356776629
0.95637367665916
0.7728181698752603
0.9567882520201456
0.9568252773331235
0.956855067496499
0.9568834202498385
0.9569101309016758
0.9569337346569947
0.9523697072658894
0.9569890045433919
0.9570143293568864
0.9570338457547606
0.9570602871424332
0.9570815104283759
0.9571017395360882
0.955594511150752
0.9570863442192561
0.9571407755516447
0.9571458725327145
0.9571152783465808
0.9568920686527069
0.9572158435520891
0.957225916040511
0.9572410439475704
0.8903049113906568
0.890193417249348
0.8900813639318386
0.8899687542785284
0.8898555911167768
0.8897418772610125
0.8896276155128416
0.8895128086611555
0.8893974594822364
0.8892815707398628
0.8891651451854133
0.8890481855579693
0.8889306945844163
0.8888126749795451
0.888694129446151
0.8885750606751321
0.8884554713455871
0.8883353641249105
0.8882147416688898
0.8880936066217974
0.8879719616164857
0.8878498092744783
0.8877271522060618
0.8876039930103752
0.8874803342754998
