0.6434782076194607
0.6474691930722282
0.6492927096547465
0.6489138505693635
0.6501443431663585
0.6520599214847912
0.6521818054104129
0.6548138260829105
0.6558563964257641
0.6540585441359557
0.6496359876473573
0.6467044132594973
0.6396124109202553
0.6379589392457823
0.6431401948220455
0.6483543849358993
0.6546908501611944
0.662987410609309
0.6671261203386956
0.6667236540677873
0.6681795380968043
0.6691473154432362
0.6713813822597474
0.6751109248079848
0.6772867967207221
0.679523849471006
0.6824021525050349
0.6860394517796035
0.6903509926357944
0.6958562344347821
0.7010658757879777
0.7050741110891192
0.7092245681042711
0.7114614070166099
0.7120619057943648
0.7139905476953294
0.71395915641792
0.7143799994095863
0.7156667131973095
0.7170779721198864
0.7167947375348355
0.7183325959351827
0.7189947423294353
0.7189340658032062
0.7194275169630131
0.7192392009364657
0.7203203878221552
0.7187886592092098
0.7170641447272106
0.7175218623296017
0.714176838726445
0.7118811325715789
0.7143818329296696
0.7173168602623589
0.7188128162668428
0.7245756724390839
0.7304409238065802
0.734070068812142
0.7385659819854629
0.7435549245045793
0.7487009473239866
0.7518405361400512
0.7543738112117246
0.7576951728664282
0.7595424333667123
0.7596176495249942
0.7597084578021747
0.7605969774589096
0.7587439291034423
0.7587111683376224
0.7586431345016761
0.7602773880842872
0.7605041789256204
0.7629701840125976
0.7639219065745283
0.767264893397364
0.7671200608332431
0.7683638876092485
0.7681572927887358
0.7687882795731065
0.7689655649801945
0.7728553645248555
0.7768292190405262
0.7814091984726399
0.7811907980796077
0.7824596482640289
0.7796599890964966
0.7746355438217036
0.7697440444887067
0.7692470374038445
0.7686706350594446
0.769564553731005
0.772097035595274
0.774642402145392
0.7784998325786073
0.7803335143946802
0.7807098023367219
0.7826982220046942
0.7866488443832625
0.788905909005771
0.7921428607210155
0.7981657503491759
0.8018791392490257
0.8040034902412382
0.8058052486497354
0.8081252836140871
0.8106019958314222
0.8127853945283933
0.8161857549350786
0.8196860504996992
0.8221466080476928
0.8225955031180631
0.823469504950893
0.8227395121682161
0.8237923355499545
0.822586715146278
0.8228339635920269
0.8202726311693083
0.8195706695054155
0.8162481516676562
0.8112940098150853
0.807169842042664
0.8090977490827471
0.8088738870715205
0.8080657876887922
0.8085730112124103
0.8105449849768096
0.8079581747251209
0.8071040328864985
0.8099528581059119
0.8116562684764281
0.8055388184232865
0.8015463753469155
0.7938196481277948
0.7854917186901612
0.7824531803152717
0.7864701376009742
0.7881299164118621
0.7928688769937094
0.795441355592516
0.7966068086936732
0.7982518730457545
0.8028923888560943
0.8076475149716208
0.8128725495408677
0.8196702234302546
0.8243544928601552
0.8280321689655599
0.8301702652567908
0.8326873322254047
0.833912663253678
0.8350221839396751
0.8358769561677009
0.837491261374879
0.8384889605224716
0.8385870991982465
0.8387965332466877
0.838469050086477
0.8378140969181538
0.8372200764001663
0.8382247506777954
0.8396030983256342
0.8408516314503425
0.8408259887728047
0.8404252615876836
0.8386275441755554
0.83538873281429
0.8327006464453752
0.8317516938901884
0.8298800512529455
0.8244059096626432
0.8194913045416189
0.8136063145328621
0.8071163436205468
0.8006701056970396
0.7984791396745551
0.7974301966704457
0.7964767282940228
0.7930931280578126
0.7919998856367492
0.7901614909104222
0.7871566189298594
0.7854623442980728
0.7877948207403986
0.7894921531229968
0.7907153306726772
0.7944893520916988
0.7997790512027015
0.8055810795332986
0.8108739199442418
0.8174333365490846
0.8236041453867864
0.828402594724148
0.8333158368977793
0.8380068617838217
0.8390532718150716
0.8377520002895905
0.8350256838486272
0.8293676808062745
0.82502414350493
0.8222840159537199
0.8183972417528097
0.8163462097058388
0.8143262041187707
0.8095174472024185
0.8068156664128308
0.8039792122684986
0.7978498563991858
0.7929420646990635
0.7948655741911185
0.7972938782952425
0.8026640147319586
0.8084156673343159
0.8167033313677872
0.8202257455911729
0.8225439653805209
0.82383711927431
0.8280890351035894
0.8286465803453936
0.830582459484828
0.8329743143966716
0.8354453442549107
0.838400795760138
0.841251787714315
0.8417577552340059
0.8423828232067253
0.8433507552198121
0.8424953436247774
0.8442564173630918
0.8449210216085264
0.8469249804824713
0.8488922855600783
0.8506999241182386
0.8517150547176421
0.8555441704893807
0.858235164678426
0.860822881816915
0.8637183639948708
0.8647757695636135
0.8665542579637054
0.8679189864611373
0.8691946775386717
0.8705908068885757
0.8731809036520525
0.8741845203445802
0.8734488986537287
0.8713682279398332
0.8689498150840316
0.8652905730491234
0.8644128216307522
0.8646353637842749
0.8654137858509079
0.8647970435353125
0.8636980421178538
0.8601559040237259
0.858269348378618
0.8569558223899558
0.8612909249705163
0.8671422215377734
0.8732948862746643
0.8786590758374226
0.8849232676982882
0.8889239109042459
0.8927465584981145
0.8963441382630928
0.8999052899591992
0.9009620510661721
0.9008377138283248
0.900166688298987
0.9005014476584208
0.8990697321937308
0.8991127315581475
0.8986974302362444
0.8965790308507515
0.8945915205081889
0.8948345153881309
0.8944827952121784
0.8947552804143861
0.8967429363591952
0.8967363472845993
0.8931191199466196
0.8861988055869041
0.8781489763083368
0.8718033739047968
0.8634169326193836
0.8587698761352903
0.8563392716365043
0.8499985064562071
0.8433801005358824
0.8392537248200679
0.8362154222689747
0.8375310109508318
0.8434658492254895
0.8509780008766306
0.8580841192925135
0.8634390550444413
0.8682235127443005
0.8725666383201834
0.8731691510900348
0.8753909589680048
0.8763823038500477
0.8770696841554907
0.877711689303135
0.8797684381802896
0.8815761355812964
0.8844000451410976
0.8838945779025301
0.8866761616602314
0.8887524610428063
0.890659451244109
0.8923280389781899
0.8955222962812729
0.8949558768372751
0.8947004638448114
0.8907026191721388
0.885734134496496
0.8835302062709068
0.8833364494723076
0.8818148199515752
0.8846856882251263
0.887743586973785
0.8881219644340692
0.8885274306848314
0.8891283300222649
0.8882721438534158
0.8885320740263417
0.8908429845315957
0.8929356567691006
0.8967893386927296
0.9006819422776402
0.9019146400776025
0.8992399406624891
0.895741968027056
0.8940252503350601
0.8888980904839714
0.8841530488651664
0.8832145871418557
0.8832974385498686
0.8831392410709205
0.8862069991286451
0.8913034176745116
0.8956454038971965
0.8986727382871105
0.8996404397011902
0.899177743307327
0.8991713141192943
0.8994353249137514
0.9004296797486596
0.9011477848995725
0.9028726561048203
0.9038979584087086
0.902212370890568
0.9014318839769304
0.9013328854813495
0.9022964822697168
0.9043548596302942
0.9082741025933397
0.9094601159574796
0.9081625687928548
0.9068927603537715
0.9046062303476775
0.9003348127848483
0.8993198645844872
0.9005306010700138
0.9020623449085775
0.9041066144433194
0.9073414135071797
0.9093981055907907
0.9114088289983231
0.9131036100310278
0.9136803751392196
0.9149646299850875
0.9166479411847663
0.9191228494472004
0.9215493279892683
0.9242626850091435
0.9255525577603336
0.9243162162527339
0.922260333179228
0.9202917482689578
0.9186203610532561
0.9193837993893185
0.921662627684891
0.9241904646054818
0.9260807094293043
0.9261973897467044
0.92572510772802
0.9248146886604298
0.9235584155386077
0.9222176115149301
0.9238883714891718
0.9252017409028911
0.9278761371211386
0.9300516133093683
0.9310140168580215
0.9313678003582622
0.9306344315805672
0.9291377395994441
0.9295113664576455
0.931357093054153
0.9331769046145212
0.9339151589679064
0.9356528998419897
0.9356090320795705
0.9362365425619648
0.935624878112092
0.9368969860743075
0.9352092225274531
0.9343855423186886
0.9319815143248481
0.9295110625442592
0.923214659321216
0.9178947532018331
0.9128291341671999
0.9068581701601388
0.9014174148268282
0.898962881983803
0.8994952032964572
0.8995039883103421
0.9011516822156612
0.9037616868787224
0.9080703117196821
0.9094229583228575
0.912739762609558
0.9171476018842926
0.9211382047912383
0.9250869075933515
0.9291749400084313
0.9320298857104108
0.9342630655524715
0.9359627420258673
0.936438848951983
0.9375932479017689
0.9374828547797429
0.93714601986477
0.9365243817908665
0.9370594940815464
0.9372131781176738
0.9365754466137881
0.9364618565108748
0.936217421365617
0.9345861055957698
0.9336307945128238
0.9350357505415626
0.9360815535379929
0.9386475211112373
0.9420953967529688
0.9437627816056037
0.9428664112654789
0.9434913494134364
0.939714791043684
0.9377501809996782
0.9365486690850161
0.9363945889538057
0.9315598612941759
0.9298196214956547
0.9285818064869973
0.9276308878452189
0.9237223043207198
0.9260124248617726
0.9242894869242603
0.9186194843449202
0.9103564779472836
0.9053190831802543
0.8946247795624058
0.8877193523086717
0.8856291424215846
0.8866368907937594
0.890454856313203
0.894532702070978
0.9016211464378727
0.9069239660496067
0.9121112525981326
0.916901353375363
0.9231703799938169
0.9294072214875205
0.9363723970195413
0.9428557751540609
0.9472861297590572
0.953226250437768
0.9573646059245368
0.9594642503159121
0.9622898334266363
0.9649196750481678
0.9663673915368075
0.9674787784791252
0.9681655275219033
0.9685490650924338
0.9693703290485298
0.9701978506642202
0.9709414745975379
0.9729054577161116
0.9748071985138475
0.9762247697628845
0.9778058595958097
0.9790196375764416
0.9786504848154937
0.9793333476161417
0.9804138013533109
0.981213331704016
0.9826529843461055
0.9834888547855413
0.9826242377771084
0.9784093880538607
0.9750256502460829
0.9673988950909992
0.9597586302650803
0.951337088833477
0.9492998954342615
0.951383577831781
0.957394063608396
0.9662508203235086
0.9770200124433066
0.9845046421493898
0.9875289500482177
0.9900833913471846
0.9903411848774496
0.9881416284690937
0.9859804792266895
0.9798745087683354
0.9724338640512785
0.9679708025516793
0.9689194145979334
0.9678467549002998
0.9694192008500503
0.9721549335462808
0.9703771757433864
0.9637432734892427
0.9611812647104335
0.9597509364826834
0.9590739685732294
0.9634695836060523
0.9674675966806839
0.9693545490482527
0.9679024107525355
0.9637633576040139
0.959251608347011
0.9534152464687151
0.9497582853890667
0.9529723269064746
0.9585105528892566
0.9638231948264427
0.9712992834783702
0.9754425722931209
0.9776955905878497
0.9797966679102638
0.9807619993052934
0.9829111810143796
0.9864132519974352
0.9881770171927913
0.9895297329741143
0.9913574879575866
0.9924158412274787
0.9941642992498533
0.9962671246857926
0.9987331687486836
0.9986498905806591
1.0004925370406568
1.0004301718940931
0.9990590366990826
0.9982133284153475
0.9952245445794483
0.9920580967624684
0.9861481212911688
0.9810623177082292
0.9784154510339846
0.9772218200872822
0.9770196982071683
0.9790899080918011
0.9839591002060026
0.9846603315273615
0.9888065737898992
0.9903159535770439
0.9920847276232934
0.9881727817403521
0.9850826000400517
0.98051420641944
0.9789780100283526
0.97637540705073
0.9761481985873726
0.9770961348440157
0.9789641603392442
0.9778489446215326
0.9792499601532779
0.9821330891750801
0.985372059933173
0.9864274089488579
0.9881928216685987
0.990484058809028
0.9920832136549301
0.9895582662044491
0.9901892899324494
0.9892391942383589
0.9884299523522468
0.9879172428395264
0.9906906952531066
0.9907237710521475
0.9924694631823373
0.9924397025721994
0.9900602176667666
0.9894498118567828
0.9898028172675234
0.9878184328850615
0.985697386111303
0.986615169293567
0.9884339537355826
0.9888123689572091
0.9903396029374991
0.9927220203013046
0.9962732956738544
0.9971484951551793
0.9992290968541987
1.0018466669290451
1.0042534331187458
1.0046102744169145
1.004178182432124
1.001423463200204
0.9998244994951315
0.9981152143699684
0.9951509773776395
0.9930797290406921
0.9927582622499386
0.9918188460506853
0.989417436216317
0.9876532378832015
0.9846471476156325
0.981916501032851
0.9810836023007472
0.9825551917246085
0.9830996172306204
0.9833718274599349
0.9849202950829481
0.9842108927903503
0.9850466856066435
0.9863305872450692
0.989924845212891
0.9925313948127902
0.9928617095422606
0.9904078746560216
0.9896522873873712
0.9839005354623639
0.9781082105022617
0.9757989090291646
0.9740143753403481
0.9710781574593363
0.9731029683347436
0.9719314654988788
0.9695786805969738
0.969918580807123
0.9732022511027283
0.9762727565686862
0.9822078666641815
0.9885031011633335
0.9920656017694827
0.9933981784935579
0.9919373878872716
0.989764786606857
0.9855110306954779
0.9797907553020879
0.9724418356520214
0.9692063526217959
0.9680894050505894
0.9682474101035311
0.9696149724799512
0.9713952858187646
0.9704989333163124
0.9681238251014463
0.9644311962190772
0.9608295552877999
0.9610225153551669
0.9593326385665698
0.9577529230284392
0.9576208706058255
0.9588142131110616
0.9580156521283371
0.9592585219892291
0.9586409590828194
0.9538040404647131
0.9418210215086089
0.9216035440287484
0.8987186686690802
0.8853808036927361
0.881128436104617
0.8834724995493297
0.8919245486732914
0.8969893218844326
0.8978249652009221
0.8942912595382003
0.8873973305022926
0.8869469141162901
0.8894617451052451
