0.9155406631456336
0.9156900207091403
0.9167757128759408
0.9168776401370096
0.9177151558042626
0.918675522272818
0.9185577817216576
0.9191725772388075
0.9183535270441339
0.9175935505702103
0.9169335531792072
0.9168750586231208
0.9156833026096391
0.9151016054932456
0.9151888706319976
0.9153755713470583
0.9153946856955645
0.9161461487154677
0.9181634336243742
0.9194720044321053
0.9218734764088543
0.9238594133284463
0.9246813015376609
0.9256350996723055
0.9257520278204137
0.9259754235928187
0.9262185095966273
0.9264091631490021
0.9267254185952981
0.9276066081596714
0.928040273775198
0.9283572285809117
0.9290253267707702
0.930071649778289
0.9318664641866564
0.9325030050670046
0.9326037222986083
0.9329993874888945
0.933699962545906
0.9339030240292489
0.9341705092267794
0.9348316916443087
0.9346372967246085
0.9344056077752296
0.9341303953618635
0.9330420634965505
0.9313974708689768
0.9311426985117159
0.931054819025689
0.9310953304455604
0.9314483516880862
0.9329641251090175
0.9337389370305715
0.9346833138988803
0.934889592726339
0.9350895459309486
0.9349383534089892
0.9351313791879164
0.9350220622657855
0.9341177306202237
0.9342208014708338
0.9343007030845243
0.9338566865465894
0.9333952249979947
0.9337369760248292
0.9325551454107156
0.9321605272109845
0.9321823319946282
0.932324289918401
0.9322751463554799
0.9316760833002218
0.9313393770750937
0.9312584673740011
0.9314993399307188
0.9315801643315595
0.9328157930561771
0.9338829578504408
0.9344096242350023
