0.8766595669018363
0.8654014490901925
0.9183163189268015
0.9576083508701634
0.9226345014052691
0.9090973414394525
0.8971537981899901
0.9174252646466133
0.8913790858992681
0.8864782908903867
0.950531329642074
0.9407126056535239
0.9087374937405691
0.917099687916865
0.8833081974835857
0.8483514829986657
0.8080484468693635
0.8483686179786398
0.9051561436582157
0.8959028962109185
0.8688971202359285
0.9171682308643214
0.9225316874886776
0.8458839500096575
0.8567308121549355
0.8625397964239793
0.8757513776416741
0.9178022493438444
0.9508911783501441
