0.02140429361873846
0.043683529547546125
0.014604166371427056
0.00544861767506068
0.03460351046927201
0.026794717006155974
0.058741408268092696
0.10056728197862197
0.11721140512296441
0.11400267246403914
0.0737787157416403
0.06956478889419786
0.10746637148713901
0.15520093179781896
0.16347212286720475
0.10072618758957244
0.10080899963369927
0.10828722492665627
0.06875656975472635
0.1312631674559659
0.17148726526205293
0.15903929757818075
0.18275801272961129
0.20033818862215064
0.19119469430379393
0.18182398901892588
0.13530960012561055
0.14370595511828033
0.11528958957402115
0.11871211819583605
0.18655767757854588
0.08993058178813662
0.10351776093822129
0.17169485450000854
0.1439217320702043
0.19062522817066124
0.22601255418664987
0.23633035698622068
0.22859093913124723
0.22717202273197856
0.15714061272172844
0.12094794694263328
0.14138634533396668
0.09622479618118374
0.14336551205453335
0.17515164458372418
0.2013151855728073
0.1267995602164829
0.2148254646277051
0.24500693142463925
0.260300175923884
0.26486182879088754
0.25396792071147517
0.30220423393081675
0.2707395488258273
0.276095421524592
0.3219832977069434
0.26353481853049543
0.30720281662267973
0.28287748372842814
0.2905193536553531
0.2196862691111257
0.2015631817216558
0.20540982525467813
0.19224434121053355
0.25113756112288593
0.26030947361320445
0.3169904642969898
0.3852555871289036
0.3881724596114744
0.3944010675910503
0.38906508282963426
0.3528237036881504
0.4031929616358988
0.34539877409104414
0.3448774339338387
0.33913804207068177
0.2941953139053039
0.3349528210998203
0.29952458467942816
0.29085449234422595
0.3322893727281146
0.3892340484858415
0.4307469396205612
0.40646396614929614
0.3396547157467858
0.3369233517222259
0.2877061265964136
0.3071206710234446
0.3137884989563191
0.27612083007612115
0.4090047572314778
0.43246417020153083
0.44966154273366543
0.45692019602112854
0.4742957851341445
0.43607050965788186
0.4364408147846808
0.4449650481663756
0.44178636711488317
0.43193573326639034
0.5111920248174193
0.5181333362728553
0.6049617019156261
0.6935950730288266
0.6866232353342746
0.711024365601864
0.7143452749001872
0.6383787004736676
0.5419614025900205
0.5538552954874727
0.5201415862283876
0.38003241803419086
0.3358399061858918
0.3478465520273366
0.364294682286974
0.32763273139577714
0.3288599261094052
0.3883921715603072
0.4376435639599241
0.3391852325768582
0.414564646694468
0.4883972676313457
0.5033845817865278
0.36944574417758425
0.342090721315323
0.2914686804145989
0.28476887541730306
0.26958967229732345
0.2111833144566538
0.16733962987227496
0.2046324406213746
0.35789074779598856
0.365147439734299
0.3179451843364905
0.3418891232547963
0.4342693073131082
0.40083410639110206
0.41359777602258
0.43764457544849555
0.3761142306180929
0.4113056365303489
0.5554748255633747
0.5691139320508524
0.6225476708092204
0.5700211113063394
0.5656856038085543
0.5185604029015587
0.5316859238342108
0.5410764491307262
0.4615165872473299
0.3506343829710759
0.29489403872751185
0.29022192500999533
0.320989940597653
0.43924163314358877
0.3328569452067761
0.30084444317414144
0.40882833001212027
0.3951462018623912
0.344777088643034
0.30567983784919434
0.39271837686699945
0.3683341322320837
0.32841911086895936
0.36023889694692524
0.4115274754796987
0.3765166465658887
0.32694581308474663
0.3049916187881437
0.2213285544248398
0.258100259816742
0.22238741348580707
0.2447543356664228
0.35027676152381515
0.42703319110079646
0.4187898985513156
0.4384309547678694
0.38959589893728924
0.3974215564829243
0.35953830052068164
0.3483574747457814
0.3489104633548873
0.4001428022283298
0.4060134932941554
0.3871499135784953
0.4070971109057882
0.43563649907375585
0.4229333909632703
0.36041715294068627
0.33835408783393095
0.3440789555030762
0.3566078461956268
0.43608038269274396
0.49181708928965334
0.46628853687732247
0.4639940099573543
0.47082371087332175
0.45779837559967684
0.47373648159661447
0.42194966099128
0.4082002884629515
0.4542787769809005
0.5325002492858728
0.5667857742551415
0.5631620857088386
0.5352888644862094
0.5333052867045435
0.5682734480635415
0.651544969920369
0.6837940477065023
0.6423275223207909
0.6492963907772092
0.6905073176158566
0.6694606981759759
0.7233020053171401
0.7347874621441283
0.77654756554218
0.7430789548324385
0.7468617044419715
0.7917280296930547
0.8120936329526829
0.8383738628128834
0.8622326916843956
0.8980380997774873
0.9025311498677234
0.8552540722356237
0.8688069287554216
0.842551343263792
0.8193681514599304
0.7931714657451673
0.7597526334873829
0.8203307590386842
0.8434627498790399
0.8651141964357942
0.8282951741714307
0.8623188230884378
0.886784660087564
0.909669669515746
0.9431350057282102
0.9844584518772962
0.9811153906583563
0.9648129456668658
0.9741309925177908
0.9840666784067573
0.9621478964478554
0.8827908148945907
0.8778442831061809
0.9118961668481368
