0.024142716557405217
0.019653833156648978
0.018793796514070996
0.018855486865575415
0.03445226972315098
0.05588060910462338
0.07095483800679465
0.07960963737224194
0.08040072603776126
0.08048418947964574
0.0871866691913106
0.09647288775034517
0.10233347499017634
0.1102951643830973
0.11087215106445174
0.09151225420049905
0.08371749169134704
0.0963857951751076
0.1049281001690188
0.11780324801138999
0.14446075543910625
0.15604403375093395
0.1591394400085179
0.15610935302207413
0.14963549054568265
0.13313875378440476
0.1196467019995548
0.12195101959161944
0.1118337953196585
0.10325157306462297
0.1143376994310622
0.11609406127142405
0.11306034557906179
0.13896305268274736
0.1642161964221013
0.17505556138252287
0.1946368178561947
0.19008261518429825
0.1716226724377652
0.15505335877979284
0.12789144178113387
0.11048023565132785
0.11231280330801995
0.12536213565971435
0.12913976491719997
0.16269208073664865
0.19122570157438248
0.21733162411704288
0.2401715848124319
0.2651453072964807
0.28188880567749364
0.28595311402955587
0.2885368528769256
0.3005301909863387
0.30161884486419005
0.30314296033592547
0.30681898198078233
0.31210621145889483
0.29212578194654487
0.282139196003147
0.2619083761651436
0.24259202548195102
0.23217723578394078
0.23714512674562388
0.2573650602521545
0.2914943627529576
0.3301524659156413
0.35840303679215163
0.3853762538166615
0.39272103926710367
0.39733330337086875
0.3888599465677336
0.3795410683731289
0.3702221901785242
0.3591215483472591
0.3456512696527892
0.33603482603213514
0.3232975743575986
0.32003161251032725
0.3389451612352059
0.3577679886789285
0.38062972246469756
0.3920243010160935
0.3950616456280915
0.37508847374129584
0.3496538876533471
0.3294012945112463
0.31373556367661204
0.3270316576480415
0.3547995920439892
0.3824840629980524
0.41138419745261157
0.4538417027494437
0.4585991206465977
0.4597966399763493
0.45874064552035076
0.4549412431724851
0.44406921879021066
0.45835235924058
0.4725556649549833
0.5039597037346635
0.5555873047267929
0.6085974961031871
0.651069516864845
0.6944523782891127
0.7028567871151892
0.6720515081072435
0.6472810010621693
0.609940169440045
0.5409122488632997
0.4796319159090276
0.4416016032340129
0.40257335796230265
0.36105935253621574
0.350582872486701
0.3614948141300997
0.3792943067533939
0.3706649093979625
0.38854786546314113
0.4223941177890034
0.4474948498956968
0.43361814053699455
0.4384299911600987
0.41556099974877536
0.3764275179448006
0.3307911429485001
0.3001056159376447
0.26305509190229825
0.2437060817972529
0.2573106277399217
0.2730997392775647
0.2919588550627759
0.3267050615060578
0.3739853041849014
0.3802777240989807
0.38993408498075915
0.4149803843615025
0.4200789138654659
0.4120119877265631
0.44325635724802864
0.4736225457424545
0.511768981494924
0.5530761425624002
0.5868389316600954
0.5788736133475384
0.5727082030561038
0.5577138088898984
0.5380309448035979
0.4955298931122884
0.45069186419334406
0.4009222326542054
0.35470887076283314
0.3506735933404225
0.34541176565860854
0.3461556792237319
0.37243215778351435
0.38788015792806524
0.36647722055660864
0.3614331237785954
0.38248769191768817
0.3724757039642745
0.3573905885169132
0.3608271061675893
0.38423679570506114
0.3811196163570971
0.37440625010024225
0.3731942153056647
0.3465185639209215
0.316214065778
0.2827778730360059
0.26312403966563963
0.2691660694677828
0.3095551322470952
0.33968544588069355
0.38477023641937275
0.415481165440244
0.42639673600327843
0.41229140919558555
0.3978485994870015
0.3784524142815602
0.3808220511447651
0.38142806854205386
0.3862544346299837
0.398447359258736
0.4174625155962434
0.42288401253627206
0.41411309030708754
0.4047506659317227
0.3909392758441606
0.3723450656357114
0.37339743117207413
0.3998372074822725
0.4254096897380559
0.4501983409538742
0.47481643636628773
0.4796210291501204
0.47629337695134455
0.46671685080553216
0.453921537699127
0.44893913127261803
0.46353798131978097
0.4817330182758348
0.511123047050228
0.5374575868281619
0.5531414620472578
0.5592270378164439
0.576213668897556
0.6008934546614739
0.6228951518046649
0.6473318048684837
0.6732526563566309
0.6756839835713402
0.6833009326515331
0.7025846236991556
0.7295687272688556
0.7398855380601557
0.7560847093953842
0.7700158516937539
0.7857069843246867
0.7977946724211744
0.8228409720156349
0.8551195626890016
0.8788050445621429
0.8881420669274919
0.895341698584545
0.8918144596527129
0.8753975574136839
0.8520713313180962
0.8314050498862088
0.820816075465158
0.8205947156417216
0.8300152016626724
0.8368700927932804
0.8587302648490011
0.8721170801015865
0.8854276895378416
0.9013329241529394
0.9346529940311961
0.9597428395926996
0.976286751240656
0.9904211089780006
0.9997799044337295
0.9954615768363781
0.9745703068751358
0.9563353526579578
0.9431336086736029
0.927061446961019
0.9132899741345814
0.9281609875977777
