0.9522601579744226
0.9615754072493916
0.9684448138448253
0.9751690666468703
0.974980366459004
0.960954874387277
0.9532980078322424
0.9620725589810627
0.9712970869748756
0.9694572619063466
0.9749041606426737
0.9742328241879622
0.952594011955678
0.9244994814177465
0.9117150546428141
0.9091857485213946
0.9118529508106488
0.916203937829853
0.939312433235357
0.9550180815448329
0.9424659011385269
0.9341703575506334
0.9328240555078571
0.9240531330649552
0.9230515713349069
0.9452891433389254
0.9775423322159936
1.0038188105620587
1.0272539021095464
