0.33655894601719955
0.34323312496070724
0.3462073563823468
0.3469267535731303
0.34968180652204295
0.34931923957505207
0.3491589513616746
0.34764445310140807
0.34720892890001054
0.34705868364206804
0.34717943178848854
0.34739380938282427
0.3467341469712351
0.34641728295772417
0.3468851425072163
0.3474954162644364
0.34733678207945656
0.34820230215541215
0.3479342423043449
0.34803348728010264
0.34822551257860873
0.3476718023280194
0.347293307217292
0.3466784897546808
0.34704841502941997
0.34715481182709407
0.3471624556019154
0.34713962260595943
0.3472660115932609
0.34660714314204083
0.34663242340164546
0.34792148585646354
0.3472947468899842
0.34749449055096654
0.3464373912953259
0.3470806634235327
0.3468933091261262
0.34755883771277435
0.3469357949532271
0.3471561861803922
0.34775253872365103
0.34836697274822687
0.34882572209640006
0.3474083875759486
0.34732214392648364
0.34787267430507535
0.34783535007645316
0.34782766818822014
0.3474106487914246
0.3470717112389806
0.346302726100559
0.34775857910809654
0.3467279318121478
0.3468847566745814
0.34638881047391384
0.34622515038613644
0.347059226362942
0.34696556719586386
0.34659090549848737
0.3473942327139194
0.3471545435132487
0.3462882631605937
0.3468954148031412
0.3465743326050247
0.34742991994331857
0.348440915855737
0.3451057926258441
0.3429019206168808
0.34299954228554075
0.3435708950121258
0.34365156675350017
0.3434007686253381
0.3442166757312553
0.3439832157935033
0.3434736104052632
0.343566122790163
0.3439806603494395
0.3439154003739658
0.3433842189847668
0.3439700024220496
0.343604487174353
0.34516047843192676
0.3433605351055019
0.3444377828387928
0.3429779223768555
0.3442638028186785
0.34436647630676365
0.34422862215229333
0.3436800331150892
0.34293355388027513
0.34336567105388494
0.3442803912863027
0.34434102948484524
0.34418582761424854
0.34453358116262656
0.3436719805952465
0.34355252421662247
0.3410621990477817
0.33879977157647034
0.3394346831950016
0.35859712021341383
