232.3
233.05
233.45
233.35
233.65
233.6
233.55
233.55
233.65
233.55
233.6
233.55
233.65
233.5
233.55
233.7
233.6
233.65
233.65
233.45
233.5
233.3
233.6
233.55
233.6
233.6
233.6
233.4
233.5
233.4
233.55
233.6
233.5
233.8
233.6
233.5
233.55
233.7
233.65
233.6
233.55
233.8
233.6
233.5
233.45
233.55
233.65
233.6
233.5
233.5
233.5
233.6
233.5
233.55
233.55
233.45
233.6
233.5
233.45
233.45
233.45
233.4
233.6
233.4
233.6
233.6
232.9
232.95
232.85
233.0
233.1
232.9
233.1
233.1
233.1
233.1
233.1
233.2
233.05
233.05
233.0
233.25
232.9
233.25
232.85
233.2
233.15
233.1
233.1
233.0
232.95
233.1
233.1
233.0
233.1
233.0
233.05
232.8
232.5
232.65
234.9
