0.5654583690770455
0.5654583690770455
0.5654583690770455
0.5654583690770455
0.5654583690770455
0.5654583690770455
0.5654583690770455
0.5654583690770455
0.5654583690770455
0.5654583690770455
0.5654583690770455
0.5654583690770455
0.5654583690770455
0.5654583690770455
0.5654583690770455
0.5654583690770455
0.5654583690770455
0.5654583690770455
0.5654583690770455
0.5654583690770455
0.5654583690770455
0.5654583690770455
0.5654583690770455
0.6065156585719127
0.6108451103452456
0.6149100976458234
0.6187357066561386
0.6223438795621005
0.6257538967064082
0.6289827722585682
0.6320455810132083
0.6349557299413845
0.6377251851203828
0.6403646623915006
0.6428837883537458
0.6452912369583876
0.6475948459259896
0.6498017163914147
0.6519182985396342
0.6539504654859526
0.6559035772483681
0.6577825363344298
0.6595918362027403
0.6613356036468558
0.6630176359764328
0.6646414337290744
0.6662102295301742
0.6677270136222226
0.6691945565056693
0.6706154290674083
0.6719920205178541
0.6733265544114018
0.6746211029862552
0.6758776000268615
0.6770978524244889
0.6782835505879607
0.6794362778365384
0.6805575188898442
0.6816486675550791
0.6827110336992168
0.683745849583039
0.6847542756245392
0.6857374056511462
0.6866962716932166
0.6876318483651563
0.6885450568752357
0.6894367687005318
0.6903078089593861
0.691158959510222
0.6919909618024476
0.6928045195024326
0.6936003009151341
0.694378941219809
0.6951410445363702
0.6958871858372688
0.6966179127183026
0.6973337470404336
0.6980351864535208
0.6987227058118323
0.699396758490261
0.7000577776093375
0.7007061771763798
0.7013423531494547
0.7019666844302166
0.7025795337911518
0.7031812487422672
0.7037721623418226
0.7043525939553069
0.7049228499665045
0.7054832244441683
0.7060339997675263
0.7065754472135788
0.7071078275089044
0.707631391348472
0.7081463798837537
0.7086530251822579
0.7091515506604277
0.7096421714917055
0.7101250949914237
0.710600520980053
0.7110686421262283
0.7115296442708638
0.7119837067335729
0.7124310026025186
0.7128716990087391
0.71330595738592
0.7137339337165104
0.714155778765024
0.7145716382992996
0.7149816533004507
0.715385960162173
0.7157846908800461
0.7161779732314099
0.7165659309463653
0.7169486838704134
0.7173263481192049
0.717699036225852
0.7180668572812168
0.7184299170675681
0.7187883181859738
0.7191421601777701
0.7194915396404311
0.7198365503381384
0.7201772833073353
0.7205138269575319
0.720846267167608
0.7211746873778536
0.7214991686779615
0.7218197898911859
0.7221366276548581
0.7224497564974459
0.7227592489123292
0.723065175428456
0.7233676046780324
0.7236666034613926
0.7239622368091866
0.7242545680420153
0.7245436588276339
0.7248295692358427
0.7251123577911719
0.7253920815234652
0.7256687960164611
0.7259425554544624
0.7262134126671851
0.7264814191728661
0.7267466252197128
0.7270090798257651
0.7272688308172456
0.72752592486546
0.7277804075223169
0.7280323232545229
0.7282817154765158
0.7285286265821839
0.7287730979754315
0.7290151700996333
0.7292548824660282
0.7294922736810967
0.7297273814729645
0.729960242716872
0.7301908934597506
0.7304193689439393
0.7306457036300803
0.7308699312192236
0.7310920846741755
0.7313121962401196
0.7315302974645395
0.7317464192164714
0.7319605917051135
0.7321728444978151
0.7323832065374725
0.7325917061593539
0.7327983711073726
0.733003228549834
0.7332063050946731
0.7334076268042032
0.7336072192093939
0.7338051073236959
0.7340013156564298
0.7341958682257546
0.7343887885712319
0.7345800997659999
0.7347698244285721
0.7349579847342738
0.7351446024263291
0.7353296988266131
0.7355132948460775
0.735695410994864
0.7358760673921163
0.7360552837754992
0.736233079510439
0.7364094735990886
0.7365844846890346
0.7367581310817473
0.7369304307407899
0.7371014012997883
0.7372710600701744
0.737439424048709
0.7376065099247899
0.7377723340875562
0.7379369126327906
0.7381002613696319
0.7382623958270986
0.7384233312604335
0.7385830826572738
0.7387416647436514
0.7388990919898317
0.7390553786159915
0.739210538597746
0.7393645856715271
0.7395175333398167
0.7396693948762425
0.7398201833305383
0.7399699115333734
0.7401185921010562
0.7402662374401147
0.7404128597517573
0.740558471036221
0.7407030830970033
0.7408467075449908
0.7409893558024789
0.7411310391070911
0.7412717685155987
0.7414115549076455
0.7415504089893782
0.7416883412969864
0.7418253622001558
0.7419614819054355
0.742096710459522
0.7422310577524636
0.7423645335207871
0.7424971473505471
0.7426289086803034
0.7427598268040254
0.7428899108739281
0.7430191699032397
0.7431476127689036
0.743275248214217
0.816681080151157
0.8169939238908641
0.8173047021868484
0.8176134376410863
0.8179201525129178
0.8182248687256588
0.8185276078730596
0.8188283912256118
0.8191272397367112
0.8194241740486755
0.8197192144986258
0.8200123811242326
0.8203036936693303
0.8205931715894055
0.820880834056959
0.821166699966749
0.8214507879409156
0.8217331163339906
0.8220137032377961
0.8222925664862342
0.822569723659971
0.8228451920910178
0.8231189888672109
0.8233911308365945
0.823661634611708
0.8239305165737802
0.8241977928768329
0.8244634794516965
0.8247275920099397
0.8249901460477148
0.8252511568495213
0.8255106394918907
0.8257686088469923
0.8260250795861636
0.8262800661833674
0.8265335829185757
0.8267856438810841
0.827036262972757
0.8272854539112062
0.8275332302329037
0.8277796052962313
0.8280245922844672
0.8282682042087128
0.8285104539107591
0.8287513540658962
0.8289909171856653
0.8292291556205568
0.829466081562653
0.8297017070482193
0.8299360439602436
0.830169104030925
0.830400898844115
0.8306314398377089
0.8308607383059914
0.8310888054019365
0.8313156521394628
0.8315412893956442
0.8317657279128793
0.8319889783010183
0.8322110510394488
0.832431956479143
0.8326517048446646
0.8328703062361381
0.8330877706311817
0.8333041078868021
0.8335193277412556
0.8337334398158727
0.8339464536168497
0.8341583785370068
0.8343692238575136
0.8345789987495816
0.8347877122761286
0.8349953733934085
0.8352019909526144
0.8354075737014514
0.8356121302856804
0.8358156692506347
0.8360181990427088
0.8362197280108207
0.8364202644078471
0.8366198163920343
0.8368183920283832
0.8370159992900091
0.8372126460594789
0.8374083401301231
0.8376030892073261
0.8377969009097926
0.8379897827707931
0.8381817422393862
0.8383727866816216
0.8385629233817202
0.8387521595432352
0.8389405022901923
0.8391279586682119
0.8393145356456095
0.8395002401144801
0.8396850788917617
0.8398690587202828
0.8400521862697912
0.8402344681379647
0.8404159108514068
0.8405965208666237
0.8407763045709865
0.8409552682836761
0.8411334182566133
0.8413107606753735
0.8414873016600853
0.8416630472663159
0.8418380034859405
0.8420121762479978
0.8421855714195325
0.8423581948064232
0.8425300521541963
0.8427011491488285
0.8428714914175348
0.8430410845295443
0.8432099339968638
0.8433780452750291
0.8435454237638437
0.8437120748081068
0.8438780036983291
0.8440432156714374
0.8442077159114676
0.8443715095502482
0.8445346016680715
0.8446969972943549
0.8448587014082928
0.8450197189394965
0.8451800547686258
0.8453397137280103
0.8454987006022606
0.8456570201288711
0.8930321369317252
0.8931382930257596
0.8932440027258054
0.8933492691759533
0.8934540954894554
0.8935584847491131
0.8936624400076565
0.893765964288119
0.8938690605842077
0.8939717318606653
0.8940739810536293
0.8941758110709843
0.8942772247927091
0.8943782250712196
0.8944788147317048
0.8945789965724602
0.8946787733652138
0.8947781478554494
0.8948771227627234
0.8949757007809778
0.8950738845788491
0.8951716767999718
0.8952690800632773
0.89536609696329
0.8954627300704165
0.8955589819312338
0.8956548550687707
0.8957503519827861
0.8958454751500438
0.8959402270245824
0.8960346100379826
0.896128626599629
0.8962222790969697
0.8963155698957714
0.8964085013403715
0.8965010757539255
0.8965932954386523
0.8966851626760753
0.8967766797272604
0.8968678488330498
0.8969586722142946
0.8970491520720814
0.8971392905879582
0.8972290899241556
0.8973185522238061
0.8974076796111592
0.8974964741917945
0.8975849380528313
0.8976730732631362
0.8977608818735261
0.8978483659169707
0.8979355274087905
0.8980223683468529
0.8981088907117657
0.8981950964670673
0.8982809875594155
0.8983665659187728
0.8984518334585893
0.8985367920759835
0.8986214436519212
0.8987057900513905
0.8987898331235763
0.8988735747020306
0.8989570166048425
0.8990401606348043
0.8991230085795768
0.8992055622118511
0.8992878232895094
0.8993697935557831
0.8994514747394091
0.899532868554784
0.8996139767021162
0.8996948008675759
0.8997753427234441
0.8998556039282581
0.8999355861269569
0.900015290951023
0.9000947200186239
0.9001738749347508
0.900252757291356
0.9003313686674885
0.9004097106294279
0.900487784730816
0.9005655925127881
0.9006431355041011
0.9007204152212612
0.9007974331686497
0.9008741908386462
0.9009506897117519
0.9010269312567105
0.9011029169306277
0.9011786481790887
0.9012541264362754
0.9013293531250817
0.901404329657226
0.9014790574333651
0.9015535378432041
0.9016277722656064
0.901701762068702
0.9017755086099941
0.901849013236465
0.9019222772846809
0.9019953020808938
0.9020680889411451
0.9021406391713644
0.9022129540674706
0.9022850349154689
0.9023568829915485
0.9024284995621785
0.9024998858842027
0.9025710432049329
0.9026419727622416
0.902712675784654
0.9027831534914377
0.9028534070926919
0.9029234377894366
0.9029932467736989
0.9030628352285995
0.9031322043284382
0.9032013552387776
0.903270289116527
0.9033390071100238
0.9034075103591156
0.9034757999952402
0.9035438771415052
0.9036117429127662
0.9036793984157053
0.9037468447489067
0.9038140830029332
0.9038811142604014
0.9039479395960556
0.9040145600768407
0.9040809767619755
0.904147190703024
0.9042132029439659
0.904279014521267
0.9043446264639488
0.9044100397936562
0.9044752555247257
0.9045402746642527
0.9046050982121567
0.9046697271612479
0.9047341624972913
0.904798405199071
0.9048624562384532
0.9049263165804492
0.9049899871832772
0.9050534689984235
0.9051167629707034
0.9051798700383203
0.9052427911329263
0.9053055271796793
0.9053680790973021
0.9054304477981393
0.9054926341882142
0.9055546391672848
0.9056164636288992
0.9056781084604507
0.9057395745432321
0.9058008627524894
0.9058619739574748
0.9059229090214997
0.9059836688019863
0.9060442541505193
0.9061046659128965
0.9061649049291799
0.9062249720337447
0.9062848680553294
0.9063445938170838
0.906404150136618
0.9064635378260499
0.9065227576920524
0.9065818105359
0.9066406971535159
0.9066994183355166
0.9067579748672584
0.9068163675288815
0.9068745970953548
0.9069326643365193
0.9069905700171325
0.9070483148969104
0.9071058997305709
0.9071633252678754
0.9072205922536707
0.9072777014279306
0.9073346535257965
0.9073914492776173
0.9074480894089905
0.9075045746408013
0.9075609056892615
0.9076170832659489
0.9076731080778455
0.9077289808273754
0.9077847022124428
0.907840272926469
0.9078956936584293
0.9079509650928898
0.9080060879100432
0.9080610627857455
0.9081158903915497
0.9081705713947431
0.9082251064583801
0.908279496241318
0.9083337413982502
0.9083878425797404
0.9084418004322559
0.9084956155982006
0.9085492887159476
0.9086028204198722
0.908656211340383
0.908709462103955
0.9087625733331597
0.9088155456466974
0.9088683796594276
0.9089210759823994
0.9089736352228818
0.9090260579843944
0.9090783448667361
0.9091304964660152
0.909182513374678
0.9092343961815382
0.9092861454718049
0.9093377618271113
0.9093892458255428
0.9094405980416642
0.9094918190465477
0.9095429094078
0.9095938696895891
0.9096447004526713
0.9096954022544175
0.9097459756488392
0.909796421186615
0.9098467394151156
0.9098969308784303
0.9099469961173909
0.909996935669598
0.9100467500694449
0.9100964398481425
0.9101460055337434
0.9101954476511663
0.9102447667222198
0.9102939632656254
0.910343037797042
0.9103919908290881
0.9104408228713655
0.9104895344304818
0.9105381260100727
0.9105865981108247
0.9106349512304974
0.9106831858639451
0.9107313025031385
0.9107793016371867
0.910827183752358
0.9108749493321018
0.9109225988570685
0.9109701328051312
0.9110175516514062
0.9110648558682728
0.9111120459253942
0.9111591222897371
0.9112060854255917
0.9112529357945914
0.9112996738557325
0.911346300065393
0.9113928148773524
0.91143921874281
0.9114855121104043
0.9115316954262317
0.9115777691338641
0.9116237336743684
0.9116695894863239
0.9117153370058404
0.9117609766665762
0.9118065088997558
0.9118519341341873
0.9118972527962799
0.9119424653100607
0.9119875720971927
0.9120325735769905
0.9120774701664384
0.9121222622802054
0.9121669503306636
0.9122115347279031
0.9122560158797485
0.9123003941917753
0.9123446700673258
0.9123888439075244
0.9124329161112938
0.9124768870753702
0.9125207571943187
0.9125645268605487
0.9126081964643287
0.9126517663938016
0.9126952370349999
0.9127386087718593
0.9127818819862343
0.9128250570579127
0.912868134364629
0.9129111142820797
0.912953997183937
0.9129967834418627
0.9130394734255223
0.9130820675025983
0.9131245660388047
0.9131669693978995
0.9132092779416991
0.913251492030091
0.913293612021047
0.9133356382706366
0.9133775711330397
0.9134194109605599
0.9134611581036365
0.9135028129108578
0.9135443757289735
0.9135858469029071
0.9136272267757684
0.9136685156888652
0.9137097139817161
0.9137508219920624
0.9137918400558798
0.9138327685073901
0.9138736076790739
