0.9290813526501435
0.9291826966566417
0.9292836802035738
0.9293843048887391
0.9294845723028023
0.9295844840293218
0.9296840416447777
0.9297832467185998
0.9298821008131964
0.9299806054839822
0.9300787622794059
0.930176572740979
0.9302740384033035
0.9303711607940996
0.9304679414342347
0.9305643818377498
0.9306604835118891
0.9307562479571265
0.930851676667194
0.9309467711291096
0.9310415328232047
0.9311359632231521
0.9312300637959933
0.9313238360021662
0.9314172812955331
0.9315104011234075
0.9316031969265821
0.9316956701393554
0.9317878221895602
0.93187965449859
0.9319711684814264
0.9320623655466663
0.9321532470965496
0.9322438145269851
0.9323340692275781
0.932424012581658
0.9325136459663036
0.9326029707523715
0.9326919883045219
0.9327806999812458
0.932869107134891
0.9329572111116889
0.9330450132517817
0.9331325148892476
0.9332197173521283
0.9333066219624542
0.9333932300362714
0.9334795428836679
0.9335655618087988
0.9336512881099132
0.9337367230793797
0.9338218680037126
0.9339067241635971
0.9339912928339154
0.9340755752837724
0.9341595727765211
0.934243286569788
0.9343267179154989
0.9344098680599039
0.9344927382436025
0.9345753297015692
0.9346576436631782
0.9347396813522291
0.9348214439869709
0.9349029327801274
0.9349841489389221
0.9350650936651028
0.935145768154966
0.9352261735993814
0.9353063111838171
0.9353861820883631
0.935465787487756
0.9355451285514033
0.9356242064434072
0.935703022322589
0.935781577342513
0.9358598726515104
0.9359379093927027
