0.5001677746201658
0.5212971526502352
0.5397725487786176
0.5558349550009111
0.5697956680718367
0.5819565097180709
0.5925854379150339
0.6019120623634321
0.5230522914797617
0.5328886998463348
0.5418178757882384
0.5499522456640634
0.5573883236417049
0.5642091012494861
0.570486106794345
0.5762811535474368
0.5816478121826858
0.5866326464978856
0.5912762493573941
0.5956141115808768
0.5996773517964468
0.603493330798974
0.6070861699837636
0.6104771900316621
0.6136852831795327
0.616727230058355
0.6196179701484359
0.6223708333183868
0.6249977386201285
0.6275093654537659
0.6299153013499084
0.6322241699069454
0.6344437418375958
0.6365810315989467
0.6386423816840082
0.6406335363249639
0.6425597060863182
0.6444256245998436
0.6462355985044611
0.6479935514962498
0.649703063261327
0.6513674039529049
0.6529895647798766
0.6545722851948351
0.6561180771020839
0.6576292464489744
0.6591079125151547
0.660556025172694
0.6619753803544148
0.6633676339372249
0.6647343142209533
0.666076833160581
0.6673964964902112
0.6686945128602285
0.6699720020944453
0.6712300026613177
0.6724694784422383
0.673691324870274
0.6748963745042846
0.6760854020959942
0.6772591292011326
0.6784182283800916
0.679563327028562
0.6806950108742378
0.6818138271717932
0.6829202876249414
0.6840148710613473
0.6850980258834983
0.6861701723162723
0.6872317044698208
0.6882829922345256
0.6893243830231099
0.690356203373509
0.6913787604247621
0.6923923432770207
0.6933972242456907
0.6943936600187887
0.6953818927257265
0.6963621509249908
0.6973346505174781
0.698299595591643
0.6992571792060479
0.7002075841144123
0.7011509834377957
0.7020875412881453
0.7030174133470704
0.7039407474033654
0.7048576838525064
0.7057683561610666
0.7066728912987492
0.7075714101405084
0.7084640278410278
0.709350854183628
0.7102319939055182
0.7111075470011431
0.711977609005232
0.7128422712570416
0.7137016211471469
0.7145557423480456
0.7154047150297275
0.7162486160612852
0.7170875191995408
0.7179214952656118
0.7187506123102434
0.7195749357686971
0.7203945286059059
0.7212094514525623
0.722019762732761
0.722825518783758
0.7236267739683814
0.7244235807805824
0.7252159899445804
0.7260040505080249
0.7267878099295662
0.727567314161202
0.7283426077257338
0.7291137337896507
0.7298807342317353
0.7306436497076596
0.7314025197108305
0.7321573826297182
0.732908275801887
0.7336552355649374
0.7343982973045513
0.7351374954998121
0.7358728637659803
0.7366044348948643
0.7373322408929472
0.7380563130173952
0.7387766818100802
0.7394933771297351
0.7402064281823503
0.74091586354992
0.741621711217633
0.742323998599601
0.7430227525632068
0.7437179994521601
0.7444097651083262
0.7450980748924063
0.745782953703533
0.7464644259978401
0.7471425158060709
0.7478172467502749
0.7484886420596459
0.7491567245855507
0.7498215168157936
0.7504830408881576
0.7511413186032643
0.7517963714367901
0.7524482205510744
0.7530968868061502
0.7537423907702343
0.7543847527297011
0.7550239926985727
0.7556601304275461
0.7562931854125876
0.7569231769031148
0.7575501239097907
0.7581740452119451
0.7587949593646504
0.759412884705464
0.7600278393608599
0.7606398412523606
0.7612489081023899
0.7618550574398566
0.762458306605487
0.7630586727569183
0.7636561728735614
0.764250823761251
0.7648426420566898
0.7654316442316988
0.7660178465972811
0.7666012653075137
0.7671819163632723
0.7677598156157955
0.7683349787701022
0.768907421388265
0.7694771588925498
0.7700442065684224
0.7706085795674396
0.7711702929100159
0.7717293614880871
0.7722858000676637
0.7728396232912862
0.7733908456803843
0.7739394816375464
0.774485545448702
0.7750290512852226
0.7755700132059424
0.7761084451591088
0.7766443609842567
0.7771777744140185
0.7777086990758695
0.7782371484938099
0.7787631360899903
0.7792866751862803
0.7798077790057845
0.7803264606743059
0.7808427332217637
0.7813566095835636
0.7818681026019219
0.7823772250271499
0.7828839895188987
0.783388408647362
0.7838904948944468
0.7843902606549039
0.7848877182374296
0.7853828798657329
0.7858757576795707
0.7863663637357577
0.786854710009145
0.7873408083935713
0.7878246707027924
0.7883063086713811
0.7887857339556077
0.7892629581342951
0.7897379927096543
0.7902108491080974
0.7906815386810321
0.7911500727056355
0.7916164623856133
0.7920807188519366
0.7925428531635647
0.7930028763081517
0.7934607992027369
0.7939166326944206
0.794370387561026
0.7948220745117456
0.7952717041877772
0.7957192871629444
0.796164833944307
0.7966083549727583
0.7970498606236113
0.797489361207174
0.7979268669693155
0.7983623880920192
0.7987959346939288
0.7992275168308837
0.7996571444964452
0.8000848276224143
0.8005105760793421
0.800934399677028
0.8013563081650156
0.8017763112330768
0.802194418511691
0.8026106395725137
0.8030249839288438
0.8034374610360774
0.8038480802921611
0.8042568510380358
0.8046637825580745
0.8050688840805166
0.8054721647778912
0.8058736337674421
0.806273300111541
0.8066711728180994
0.8070672608409732
0.8074615730803631
0.8078541183832114
0.8082449055435915
0.8086339433030955
0.8090212403512146
0.8094068053257172
0.8097906468130243
0.8101727733485752
0.810553193417195
0.8109319154534557
0.8113089478420326
0.8116842989180592
0.8120579769674764
0.8124299902273785
0.8128003468863585
0.8131690550848448
0.8135361229154386
0.8139015584232484
0.8142653696062159
0.8146275644154466
0.8149881507555311
0.8153471364848663
0.8157045294159717
0.8160603373158068
0.8164145679060795
0.8167672288635575
0.8171183278203734
0.8174678723643288
0.8178158700391944
0.8181623283450089
0.8185072547383755
0.8188506566327522
0.819192541398746
0.8195329163643992
0.8198717888154742
0.8202091659957407
0.8205450551072525
0.8208794633106291
0.8212123977253312
0.8215438654299351
0.821873873462405
0.8222024288203641
0.8225295384613595
0.8228552093031299
0.8231794482238698
0.8235022620624897
0.8238236576188755
0.8241436416541471
0.8244622208909134
0.8247794020135243
0.8250951916683261
0.8254095964639069
0.8257226229713465
0.8260342777244635
0.8263445672200558
0.8266534979181465
0.8269610762422219
0.827267308579472
0.8275722012810248
0.8278757606621839
0.8281779930026613
0.828478904546807
0.8287785015038419
0.8290767900480831
0.8293737763191743
0.8296694664223058
0.8299638664284422
0.8302569823745414
0.8305488202637752
0.8308393860657481
0.8311286857167148
0.8314167251197945
0.8317035101451834
0.8319890466303709
0.8322733403803457
0.8325563971678087
0.8328382227333782
0.8331188227857971
0.833398203002138
0.8336763690280057
0.8339533264777396
0.8342290809346135
0.8345036379510358
0.8347770030487456
0.8350491817190099
0.8353201794228177
0.8355900015910738
0.8358586536247914
0.8361261408952816
0.8363924687443437
0.8366576424844522
0.8369216673989451
0.8371845487422082
0.8374462917398584
0.8377069015889292
0.837966383458049
0.8382247424876236
0.8384819837900137
0.8387381124497151
0.8389931335235309
0.8392470520407517
0.8394998730033254
0.8397516013860338
0.8400022421366605
0.8402518001761639
0.8405002803988462
0.84074768767252
0.8409940268386769
0.8412393027126519
0.8414835200837893
0.8417266837156049
0.8419687983459481
0.8422098686871652
0.8424498994262573
0.8426888952250399
0.8429268607203013
0.843163800523958
0.8433997192232127
0.8436346213807059
0.8438685115346722
0.8441013941990911
0.8443332738638387
0.8445641549948385
0.8447940420342102
0.8450229394004184
0.8452508514884196
0.8454777826698092
0.8457037372929652
0.8459287196831938
0.846152734142872
0.8463757849515903
0.8465978763662938
0.8468190126214219
0.8470391979290488
0.8472584364790213
0.847476732439096
0.8476940899550753
0.8479105131509455
0.8481260061290069
0.8483405729700129
0.8485542177332985
0.8487669444569135
0.8489787571577547
0.8491896598316938
0.8493996564537091
0.8496087509780107
0.8498169473381706
0.8500242494472474
0.8502306611979149
0.8504361864625815
0.8506408290935198
0.8508445929229862
0.8510474817633454
0.8512494994071894
0.8514506496274601
0.8516509361775682
0.8518503627915123
0.852048933183997
0.8522466510505505
0.8524435200676407
0.8526395438927913
0.9006482230675612
0.9007993674872391
0.9009498924247217
0.9010998017948467
0.9012490994790037
0.9013977893254949
0.9015458751498905
0.9016933607353779
0.9018402498331118
0.9019865461625524
0.902132253411803
0.9022773752379463
0.9024219152673691
0.9025658770960902
0.9027092642900788
0.9028520803855722
0.9029943288893865
0.9031360132792279
0.903277137003994
0.9034177034840771
0.9035577161116587
0.9036971782510046
0.9038360932387542
0.9039744643842049
0.9041122949695964
0.9042495882503879
0.9043863474555335
0.904522575787756
0.9046582764238126
0.9047934525147624
0.9049281071862277
0.9050622435386526
0.9051958646475579
0.9053289735637947
0.9054615733137937
0.9055936668998106
0.9057252573001695
0.9058563474695048
0.9059869403389967
0.906117038816607
0.9062466457873098
0.9063757641133229
0.9065043966343301
0.9066325461677079
0.906760215508746
0.9068874074308639
0.9070141246858276
0.9071403700039625
0.9072661460943633
0.9073914556451036
0.9075163013234399
0.907640685776015
0.9077646116290593
0.9078880814885881
0.9080110979406
0.908133663551267
0.9082557808671298
0.9083774524152848
0.9413872820427835
0.9414532678568648
0.9415190123026334
0.9415845167404754
0.9416497825204153
0.9417148109822142
0.9417796034554689
0.9418441612597076
0.9419084857044874
0.9419725780894884
0.9420364397046082
0.9421000718300534
0.942163475736433
0.9422266526848483
0.942289603926982
0.942352330705188
0.9424148342525773
0.9424771157931066
0.9565449527929375
0.9565839407711806
0.9566227906901891
0.9566615033031795
0.9567000793578178
0.9567385195962654
0.9567768247552333
0.9568149955660317
0.9568530327546195
0.9568909370416541
0.9569287091425405
0.9569663497674785
0.9570038596215119
0.9570412394045735
0.9570784898115343
0.9571156115322482
0.9571526052515971
0.9571894716495375
0.9572262114011441
0.9572628251766537
0.9572993136415118
0.9573356774564098
0.9573719172773345
0.957408033755606
0.95744402753792
0.9574798992663913
0.9575156495785925
0.9575512791075952
0.957586788482011
0.957622178326029
0.9576574492594565
0.9576926018977585
0.9577276368520935
0.9577625547293531
0.9577973561322012
0.9578320416591073
0.957866611904385
0.9579010674582307
0.9579354089067558
0.9579696368320243
0.9580037518120884
0.958037754421021
0.9580716452289538
0.9581054248021084
0.958139093702831
0.9581726524896262
0.9582061017171898
0.9582394419364408
0.9582726736945568
0.9583057975350009
0.9583388139975577
0.9583717236183635
0.9584045269299359
0.9584372244612078
0.9584698167375539
0.9585023042808236
0.9585346876093703
0.95856696723808
0.9585991436784008
0.9586312174383735
0.958663189022657
0.9586950589325607
0.9587268276660674
0.9587584957178668
0.9587900635793785
0.9588215317387818
0.9588529006810399
0.9588841708879314
0.9589153428380712
0.9589464170069399
0.9589773938669083
0.9590082738872648
0.9590390575342388
0.9590697452710266
0.959100337557816
0.9591308348518115
0.9591612376072577
0.9591915462754652
0.9592217613048325
0.95925188314087
0.9592819122262246
0.959311849000703
0.9593416939012922
0.9593714473621854
0.9594011098148019
0.9594306816878112
0.959460163407154
0.9594895553960655
0.9595188580750955
0.9595480718621302
0.9595771971724142
0.959606234418571
0.9596351840106225
0.9596640463560134
0.9596928218596289
0.9597215109238132
0.9597501139483934
0.9597786313306972
0.9598070634655739
0.9598354107454121
0.95986367356016
0.9598918522973446
0.9599199473420909
0.9599479590771399
0.959975887882867
0.9600037341373023
0.9600314982161456
0.9600591804927877
0.9600867813383283
0.9601143011215894
0.9601417402091371
0.960169098965299
0.9601963777521785
0.9602235769296744
0.960250696855497
0.9602777378851851
0.9603047003721209
0.9603315846675499
0.9603583911205953
0.9603851200782717
0.960411771885506
0.9604383468851491
0.960464845417995
0.9604912678227929
0.9605176144362659
0.9605438855931235
0.9605700816260788
0.9605962028658622
0.9606222496412378
0.9606482222790168
0.9606741211040716
0.9606999464393519
0.9607256986058981
0.960751377922856
0.9607769847074904
0.9608025192751992
0.9608279819395275
0.9608533730121805
0.9608786928030396
0.9609039416201713
0.960929119769845
0.9609542275565442
0.9609792652829798
0.9610042332501028
0.9610291317571185
0.9610539611014969
0.9610787215789879
0.961103413483633
0.9611280371077765
0.9611525927420799
0.9611770806755314
0.9612015011954618
0.9612258545875522
0.9612501411358496
0.9612743611227764
0.9612985148291432
0.9613226025341602
0.961346624515448
0.9613705810490495
0.9613944724094415
0.9614182988695463
0.9614420607007401
0.9614657581728687
0.9614893915542533
0.9615129611117053
0.9615364671105345
0.9615599098145623
0.9615832894861287
0.8922810348007746
0.8923337183107967
0.8923861129589217
0.8924382197896947
0.8924900398434565
0.8925415741563629
0.8925928237604047
0.8926437896834247
0.8926944729491405
0.8927448745771611
0.8927949955830061
0.8928448369781263
0.8928943997699207
0.8929436849617556
0.8929926935529848
0.8930414265389646
0.893089884911077
0.8931380696567438
0.893185981759448
0.8932336221987486
0.8932809919503027
0.8933280919858803
0.8933749232733831
0.8934214867768632
0.8934677834565392
0.8935138142688146
0.8935595801662966
0.8936050820978106
0.8936503210084203
