0.9224134139328564
0.9223059006746334
0.922198145238363
0.9220901539330457
0.9219819330093167
0.9218734886596563
0.9217648270186056
0.9216559541629872
0.9215468761121284
0.9214375988280916
0.9213281282159058
0.9212184701238044
0.921108630343465
0.9209986146102547
0.9208884286034777
0.9207780779466277
0.9206675682076424
0.9205569048991615
0.9204460934787897
0.9203351393493598
0.9202240478592019
0.9201128243024121
0.920001473919128
0.919890001895803
0.9197784133654852
0.919666713408099
0.919554907050728
0.9194429992679006
0.9193309949818784
0.9192188990629452
0.9191067163296998
0.9189944515493493
0.9188821094380053
0.9187696946609802
0.9186572118330874
0.9185446655189412
0.9170474682950897
0.9168221487109008
0.9165967289455581
0.9163712177327664
0.9161456237088798
0.9161511931829837
0.9176656287614343
0.9191951179924479
0.9198166521714283
0.9198166521714283
0.9198166521714283
0.9198166521714283
0.9198166521714283
0.9198166521714283
0.9178309741638171
0.9158819113977269
0.9159184527644817
0.9159549205099815
0.9159913148865162
0.916027636145162
0.9160638845357894
0.9161000603070698
0.9161361637064837
0.9161721949803273
0.9162081543737205
0.9162440421306136
0.9162798584937945
0.916315603704896
0.9163512780044029
0.9163868816316588
0.9164224148248733
0.9164578778211285
0.9164932708563864
0.9165285941654953
0.9165638479821965
0.9165990325391313
0.9166341480678478
0.9166691947988067
0.9167041729613887
0.9167390827839006
0.9167739244935819
0.9168086983166109
