0.5434457731753096
0.540631442609116
0.5404803505137761
0.5419528734824232
0.5445218423847208
0.5478628780223213
0.5517453189742804
0.5560276164929185
0.5605746454128394
0.5652922436273061
0.5701145443540985
0.5750061306168598
0.5799066477200245
0.5848181102390967
0.589716666990845
0.5945614265367982
0.59934186370672
0.6040515749107424
0.5762187919657272
0.5800523247874414
0.5839649669273324
0.5879363745465132
0.5919538030792749
0.5960016936076071
0.6000646272597802
0.604133979355258
0.6081985033395617
0.612248461004362
0.6162749179142003
0.6202679195888314
0.6242226748900012
0.6281303008221704
0.6319893528435583
0.6357930557373789
0.6395393362846744
0.6432278371782579
0.6467561911343507
0.6481374043618641
0.6494654685046911
0.6507443237565866
0.6519773851723296
0.6531695232828082
0.6543232753689499
0.6554418735299616
0.6565285345705173
0.657585642619805
0.6586160205711441
0.6596212565446541
0.6606038919235175
0.6615660881148312
0.6625089289612444
0.6634345205660536
0.6643446341654928
0.6652401207093582
0.6661221533259828
0.6669920654556643
0.6678507631507498
0.6686991586966263
0.6695381791317767
0.6703686263307629
0.6711912261903676
0.6720067073153585
0.6728156883666235
0.6736187132251865
0.6744163541203407
0.6752091230017863
0.6759973914899089
0.676781507547428
0.6775620094195337
0.67833898190595
0.679112811736296
0.6798836515512371
0.6806519351245996
0.6814176281916461
0.6821811981465492
0.682942523089087
0.6837022276849304
0.6844600687922894
0.685216414273605
0.685971184057761
0.6867245930457344
0.6874763625893408
0.6882268834555277
0.6889761570262085
0.6897247959752804
0.6904722428959863
0.6912191080521255
0.6919652386216195
0.6927104228258252
0.6934542962316063
0.6941973040962108
0.694939318438207
0.695680325812016
0.6964205007708427
0.6971597209069856
0.6978983380192716
0.6986362896605066
0.6993732596310603
0.7001092100630031
0.7008445133701754
0.7015788853538198
0.7023121030919695
0.7030447199002252
0.7037766541639974
0.7045077487908094
0.7052379059359691
0.7059671471794382
0.7066955004888518
0.7074227930731312
0.7081491207141795
0.7088746020906391
0.7095993221433552
0.7103229959562701
0.7110458290002083
0.7117674346443175
0.7124882305668544
0.7132077991688824
0.7139265834366928
0.7146440563558402
0.7153606769011237
0.7160763265302473
0.7167907141630867
0.7175033077916341
0.7182149251048989
0.7189253899430298
0.7196344934011843
0.7203422068560609
0.7210491148545414
0.7217545720818258
0.7224583771760987
0.7231609848705068
0.7238630409488109
0.7245635403423836
0.7252630310084105
0.7259611798564686
0.7266574590365843
0.7273517122078654
0.7280447737977443
0.7287361399303334
0.7294262750410324
0.7301150979551524
0.7308024265141172
0.731488024861156
0.7321721398101462
0.7328547276430422
0.7335356807586945
0.734215319685498
0.7348935356885126
0.735570366825912
0.7362456316113534
0.7369194702393786
0.7375917686155915
0.7382625306519026
0.7389316595880681
0.7395992685023919
0.7402653735602482
0.7409298796073449
0.7415928352446747
0.7422542153183042
0.7429139804375559
0.7435719969474912
0.7442283629433044
0.7448831152906261
0.7455363418311335
0.746187962361204
0.746838053755058
0.7474866116562097
0.748133471845265
0.7487785392100496
0.7494220181078678
0.7500641037272664
0.7507044739796809
0.7513432398966569
0.7519803719437809
0.7526158145372078
0.7532492711625612
0.7538809669738066
0.7545109732757159
0.7551394584151622
0.7557661009075329
0.7563911049047622
0.7570144953614102
0.7576361060820962
0.7582557622119422
0.758873767921802
0.7594901114159962
0.7601045974085463
0.7607172917777446
0.7613282564502477
0.7619375634318045
0.7625450971906881
0.763150957303751
0.7637552094025648
0.7643577544325592
0.7649586230489142
0.7655580293980725
0.7661558849516097
0.7667521297542198
0.7673468589113501
0.7679398072280043
0.7685309538467582
0.769120468575479
0.7697081784973756
0.7702941905658854
0.7708786676103285
0.7714613309854685
0.7720423060482674
0.7726217690818049
0.7731994750092605
0.7737751204868144
0.7743490533213051
0.7749211467875816
0.7754915564087297
0.7760601540251117
0.7766273230808128
0.7771928818369748
0.7777568231312216
0.7783189396476491
0.7788795815263665
0.7794384831574318
0.7799956960818419
0.7805512443090684
0.7811051055524352
0.7816573191146234
0.7822079976189902
0.7827570160614699
0.7833043660341801
0.7838501603410635
0.7843941740914147
0.7849366021753286
0.7854773213397153
0.7860164051533246
0.7865538636523213
0.7870897275550437
0.7876238269590534
0.788156352504276
0.7886872607491561
0.7892165362532688
0.7897442826334464
0.7902703783571601
0.7907948810873121
0.7913177793199042
0.791839066374319
0.7923586962739257
0.7928768000340688
0.7933933872663135
0.7939084402640263
0.7944219164331444
0.7949338592382198
0.795444092972605
0.7959526944470895
0.7964596940131369
0.7969651796458285
0.7974691126613366
0.7979715835387047
0.7984724205122602
0.7989716700719287
0.7994691138444966
0.7999649490862399
0.8004592280231843
0.8009519925077602
0.8014431830713785
0.8019329190106418
0.8024211306192746
0.8029078211732209
0.8033929839454732
0.8038767271813092
0.8043589958674343
0.8048397676685998
0.8053189830016847
0.8057967594865588
0.8062729669440323
0.8067476882332006
0.80722097233467
0.8076927576576713
0.8081629604683993
0.8086316971351731
0.809098923440353
0.8095646052732728
0.8100288823632401
0.810491816077787
0.8109533818553655
0.8114135263321802
0.8118721546946891
0.8123293906812953
0.8127850362213551
0.8132391397044046
0.8136919088473967
0.8141432550324573
0.8145930734744337
0.8150414274864008
0.8154881955627048
0.815933393108412
0.8163771116084673
0.8168194361169417
0.8172603942332696
0.8176999516759142
0.8181381194003428
0.8185749975694786
0.819010422831002
0.8194444883824846
0.8198771675992766
0.8203084578237292
0.8207383183949328
0.821166802271883
0.8215938766439739
0.8220196778946185
0.8224440055828106
0.8228669894808877
0.8232886138575783
0.8237088855235605
0.8241277610635986
0.8245453926932937
0.8249616661660476
0.8253766984636908
0.8257904188662204
0.826202726285714
0.8266136394884027
0.8270232618768127
0.8274314333547498
0.8278382824384702
0.8282438853774843
0.8286481730900129
0.8290511462355152
0.8294528523451237
0.8298532253362673
0.830252242672841
0.8306499701967534
0.8310463618422721
0.8314414698333642
0.831835366423021
0.8322280793684947
0.8326195400490353
0.8330096863563988
0.8333986503141365
0.8337863331929822
0.8341726605841687
0.8345577058621824
0.8349415048391453
0.8353239728470239
0.8357051528272134
0.8360851086807346
0.8364638601119965
0.8368414263269182
0.8372177968602444
0.8375929304864425
0.8379668348652416
0.8383395024337604
0.8387109623504755
0.8390811897303074
0.8661169184906982
0.8662724690232857
0.8664260087505854
0.8665794869716399
0.8667330894845087
0.8668878540430798
0.8670391244944092
0.8671904177999152
0.8673441889764882
0.8674967025842615
0.8676470184324192
0.8677966342974938
0.8679459548600029
0.8680963020217793
0.8682469106676521
0.8683979633918898
0.8685444044993506
0.8686932847228983
0.8688412575506457
0.8689894552102488
0.869137451822617
0.869284709313614
0.8694327443510416
0.869580957376069
0.8697287558911947
0.8698746392477009
0.8700193503962995
0.8701669002443624
0.8703135328166929
0.8704580851511353
0.8706015587061938
0.8707472675136967
0.8708922815602056
0.8710363028968603
0.8711796693580504
0.8713233746158856
0.871467059288279
0.8716104883268307
0.8717532414286616
0.8718955858332781
0.8720388317453494
0.8721818604296051
0.8723254386409919
0.872466752818941
0.8726070035031613
0.8727483013935282
0.872889841599503
0.8730300629876451
0.8731711334532143
0.8733117281958344
0.8734531954020712
0.8735924212165517
0.8737314476122253
0.873871023389799
0.8740105111313115
0.8741493137992917
0.8742874984783446
0.8744273577220432
0.874566202515353
0.8747048207823888
0.8748428808108084
0.8749875784374805
0.8751308524323709
0.8752654293487117
0.875400454721501
0.8755300114359433
0.875667425702164
0.8758044730973384
0.875940931104821
0.8760773345551378
0.8762142178205397
0.8763482222047544
0.8764836698686262
0.876620953189857
0.8767571876322527
0.8768934832796016
0.8770293774426517
0.8771594783608432
0.8772932058506806
0.8774272855494586
0.8775613440313179
0.8776952501945404
0.8778285055949848
0.8779621752097474
0.8780956340301256
0.8782288274672574
0.8783620490843976
0.8784950026805344
0.878628117119162
0.8787607011486689
0.8788931564960818
0.8790254841579254
0.8791571553034958
0.8792895719498587
0.8794219375801412
0.8795555432896711
0.8796864257534995
0.8798158084916712
0.8799480008607103
0.8800788063731348
0.8802123858012545
0.8803409627247021
0.8804708683128039
0.8806011454103536
0.8807329976666475
0.880865234665304
0.8809933618937313
0.8811218405590915
0.8812520968034976
0.8813817480784306
0.88151421097855
0.8816467691087586
0.8817814360755037
0.8819154991709851
0.8820331392824358
0.882157805449998
0.8822813462083063
0.8824104630108296
0.8825455458449473
0.88267028745896
0.8827933268759913
0.88292338708256
0.8830490184992427
0.8831815678053639
0.9089631225175451
0.9089915633569439
0.9086209713241411
0.9090040718469021
0.9092326438772785
0.9096141699439726
0.9097544723987415
0.9098604285084582
0.9099820134450384
0.9101156499003848
0.9102343102957204
0.9103504251056201
0.9104663491687015
0.9105817826132954
0.9106967403481799
0.9108115769050195
0.9109257067742963
0.9110359658389059
0.9111485317973687
0.9112627771156637
0.9113792417430678
0.911493193332517
0.9116055899427623
0.9117172154543756
0.9118272680799696
0.9119379723313712
0.9120458766757912
0.9121622707502242
0.9122695114835909
0.9121553057254196
0.9121796081966035
0.9117481902180664
0.9115067998231763
0.9119994139175991
0.9124345026513083
0.9113327976470081
0.9089806925056906
0.907391394675781
0.9118982951361014
0.9134019800592456
0.9135423198717781
0.9136816872588073
0.9137883331025667
0.9138685678848694
0.9139508121768682
0.9134871893909251
0.9128323364612941
0.913769180930264
0.9135733117693838
0.913904651552538
0.9141264216808143
0.9146337479689965
0.9145158999946804
0.9146626878130695
0.9149378990795958
0.9150948883169403
0.9152202828535784
0.915020066591309
0.9153539456025988
0.9154855865029038
0.9154293750385627
0.9143509566579217
0.915221456415636
0.9153213904072656
0.9159891104031841
0.9155762525296771
0.9154994121926064
0.9140615454799524
0.9158605142732611
0.9165204299256089
0.916623936734306
0.916741443136652
0.9168240001775336
0.9168859127619985
0.9170211698558928
0.9171259684563752
0.9172336624704251
0.9173265912425715
0.917421219585761
0.9175006066308872
0.9175897084116142
0.9177127754668499
0.9178079017360343
0.9179020109055519
0.9179968992680054
0.918083621524008
0.9181773502790728
0.9180283160921258
0.9182546799450716
0.9179561088542462
0.9177819933846724
0.9184436879189689
0.918540497003342
0.9186641025962462
0.918820565126369
0.9189387883781193
0.9190263448160743
0.9191605178968355
0.9192280811088983
0.9193858210940001
0.9191989704735144
0.918728740405511
0.9190360734060318
0.9195044970132235
0.9197712564707229
0.9198539565521229
0.9199688103335654
0.9200625131772553
0.920193552260657
0.9202729579925082
0.9203761284716148
0.920461721646668
0.920553379386009
0.9206456741070328
0.9207336783873707
0.9208237137944206
0.9208390239347725
0.9209298418046972
0.9210064089215975
0.9211230499943139
0.9212286470247887
0.9213474897318942
0.9214338137056999
0.9215220590571755
0.9216079545210187
0.9216434574794786
0.9217378256520041
0.9218172802642974
0.9219178649196113
0.9219856033957421
0.9220922777426325
0.9220502973564983
0.9221071345303811
0.9222072916499006
0.9224199675912153
0.9225197712264227
0.9225767656406072
0.9226295170657911
0.9227429602675348
0.9228726658080042
0.9229554781426956
0.923037650553233
0.923057597303454
0.923154954621304
0.9232501977472679
0.9233379595782605
0.9234401633329352
0.9235187969473716
0.9236078749214329
0.9236841873701442
0.9237359127997093
0.9237491142351467
0.9238133630864055
0.9239699511223803
0.9239696407551612
0.9240545378664461
0.92415400991508
0.9242930174175384
0.9243841496068834
0.9244052720138081
0.9244716351220021
0.9246048670913545
0.9247004889400288
0.9247899190427973
0.9248273571937548
0.9248907529245187
0.9243310188683682
0.9246276649960732
0.9249194947634025
0.925099686753745
0.9253394038995102
0.925419653627242
0.9254474474009153
0.9255023586213069
0.9255611176272704
0.9251447057628538
0.9241680222244905
0.9248017886773316
0.9257859001857328
0.9260332892604304
0.9261120766419111
0.9261682786520322
0.9261583966447883
0.9260491324041485
0.9256585924860582
0.9257593043788357
0.9262766258754682
0.9265116098720707
0.926572882528367
0.9266565427692562
0.9268479663276312
0.9269009784994326
0.9269742815614459
0.9270342423138508
0.9271123566255676
0.9271767718092387
0.9272433600468962
0.9273261715798994
0.9273971481617549
0.9274812656171015
0.9275804131688691
0.9276527189992595
0.927712654897481
0.9264810481783048
0.9066092890734917
0.8369822889709921
0.8209309546549758
0.8919189569882164
0.9138658173055408
0.9080245303488116
0.9135898324612366
0.9261602505546838
0.9264874197542219
0.9273083849334953
0.9278069783295391
0.9280295629261475
0.9284906163543168
