0.6475590613591407
0.6509892814042646
0.6525568821885744
0.6522308794659599
0.6532918890390736
0.6549497453859332
0.6550550742887049
0.6573297757819196
0.6582288110748488
0.6566773370026863
0.6528578249858712
0.6503333982216128
0.6442450167325137
0.6428262556768699
0.6472937992679205
0.6517927245029586
0.6572704833470953
0.6644295835976336
0.6680122762822366
0.6676615593258831
0.668931646394616
0.6697769703737807
0.6717278059185899
0.6749844813235649
0.6768865049562394
0.6788480715501973
0.6813757026164816
0.6845753163127539
0.6883753638373714
0.6932307270268964
0.697838335569432
0.7013858603546536
0.7050674175512397
0.7070520879266851
0.7075848175055872
0.7093020709476869
0.7092741903537642
0.7096490550176026
0.7107943998980938
0.7120485033731628
0.7117959718461093
0.7131635233089396
0.7137537506177162
0.7136996923810681
0.7141389227231624
0.7139711382969389
0.7149349280319517
0.7135708943678322
0.7120370949897156
0.7124449812970277
0.7094743038385283
0.7074291962137637
0.7096594483516445
0.7122734824033463
0.7136090871963345
0.7187366675733999
0.7239728012761514
0.7272221140034917
0.7312450847480885
0.7357122543672142
0.7403210001255619
0.7431356086644032
0.7454064930322521
0.7483868506045829
0.7500441405746489
0.750111584368262
0.7501930156268687
0.750990467435582
0.7493272278337725
0.7492977797260925
0.7492367553580634
0.75070509255513
0.7509088653276563
0.7531220159007819
0.7539768128644254
0.756977972159201
0.7568480355761183
0.757964093941167
0.7577787261654494
0.7583452375510511
0.75850478369661
0.7620031425005676
0.7655776168908742
0.7696855118082613
0.7694905679008048
0.770627001101105
0.7681188887384734
0.7636099505208443
0.7592088898767853
0.7587630263627395
0.7582430762442016
0.759046900191414
0.761320178631959
0.7636031867473627
0.7670650071375369
0.7687130838652729
0.7690500422572051
0.7708341922097574
0.7743823713875391
0.7764093286221276
0.7793167458600894
0.7847022066803477
0.7880177780335818
0.7899163453338374
0.7915234080020161
0.7935969273566417
0.7958104341739989
0.7977559920565891
0.8007870136574139
0.803895460179467
0.8060813055670618
0.8064794189994754
0.807253351862872
0.8066055554240579
0.807541075772483
0.8064706969196401
0.8066900891192192
0.8044234825528794
0.8037998272285101
0.8008411759810431
0.7964382809869079
0.7927531121253752
0.7944772622593166
0.794276753844927
0.7935550394940015
0.7940054623219078
0.7957626605171035
0.7934530358496089
0.7926880800666727
0.7952383787370592
0.7967519476070757
0.7913229377434041
0.7877702653918481
0.7808699901246839
0.7733633244315238
0.770617600098763
0.7742316584895851
0.7757206228409188
0.7799583162126089
0.7822556978501615
0.7832988916286181
0.784776547567657
0.7889337828676651
0.7931892064173147
0.7978430000063436
0.8038905011877181
0.8080473109741819
0.8113041099286724
0.8131935493378425
0.8154130798869623
0.8164960352920796
0.8174754121287663
0.8182294153649389
0.8196512790459897
0.8205286976416657
0.8206150872626989
0.820799411912594
0.820511344223951
0.8199347057393502
0.8194117711624493
0.8202981522494222
0.82151330454851
0.8226108486574258
0.8225883586970021
0.8222372282089218
0.8206558926851922
0.8178011013241305
0.8154263221436162
0.8145872670141628
0.8129345386957956
0.8080994506891931
0.803745007181839
0.7985125965480703
0.7927101060837106
0.7869392466405698
0.7849769851630322
0.7840362179840916
0.7831824545335985
0.7801575020151278
0.7791796773573081
0.7775315427526251
0.7748328961751075
0.773310191523421
0.7754034641886683
0.7769263277126938
0.7780228257824866
0.7814069925600929
0.7861482892820079
0.7913489489805299
0.7960717424859622
0.8019027366812237
0.8073821640484563
0.8116330758586803
0.8159856900835
0.8201160420987174
0.8210328401674306
0.8198912557765836
0.8174956061274058
0.8124946861154315
0.8086352155833476
0.8062027512978779
0.8027523594390696
0.800926951615484
0.799129671607275
0.7948449390675225
0.7924300784877122
0.7899008754382904
0.7844267441185672
0.7800293577422057
0.7817600067054533
0.7839486252999991
0.7887695408610123
0.7938865273602278
0.8012482714542533
0.8043786476732955
0.8064383346347628
0.807586468338438
0.8113479784293783
0.811841341733699
0.8135549738670329
0.8156707913829573
0.8178508052092587
0.8204589121595367
0.822961888467036
0.8234054334252054
0.8239542515147799
0.8248036539710101
0.824051883849967
0.825600536304019
0.8261819129962027
0.8279392350235887
0.8296616114667246
0.8312391172946374
0.8321264632742866
0.8354577116347266
0.8377989483786994
0.8400436989709906
0.8425441871840336
0.843454887937412
0.844987776930731
0.8461641570225248
0.8472620539193907
0.8484610247690331
0.8506770691653691
0.8515348052074974
0.8509064850450372
0.8491280560107746
0.8470547400688645
0.8439058334810827
0.8431455734966963
0.8433381809753506
0.8440097340058208
0.8434791201226522
0.8425352048003855
0.8394718834686972
0.8378304628479403
0.836686330912476
0.8404650558732946
0.8455210632396932
0.8507960665604257
0.8553699998507412
0.8606657166969186
0.8640419107399911
0.8672458089955274
0.8702438371744384
0.8731985139962838
0.8740702660686229
0.873967528724912
0.8734130710095388
0.8736903897246789
0.8725029593584185
0.8725385781821071
0.872194312113769
0.8704406084564261
0.8687825237017955
0.8689857185724444
0.8686919913524584
0.8689196963480723
0.8705708706631052
0.8705654004129029
0.8675554968617706
0.8617788899911805
0.8549717178102865
0.8495378216084483
0.8423033146377543
0.8382612335686668
0.8361536427345267
0.8306586743074271
0.8248611895846117
0.8212358795321918
0.8185420939609478
0.8197099395657332
0.8249286261979643
0.8315122543047464
0.8376797509444234
0.8423088460380553
0.8464357815695404
0.8501558441197681
0.8506708876785775
0.8525679704613608
0.8534127725938293
0.8540000565806758
0.8545475044804749
0.8562953725752815
0.8578310559420075
0.8602214714334863
0.8597948042341907
0.8621461048328386
0.8638932396553506
0.8654958856658874
0.8668955032487842
0.8695543076585742
0.8690827137544337
0.8688700637207026
0.8655379698279511
0.8613639841998851
0.8594960744156153
0.8593314565017048
0.8580395275967794
0.8604691658566425
0.8630407800295534
0.8633588669671478
0.863700533264088
0.8642045982181521
0.8634849489837173
0.8637036579885335
0.8656471672260647
0.8674050034826342
0.8706208339762795
0.8738446912858618
0.874858865009534
0.872656682743341
0.869755046492655
0.8683184376145
0.8640199538729527
0.8600247401028444
0.8592313961462816
0.8593016059306157
0.8591667495045371
0.8617627299901787
0.8660388687384573
0.86966218826692
0.8721741277000574
0.8729761752311112
0.8725938251638127
0.8725884993309874
0.8728077108379168
0.873632764035076
0.874227361092523
0.875647732790781
0.8764910912474374
0.8751046984683186
0.8744593575843045
0.8743774138817915
0.8751741121821648
0.8768745122239832
0.8800861047148613
0.8810529990839703
0.8799974696229369
0.8789604156363313
0.8770816237047833
0.8735551477882639
0.8727119059845202
0.873714934209281
0.8749825863557332
0.87667104354279
0.8793201737997606
0.8810015198472816
0.8826385511128462
0.8840151250007462
0.8844827965399552
0.8855214840607926
0.8868821279906375
0.8888756920355446
0.8908213874232273
0.8929830018018098
0.8940040563205889
0.8930256259508553
0.8913899137616501
0.8898139322995904
0.8884693455875385
0.8890841329250161
0.8909096686289378
0.8929240076953374
0.8944229450835024
0.894515096829798
0.8941409967008013
0.8934186789054734
0.8924188991654799
0.8913489220010941
0.8926819036359165
0.893727143717632
0.8958475002867999
0.8975603110626146
0.898313260859
0.8985905537171152
0.8980159517216614
0.8968374589465861
0.8971324227192202
0.8985825796485345
0.9000092905538654
0.9005838364618068
0.9019349599698117
0.9019008870253135
0.9023884532186585
0.901912799445706
0.9028983945585236
0.9015905559851574
0.9009501324643928
0.899073128829422
0.89713374502204
0.8921624478562955
0.8879158108437318
0.8838164660562737
0.8789421646213194
0.8744478457014292
0.8724174970124832
0.8728596696920605
0.8728669722236742
0.8742308903342059
0.8763859854839096
0.879917539771284
0.881022153275882
0.8837258320637504
0.8872922714905345
0.8904980832206182
0.8936466610403881
0.8968691388701893
0.8991092545945594
0.900853073089925
0.9021749735231611
0.9025442752647014
0.9034374091764648
0.9033520584870569
0.9030912927830076
0.9026093503397244
0.9030243502408709
0.9031434359890991
0.902650023291751
0.9025619498181052
0.9023724223866737
0.9011044439670275
0.900358914050689
0.9014547443206998
0.9022688361457684
0.9042593730467305
0.906909356733239
0.9081801431421265
0.9074979284477265
0.9079751934915474
0.9050855449016642
0.9035653223517153
0.9026338285885404
0.9025144461698945
0.8987484710788983
0.89738727600231
0.8964090951029853
0.8956562747886903
0.8925588267445366
0.8943784806849395
0.8930183139761901
0.8884946583181068
0.8818221198328576
0.8777140691351967
0.8688354531206413
0.8630401321571084
0.8612670936556713
0.8621197818641727
0.8653478464939539
0.8687518201723003
0.8746255544045917
0.8789943648598694
0.8832231420549738
0.8871117602895582
0.8921203380372097
0.8970644115172146
0.9025219037141757
0.9075078965555328
0.9108734746374199
0.915320823308073
0.9183852365781693
0.9199297302560333
0.9219914989069453
0.9238930179684072
0.9249340170151257
0.9257310049568854
0.9262218874675784
0.9264957471570954
0.9270812718122524
0.9276694130172045
0.9281970425263818
0.9295851878267584
0.9309199105063765
0.9319090506291091
0.9330059889179759
0.9338438881212946
0.9335893144583086
0.9340608131829402
0.9348045463761196
0.9353527897168105
0.9363363893683698
0.9369032439921681
0.936316345870324
0.9334366965106058
0.9310872987626934
0.9257022186996482
0.9201755740263913
0.9139333631081499
0.9123972807462273
0.91398134089886
0.9184692186252081
0.9249249958476384
0.9324955865363114
0.9375981787669461
0.939630412497481
0.941326429594489
0.9414968105081435
0.9400391317459976
0.9385927004405562
0.9344551918091634
0.929285893975168
0.926104979852169
0.9267874260118958
0.9260176845043756
0.9271368804997229
0.9290635135029928
0.9278131991631956
0.9230573678419601
0.9211896863183615
0.9201414205130057
0.9196433922897381
0.9228605338791502
0.9257318134298129
0.9270771844636265
0.9260477028029431
0.9230916573188871
0.9197932081745872
0.9154802942707592
0.9127266220625362
0.9151490572395765
0.9192514766982947
0.9231445163403313
0.9284719518180627
0.9313665444129855
0.9329329579745522
0.934381099633681
0.935045943007819
0.9365162685480894
0.9388810850675848
0.9400610778709669
0.9409591125808046
0.9421693390586114
0.9428658066254189
0.9440113225199905
0.9453765567098971
0.9469587668688556
0.9469055774753388
0.9480800187250131
0.9480404394818539
0.9471685220941164
0.9466275273503904
0.9447096571739563
0.942637721717898
0.9387179639013752
0.9352713957588625
0.9334392274254244
0.932612522977877
0.9324712610125181
0.933901457799828
0.9372292976653714
0.9377041443965853
0.9404837103585781
0.9414867227447757
0.9426488546543321
0.9400690972053442
0.9380051414310576
0.9348929772817789
0.9338285170449946
0.9320193483809041
0.9318615102385798
0.9325193679144528
0.9338118438043806
0.933037990621318
0.9340067479114603
0.9359822904256716
0.9381796140124442
0.9388894747890111
0.9400707738097356
0.9415928905706923
0.9426468565057247
0.940984368267933
0.9414025286476094
0.9407727542576952
0.9402327219128761
0.939889487451357
0.9417288131108592
0.9417506729966363
0.9428994935908008
0.9428799805267387
0.9413158946091942
0.9409105406361606
0.9411451141612327
0.9398232537014259
0.9384014332692326
0.9390170913727011
0.9402392012475806
0.9404920653394788
0.9415051683695105
0.9430692056628266
0.945379553513545
0.9459457475688655
0.9472807834963495
0.9489403696616129
0.9504462331161287
0.9506686496244823
0.9503994304281478
0.948673838040918
0.9476588588469053
0.9465661098872635
0.9446532092199641
0.9433010681511043
0.9430908199321217
0.9424726758793309
0.9408860662664467
0.9397129804729847
0.9376950077001986
0.9358403398214272
0.9352674610243549
0.9362760245042316
0.9366463361309557
0.9368305770085974
0.9378765788069808
0.9373960387345985
0.937964154820586
0.9388293363161764
0.9412255878117087
0.9429434215805715
0.9431591210511894
0.9415460844969973
0.9410461463430885
0.9372017847398474
0.9332313807919652
0.9316232563237249
0.930372685724237
0.9282958108532008
0.929724292222994
0.928902485099313
0.9272361879955019
0.927478576511444
0.9298110273740343
0.9319716898523918
0.936055352595812
0.9402853474284304
0.9426351524814875
0.9435078216769535
0.9425526208194561
0.9411219156223793
0.938282807952213
0.9343956471099997
0.9292776022541098
0.9269774519530016
0.9261761831368855
0.926289492054488
0.927263806302995
0.9285201417696483
0.9278871132192567
0.926196336679654
0.923544133023006
0.9209282631383334
0.921069599689269
0.9198341428697316
0.9186730392869994
0.9185758916326087
0.91945259247621
0.918863203322811
0.9197760091956755
0.9193241787002729
0.9157747607306106
0.9068192595752499
0.8911577243601159
0.8725744012470706
0.8612463427423599
0.8575745011923442
0.8595831569400485
0.8666722515558615
0.8708217531114267
0.8715131845000005
0.8685620189028785
0.8627760765008865
0.8623937298459583
0.8644990782577634
