0.7436452585315031
0.7002656209431798
0.664915010945469
0.6371905498009272
0.6144043904471658
0.5965099575148347
0.5838227698367711
0.5741888100243752
0.5683037544340056
0.5654838324098348
0.5648039389921491
0.5653327336034548
0.5671448159794784
0.5696452071426168
0.573033941791259
0.5772214738741072
0.5819736616024794
0.5870930349396242
0.5922372455080703
0.5973354778814907
0.602449806364807
0.6074923380427943
0.6123911974231707
0.6170391734623917
0.6215278187446797
0.6257880886620066
0.6297441232299031
0.633335841567857
0.6365274901233902
0.63919656027369
0.6415554315460993
0.643815935884003
0.6457586594376019
0.6478774060127734
0.6502183387005501
0.652062750419879
0.6543208751486393
0.6563513335295112
0.6579952447476655
0.6594764283008653
0.6614734143030425
0.6627087993768992
0.6641947891102119
0.6659201493844427
0.6673591004801455
0.6690604718890961
0.6701225883234098
0.6724262855805394
0.6748656485842801
0.6761609409990368
0.679557664504043
0.6824608076012578
0.6825181941630636
0.6822308490162017
0.6827492760572895
0.6805588054609698
0.6782356173317995
0.6772261105075179
0.6756573076034317
0.6737889592502082
0.6718608844491922
0.6710820644323711
0.6706357190790454
0.6697711717524729
0.6696927820531068
0.6705359055270753
0.6713753670125655
0.6717862986642424
0.6737111626693087
0.6746460198075984
0.6756086022846562
0.6755777934902425
0.6763662174373009
0.6758566692073258
0.6762228678217251
0.6752668578368276
0.6762378451996123
0.6764535194023099
0.6774651361788822
0.6780198899930422
0.6788290771332972
0.6776290935185307
0.6765299467562109
0.6753397922918555
0.6762838675069889
0.6766031251072773
0.6787018112915018
0.6821123219455031
0.6858475063632667
0.6871115913542862
0.6884424616419633
0.6888546886730684
0.6882716640763239
0.687737626901936
0.6865572754373368
0.6865391915989772
0.6872811603989905
0.6872223760716402
0.6863184465707411
0.6862743841127155
0.6859226243833095
0.6848809602943783
0.6848166954170283
0.6852196698158022
0.6857299340596655
0.6862024311911767
0.6867231715736182
0.6873398441765664
0.6879690309189287
0.6887481111600111
0.6896136946118728
0.6904004305696716
0.6912143649586275
0.6919380125075174
0.6927595387144808
0.6934773488354903
0.6942628578422234
0.6950362730963711
0.6958577242718927
0.6968891908986508
0.698406339093896
0.7001669344744548
0.7006040382744245
0.7015468591573596
0.702641273155959
0.7034172471122839
0.7038475638642693
0.7053949646796865
0.7065531124688403
0.7066924364602295
0.7071852993114344
0.7098193852908069
0.7122104997208901
0.7166717175546035
0.7224150609627412
0.7254114031227546
0.7238880751510891
0.7239154517134335
0.7222482074584015
0.7219098158019018
0.7223257035646208
0.7225158624906481
0.7213983773567858
0.720491786968737
0.7197179941637147
0.7189271222428693
0.7189821480516894
0.7193796004168712
0.7200242857956336
0.7206818789874464
0.7214396253583751
0.7222072596181157
0.7229867557709169
0.7237459467723272
0.7245259317712948
0.725322719267567
0.7261180221639737
0.7269326060491765
0.7277725071477079
0.7286250801727733
0.7293786577205599
0.73011300709916
0.7308593617741153
0.7316656577001597
0.7324975729032195
0.7334536997511945
0.7346535853035325
0.735922014379973
0.7369634518427917
0.7382214163400307
0.7404876734020465
0.7429600134884188
0.7461484211104821
0.7500619369854035
0.754422500563776
0.7566633062768398
0.7582765031053347
0.7598426787459712
0.7629130231803144
0.7646037501233535
0.766787392653812
0.7697778211158729
0.7719246054360818
0.7713395393258164
0.7712056049057895
0.7713964133381443
0.7699874937048586
0.7677890260559499
0.7655234540510627
0.7637818401744703
0.7617150346852034
0.7601484491176903
0.7593499963920032
0.7586948649100755
0.7582868683258617
0.7588905234541389
0.7600926388985831
0.7617304534063267
0.7644422993227288
0.7669574744079639
0.7689766606769064
0.7715779193312533
0.7734449592892427
0.7753335370779026
0.7786794987070325
0.7810450485273375
0.7835296807250207
0.787989172581917
0.7918948464793688
0.7916219381289537
0.7910622612630589
0.7888444721257513
0.7866132589874222
0.7833475630680911
0.7826037306601128
0.7824587386056536
0.7827830375430928
0.7818866686184882
0.78253896236975
0.7826425827407685
0.7825899517493464
0.7825380682269596
0.7823465750624672
0.7822372362727991
0.7829130561991418
0.7835478478752813
0.7840707102294611
0.7851819817460188
0.7854415743496876
0.7860574179766032
0.7862537348534457
0.7864755984774597
0.7867577484437092
0.7872726177967382
0.787021786245302
0.7871167558285083
0.7872637490232546
0.7873655254610079
0.7878966573484864
0.7882699207133385
0.7887362504889078
0.7892229190590645
0.7896862319410799
0.789918129303296
0.7904646290303213
0.7913458347587591
0.7925111471777851
0.7937838769720508
0.7953972584692768
0.7963746096251839
0.7970765105759088
0.7976366780099706
0.7985474299724165
0.7995864257045997
0.8013084337311412
0.8026121412904075
0.8037633924155012
0.8032581935416245
0.8024380938349555
0.8016851514570301
0.8012360412524961
0.8007203349416186
0.8007091474561071
0.800772130790138
0.8009065510532093
0.8010764147816595
0.801606984645293
0.8022989833332108
0.8030696665214334
0.8036979814888761
0.8045873575861059
0.8052599553454627
0.8060034493806073
0.8070232437418529
0.8080441327092412
0.8086877482580971
0.8094350056890474
0.8100719673143012
0.8104094328647129
0.8110919206755303
0.812424446032552
0.8144820656435381
0.8169920073959142
0.819293861047604
0.8223321679467395
0.8244351649335638
0.8258904810039417
0.8286376717824117
0.8316069530566449
0.8337683352384143
0.8355658608488546
0.8357473987887639
0.8342928844301105
0.832415130744964
0.8308374767534701
0.8299126656986472
0.829227524742595
0.8287296320737367
0.8292440997123176
0.8293406513460808
0.8297580985482724
0.8302518103131908
0.8307565143408887
0.8309154211187474
0.8311429709972414
0.8311444221597549
0.8319180877822052
0.8319434034012329
0.8321419670300447
0.8323861768528494
0.8326879903357493
0.8326933721008941
0.833453434180034
0.8341504654600349
0.8356132022570859
0.8373330312668428
0.8384724773255672
0.8391534906170962
0.8401397588273046
0.8401151919142035
0.8400731618658117
0.8406217303309982
0.8411629686081618
0.8416619291979892
0.8424688481290291
0.8430359533736207
0.8431721930595414
0.8433649227090254
0.8432291433463153
0.8431256954713464
0.8435243484482897
0.8446219798180569
0.8458907338379897
0.8468338846191545
0.8484694069402781
0.8500698567343734
0.8508686697822606
0.8514439643190986
0.8520692801393283
0.8520088811329319
0.8515716435124048
0.8513350968567139
0.8513772257511584
0.8517984631300676
0.8524707241422518
0.8530606584704138
0.8536012494116669
0.8540143267429317
0.8544757930028399
0.8547713864896296
0.8551860074651139
0.8560398572395445
0.8567452104191186
0.8573355635404716
0.8577501413330225
0.8579923555992244
0.8579667940901704
0.858364997761436
0.8591228194498955
0.8598763156351804
0.8607836260624289
0.8620088951002123
0.8627254819415358
0.8630839908967909
0.8633956829863138
0.8636356118093633
0.8637165572724648
0.8639800861072767
0.8642594699749037
0.8645881281502327
0.8650629054051734
0.8654498426102587
0.865791983415225
0.866049807573618
0.8663266135241787
0.8665878067981915
0.8670034829291586
0.8676677428840099
0.8684154938272969
0.8691575703635034
0.8698697156936113
0.8703165268336447
0.8706075578416209
0.8708858374596775
0.8712359332185436
0.871751358813466
0.8723180834319093
0.8729225430362579
0.8735573878047493
0.8741990904347838
0.8745560346920986
0.8749497594330807
0.8752317024911562
0.8755673323860967
0.8760031156305856
0.8764844574969277
0.8770449717445608
0.8776618997955482
0.8781333807981778
0.8784956413671877
0.8788655824536672
0.8793124331471402
0.8796953959332975
0.8801913784608489
0.8806440719245452
0.8811703075555929
0.8815816060789673
0.8821662876613957
0.8826980298625952
0.8833273170833182
0.8839647506802811
0.8848843125844671
0.8857668306486709
0.8866551930989891
0.8876491111655013
0.8886190942266424
0.8892984926489614
0.8896748650945576
0.8901019809683448
0.8903691327506048
0.8905518879464034
0.8905987005575048
0.8909135846865417
0.8910739357273197
0.891171050684359
0.891324216743964
0.8915033413321931
0.8916983069684538
0.8919795587214051
0.8923021838802925
0.8926556835187995
0.8930658677502213
0.8934457591313102
0.8938782960328276
0.8943179382064826
0.8947670254123021
0.8951657876288305
0.8955784557757875
0.896020485712313
0.896439153954866
0.8968606600261889
0.8973349826673105
0.8977801572068634
0.8981281517147737
0.8984909711509134
0.8988008557692269
0.8990914859081155
0.8994434640027525
0.8998664741068146
0.9002449130672839
0.900746433721449
0.9011970841609959
0.9016220639775793
0.9020109024456519
0.9025546478962287
0.9029934581441286
0.9034122683050082
0.9038179523087243
0.9043335797574275
0.9046106399480012
0.9050366214809501
0.9056153581341602
0.9063195890299157
0.9068942003764281
0.9077598337672192
0.9084495973192437
0.9088798605599137
0.9091403554165646
0.9092591005907457
0.9093793249489893
0.9093820916519694
0.9094881030416829
0.9096195483468198
0.9097830745427972
0.9099214039589236
0.9100870059912161
0.9102640389018305
0.9104817368493242
0.9107527631183774
0.9110213916670824
0.9113228344949084
0.9116435342707756
0.9119626951939926
0.9122854445555778
0.9126113673750262
0.9129367063441942
0.913260765508973
0.9135830487017308
0.9139036538821336
0.9142226400120088
0.9145398729646679
0.9148577518918157
0.9151751096855746
0.9154900952767557
0.9158044486593178
0.9161158755621825
0.9164183803658138
0.9167235889800996
0.9170287379149394
0.9173307417180289
0.9176340932299292
0.9179325219816228
0.9182203996978815
0.9184943999500927
0.9187748954515058
0.9190556631579109
0.9193505339010546
0.919659915453916
0.9199490134383991
0.920219631560369
0.9204801754412932
0.9207464278715803
0.9210304110039288
0.921321975122145
0.921602227023305
0.9218792326509148
0.9221458566944942
0.9224030484539422
0.9226603402414478
0.9229107189270307
0.9231644544189878
0.9234227840903464
0.9236811398106115
0.9239374630259727
0.9241925791340849
0.9244465084214109
0.9246974388255877
0.9249463066255965
0.925194148939236
0.9254402242062357
0.9256846051899961
0.9259287287575138
0.9261713136139946
0.9264117385716271
0.9266499534127578
0.9268854919702944
0.9271179006474953
0.927345184825883
0.9275707880469399
0.9278052370845503
0.928041071494345
0.9282732963537762
0.9285013915809144
0.9287240543140486
0.9289447389646647
0.9291630783719559
0.9293808877948069
0.9295943994918943
0.9298013515894814
0.9300097816273964
0.930217194251253
0.9304202411314588
0.9306242490674465
0.9308224835297471
0.9310157367904179
0.9312031238132552
0.9314055420362997
0.931591887048671
0.9317910588033038
0.9319996006288468
0.9322027561688917
0.932420961151367
0.9326376672870066
0.9328655729378302
0.9330803707714004
0.9332811415111486
0.9334754918963043
0.933665939460025
0.9338487218697031
0.9340162103693813
0.9341981160903422
0.9343571741107911
0.9345286568434281
0.934695553818927
0.9349047802461934
0.9351032362762925
0.9353041768846395
0.9354871487140839
0.9356712708961286
0.9358464232778095
0.9360169543935181
0.9361823835231003
0.9363572701448184
0.9365214281166299
0.9366758818854812
0.9368227727512835
0.9369806339959147
0.9371308487292975
0.9372732244549415
0.9374187835273469
0.937603652601552
0.9377569109086671
0.9379239713692424
0.9380884061917294
0.9382489395005703
0.9383772781788874
0.9385304291643483
0.9386637797571075
0.9388152380124981
0.9389911720091129
0.9391465873384434
0.9392910906221507
0.9394577815203562
0.9396227551381802
0.9397600074009279
0.9398868125131062
0.9400258592052151
0.9401513555333518
0.9402639243227884
0.9403552147406979
0.9404802449551202
0.9405842336100684
0.9406747049339172
0.9407638119486528
0.9408900564636016
0.9410310154681455
0.9412149404080573
0.9413742947172942
0.9415332379258821
0.9417086870632788
0.9418664881144545
0.9419984017445914
0.9421374778615863
0.942292671814994
0.9424371104582917
0.942590347513963
0.9427356472457076
0.9428639835321021
0.9429747463555854
0.9430909997223298
0.9432084057679793
0.9433136265244925
0.9434377815029621
0.9435470350983833
0.9436504820164211
0.943725081157613
0.943804685725775
0.9439131024680693
0.9440585094772019
0.9441794349916511
0.9443506918123117
0.9445016611796853
0.9446216324578164
0.9447361727741072
0.9448498687334943
0.9449528035750283
0.9450610680671405
0.9451686034945075
0.9452726125678224
0.9453708332912228
0.9454627597916079
0.9455280468901168
0.9455666484359848
0.9456202438117844
0.9456998559502647
0.9458195501755214
0.9459463570883887
0.9460917271295672
0.9462351919712808
0.9463622127059457
0.9464606310286658
0.9465544182191409
0.9466476535145438
0.9467400199746745
0.9468300005459247
0.9469220195535587
0.9470128332569002
0.9470967812153872
0.9471726494781578
0.9472615482398755
0.9473404841472813
0.9474178091295637
0.9475028607577138
0.947595250146974
0.9476749783731248
0.9477659879670609
0.9478456220357858
0.9478938432032171
0.9478377445646897
0.9475197606197359
0.9468983869505607
0.9464400130966719
0.9463275306069807
0.9465120825594708
0.9469444340868572
0.9472148020553864
0.9473229441038835
0.947264862803086
0.9470607170846181
0.9471168549647232
0.9472966320912722
