0.0
0.01949764037508448
7.550455280928911E-5
0.002748769025286502
0.009745239398603372
0.016784332754912163
0.02270009953351595
0.030844688930306317
0.0324510569641483
0.04120987637756456
0.04802762188986044
0.04076171267277817
0.047886800590551115
0.06701893532441826
0.1012217178088288
0.1302975055153095
0.14803410799362973
0.16576093651510443
0.17403936057126004
0.1622399985422371
0.1415176117538612
0.137547347237606
0.14761234791246886
0.16080691432010255
0.17076426578890164
0.17006336013383996
0.1503439020357991
0.12961271593483445
0.11436473083167775
0.10325107797765176
0.09922591068656196
0.09694844759914686
0.09537789047621689
0.09774444693629054
0.0999116467624884
0.10374146958085076
0.113547474607782
0.12214851937885321
0.13289413185256171
0.14697508370308823
0.1430791207750299
0.13949312032574143
0.13729372858162142
0.12975997979725962
0.11700213059004684
0.11526397122139281
0.12111886825876873
0.13281401221369363
0.14628964810893863
0.15980824532310142
0.1870298690295237
0.21438046782270023
0.21879213249375987
0.21509366011705927
0.21925604445980285
0.2378255077686716
0.25208418320129733
0.2451058303051143
0.23771698214054576
0.2311169083752371
0.22929864324263952
0.23651393686661806
0.24127545587951257
0.2410122026532688
0.24884716419316158
0.26969822702914803
0.29148863755470344
0.31085239570855944
0.3292938549405233
0.3406472396124366
0.34201878733064806
0.34806532869946005
0.35779924949481573
0.3683691835306695
0.3710072981691812
0.3662086840098738
0.3591566111085313
0.34755240107505453
0.3383648364635006
0.3329167182489474
0.3288272352537805
0.3273839829646782
0.32883755391546343
0.3309775392832952
0.335488270335237
0.3428669626498465
0.350640961880384
0.35655995483538494
0.3610133244305185
0.3720545207876796
0.391801595090745
0.41388920181418537
0.434223680119866
0.4535858404067018
0.47466865496267835
0.49587330828148163
0.5095614870075403
0.5085510983740693
0.4981151738539875
0.49429545389492946
0.5054487672436648
0.5296488227049294
0.5561207566136183
0.5733467945668685
0.5794411643596459
0.5790676880373107
0.5756693216470832
0.5669598263053346
0.5470474139289909
0.5139327362717709
0.47592581964053976
0.44534601797267065
0.42691279533275067
0.41964037884025174
0.42243566280959993
0.4328356746174839
0.4445973025897277
0.45127880203082116
0.45105893691997573
0.44619995381028094
0.4396374833791483
0.43248656913251166
0.4236260792763235
0.4110640825247316
0.3941156402674877
0.3748698445333076
0.3572854235571802
0.34437850187260055
0.3366795123441532
0.33322795800677135
0.33307917309691837
0.3358702823845554
0.3415574080503185
0.34974042361079416
0.3591390332299668
0.36786074646938616
0.3743156504375087
0.3779086882602329
0.3790374794830097
0.3786286192625139
0.3776279825596797
0.376684098920831
0.37605807591030227
0.3756848302509696
0.37530077211918195
0.37458608178550495
0.3732929770892481
0.37133545069310153
0.36881868438836163
0.36600143214053454
0.36320904211663196
0.36073428626361875
0.35876471349312594
0.35735760652254983
0.35645897294445683
0.3559466215562181
0.35567555158123076
0.35551195916185896
0.3553518439009359
0.3551264340813912
0.3547988957523766
0.35435665798520094
0.35380270693814125
0.35314809962679833
0.3524069022612591
0.35159381722169286
0.35072402839396627
0.34981437912979735
0.34888493154528055
0.34796016163579035
0.34706937964656726
0.34624629293606
0.3455278641327617
0.34495273514591895
0.34455950452583534
0.34438509758983415
0.34446339185235963
0.34482418171252616
0.3454925017423846
0.3464882833409578
0.34782629459041703
0.3495163040875317
0.35156341139450303
0.35396849486798315
0.3567287382167795
0.35983820757055524
0.36328845953900585
0.36706916700304826
0.37116875316786424
0.37557502615919974
0.3802758069329728
0.3852595435060774
0.3905159056869933
0.39603635788031344
0.4018147144860468
0.40784769415437844
0.41413550666720744
0.4206825299325202
0.42749816397736284
0.434597981849961
0.44200532956990374
0.449753550763207
0.45788901326650777
0.46647507387223086
0.47559700056131826
0.48536762731197836
0.4959330656596945
0.5074770278125881
0.5202211020155004
0.5344166089798092
0.5503217167707866
0.568156334131671
0.5880293322401194
0.6098416249578299
0.6331874543996141
0.6573007138676853
0.6811049268716273
0.7033972430508227
0.7231231066889581
0.7396279904753226
0.7527776280655103
0.7629221229906278
0.7707590315493427
0.7771628893307376
0.7830195307970408
0.78908293544694
0.795867334212623
0.8035831499001767
0.8121209449701003
0.8210889023296163
0.8299107815376202
0.8379786056741009
0.8448268150704208
0.8502753892012418
0.854498489271041
0.857999118018518
0.8614880677522495
0.8656843801146985
0.8710811760359205
0.8777374270578505
0.8851607553189301
0.8923505172042326
0.8980330425724973
0.900994153310586
0.9003522025490988
0.8958196202727176
0.8880783918326334
0.8789263721919345
0.870723054498221
0.8654645034647482
0.8642609207497108
0.8674076311042941
0.8746453029897794
0.8852373478578627
