0.8457230115725715
0.8264442598618935
0.8304278420596815
0.8477969039238933
0.8356075153443882
0.725409551859622
0.6104106857396833
0.7353464746591416
0.8372359612160589
0.8368929043092798
0.8411572491613584
0.7461019364932987
0.8595937375811304
0.9855916297009261
0.9979612014098443
0.9938872947660151
0.9788940335766527
1.027409484546993
1.05717218655733
1.0240686077654841
0.9835022145643297
0.9944513806450623
1.0126615622616233
0.99586649061913
0.9105097187659753
0.8312542571915279
0.9636714906836307
0.9380705901357679
0.9128339159632242
