0.010882427977154788
0.014710269248812455
0.10097774577007874
0.044343305293611496
0.01654217197331824
0.06540845147399603
0.050385961571085144
0.027726998316498462
0.06301721988618983
0.06205660482790904
0.042866281014015024
0.06853325582378275
0.07409569092526705
0.05812447350209011
0.07594774914104109
0.08504864712617208
0.07235029600468634
0.08242846419191281
0.09365909214979162
0.084312313357753
0.0901088758898029
0.10242279944253226
0.0961756555555049
0.09759664615756332
0.11026146578944372
0.10685674681130847
0.1050764670017039
0.11744976937166463
0.1165831184975373
0.11276558183068684
0.12426468091644725
0.1256330686439132
0.12085736279518389
0.1309819570225816
0.13431080454354208
0.1295024561996074
0.13787954333842173
0.14292350823603284
0.13880925680076844
0.1452385256533532
0.15176144769776348
0.14885430001479594
0.15333731452351756
0.16108354716797313
0.15969657992371905
0.16243827965969995
0.17110937694567438
0.1713909818537485
0.17276938634697492
0.182016949699001
0.18399657247279658
0.1845056331811705
0.1939448372361793
0.19757695941494138
0.1977551290570637
0.206996738617783
0.21219268230381438
0.21255268114904008
0.22124634027514387
0.22788842065467932
0.22886128598824937
0.2367400964326512
0.24467918551891366
0.24658021746254846
0.2534958649794881
0.2625391831025538
0.2655575292001056
0.2714966193363356
0.28139547746644794
0.28560414078370344
0.2906805466854084
0.30112698648919295
0.30650627334060326
0.31093072354705953
0.3215682554098414
0.32803354370290533
0.33206807575649244
0.34251679969771415
0.3499418034722568
0.3538502453560518
0.36374232160227615
0.3719720166142261
0.37597719036478866
0.38499572615905586
0.3938478726719321
0.3981028706294664
0.4060158905029809
0.4152748618382452
0.4198514513078245
0.4265329621241831
0.43594257742699993
0.4408357334852213
0.44626854180651926
0.45553082355390295
0.46067498705015614
0.46493472603626507
0.4737191814335542
0.4790095567086217
0.4822346771651755
0.4901990678461859
0.4955108603350985
0.49786680128023286
0.5046868349157572
0.5098871742395978
0.5115333091352615
0.5169360642334132
0.5218869134655463
0.5229527420521527
0.5267471283995173
0.5313013889133815
0.5318752368734782
0.5339726653965498
0.5379684409020277
0.53809865384257
0.5385188728710459
0.5417774817437088
0.5414831733677149
0.5403439509200085
0.5426757534982599
0.5419620186372999
0.5394557930322634
0.5406751007029597
0.5395469085946348
0.5359107511646583
0.5358581563736592
0.5343283373503881
0.5298143525755004
0.5283825002913483
0.5264720030220689
0.521323896573807
0.5184812512456876
0.5162131201422949
0.5106521889524093
0.5064589936982136
0.5038500151761413
0.49807112246643015
0.49268299075157673
0.4897377655640838
0.4839133461770248
0.4775708994208947
0.47428206828052977
0.4685702426735374
0.4615769914732581
0.4579331081196564
0.4524851695836894
0.44517879310247604
0.44117885530940865
0.4361421833282224
0.42886533281579503
0.4245369157756832
0.4200515756961754
0.4131273896157996
0.4085439296795726
0.40473400184649194
0.3984495377350524
0.39374182467238644
0.39070476250844105
0.3853032778645285
0.3806610795383972
0.3784592742899714
0.3741400824971699
0.3698022357292611
0.3684602456412023
0.36538306244643654
0.36161761628058064
0.3611266733953669
0.35941649021581723
0.3564951816149701
0.3568244248565524
0.35657343944709485
0.3547458273437549
0.3558578346494413
0.3571227515754023
0.35659468646273956
0.3584615423762395
0.3612569422449658
0.3621764052147929
0.3647919592738255
0.3690824679589343
0.3715338410892975
0.3749183946587808
0.38061327364918734
0.3846191327444886
0.38881476212142224
0.39576802651851445
0.4012958659660217
0.40635340852403673
0.41437101665474774
0.4213414014382307
0.4273025883301998
0.43615632686468314
0.44444924672832203
0.45132853801900596
0.46077450707801754
0.4702321653503238
0.4780024006156172
0.48780073086726633
0.4982270756459068
0.5068116689657151
0.5167434727742516
0.5279026284919371
0.5371753077076054
0.5470532492883525
0.5586699011835667
0.5684612243352921
0.5781317346852213
0.5898961696928792
0.6000045009219555
0.6093421477674154
0.6209213307093284
0.6311250491685749
0.6400218444325817
0.6510762069732625
0.6611440656726707
0.6694975928182624
0.6797016492868894
0.6893994286075315
0.6971034076749001
0.7061671264413681
0.7152605760911662
0.7222003290171608
0.7298875577125223
0.7381433438057008
0.7441971157589389
0.7503376183562894
0.7575249084231062
0.7625704300693227
0.7670634990740078
0.7729586231207095
0.7768828889222776
0.7796927300365943
0.7840882482203546
0.7867976173203477
0.7879428396232588
0.7906608498175649
0.7920886391852126
0.7916293172186845
0.7925374256352048
0.7926472283416198
0.7906728952407943
0.7897001833938908
0.7884848225664622
0.7851057970810602
0.7822555092029665
0.7797331623264132
0.7750762980978633
0.7704321475760809
0.7666421101336013
0.7608506543712478
0.7545748650023689
0.7495753527621453
0.7428113140155321
0.7351345334746536
0.7290039907820213
