0.8595783498527849
0.8606993641341966
0.8616016055514389
0.8615808556345425
0.8602132965104806
0.8575007472804592
0.8538229842343041
0.8497121017574087
0.8455628251821262
0.841436628868738
0.8370646989995904
0.832035837280452
0.8260520879662024
0.8191085175721821
0.8115090766285389
0.8037281780720955
0.7962089735517343
0.7892072040281081
0.7827418442204344
0.7766449835772831
0.7706610352029184
0.7645427308689774
0.7581126289656631
0.7512835689552327
0.7440480810835522
0.7364526992610483
0.7285710312306717
0.7204836449820897
0.7122671066190043
