0.003283697170429104
0.007301414681493518
0.011065505021635962
0.01477515983468763
0.01849002771336637
0.02221182543669936
0.02594064933920307
0.029676484470470832
0.03341930308749512
0.037169072132458715
0.04092575309237928
0.04468930175498884
0.04845966832813995
0.052236797790340364
0.05602063034549687
0.05981110189961589
0.0636081445190624
0.06741168685347121
0.07122165451579211
0.07503797041865248
0.07886055507025135
0.08268932683398887
0.08652420215615171
0.09036509576587631
0.09421192085104549
0.09806458921322078
0.10192301140438002
0.10578709684788981
0.10965675394580553
0.1135318901743176
0.11741241216890365
0.12129822580049356
0.12518923624376843
0.12908534803856198
0.13298646514519938
0.1368924909945004
0.14080332853307748
0.14471888026447055
0.1486390482865883
0.15256373432586268
0.15649283976847506
0.160426265688966
0.1643639128765063
0.16830568185907
0.17225147292572315
0.17620118614721494
0.18015472139503666
0.1841119783590966
0.18807285656414072
0.19203725538503807
0.19600507406103343
0.19997621170905988
0.2039505673361952
0.20792803985133657
0.21190852807615873
0.21589193075541954
0.21987814656666338
0.22386707412937504
0.22785861201362595
0.23185265874825356
0.23584911282861115
0.2398478727239199
0.2438488368842545
0.24785190374718863
0.25185697174412625
0.2558639393063415
0.25987270487074654
0.2638831668854091
0.2678952238148338
0.27190877414502773
0.27592371638836005
0.2799399490882338
0.2839573708235785
0.28797588021317855
0.2919953759198449
0.2960157566544419
0.3000369211797778
0.30405876831436696
0.30808119693607217
0.3121041059856334
0.3161273944700902
0.32015096146610494
0.32417470612319005
0.32819852766684715
0.33222232540162244
0.3362459987140819
0.3402694470757114
0.34429257004574676
0.348315267273936
0.35233743850323745
0.3563589835724581
0.36037980241883477
0.36439979508056003
0.3684188616992578
0.3724369025224086
0.37645381790572807
0.38046950831550275
0.3844838743308812
0.3884968166461263
0.39250823607282803
0.39651803354208054
0.4005261101066233
0.40453236694294914
0.40853670535338
0.41253902676811216
0.4165392327472322
0.4205372249827046
0.4245329053003328
0.42852617566169354
0.4325169381660478
0.43650509505222707
0.4404905487004966
0.444473201634397
0.38198019979442366
0.38541277482569386
0.3888436930831925
0.39227287243498155
0.3957002307609838
0.3991256859557432
0.4025491559311598
0.40597055861919656
0.4093898119745606
0.41280683397735957
0.41622154263573286
0.4196338559884592
0.42304369210753895
0.42645096910075564
0.42985560511421295
0.43325751833485027
0.43665662699293634
0.4400528493645419
0.4434461037739911
0.4468363085962923
0.45022338225955005
0.4536072432473554
0.45698781010115874
0.46036500142262277
0.46373873587595704
0.4671089321902344
0.4704755091616896
0.4738383856559999
0.4771974806105489
0.4805527130366726
0.4839040020218901
0.4872512667321162
0.49059442641385925
0.4939334003964023
0.4972681080939688
0.5005984690078733
0.503924402728656
0.5072458289382037
0.5105626674118552
0.24476907470121725
0.25233212515419745
0.25984419242329104
0.26730581494488115
0.2747175207897045
0.2820798279244717
0.2893932444652058
0.2966582689226213
0.30387539043982964
0.31104508902266687
0.3181678357629108
0.32524409305464846
0.3322743148040481
0.3392589466327697
0.3461984260752483
0.3530931827700679
0.35994363864563267
0.3667502081003473
0.3735132981774881
0.3802333087349603
0.38691063261011405
0.39354565577979256
0.4001387575157756
0.40669031053577537
0.4132006811501387
0.41967022940439674
0.4260993092178057
0.4324882685180104
0.43883744937195873
0.445147188113197
0.45141781546565507
0.4576496566640469
0.46384303157098733
0.4699982547909402
0.4761156357810905
0.4821954789592474
0.48823808380886746
0.49424374498129003
0.5002127523952763
0.5061453913339309
0.5120419425390912
0.517902682303263
0.5237278825591763
0.5295178109670363
0.5352727309995368
0.5409929020247092
0.5466785793866675
0.5523300144843148
0.5579474548480718
0.5635311442146868
0.5690813226001841
0.5745982263710023
0.5800820883133837
0.5855331377010542
0.5909516003612538
0.5963376987391609
0.6016916519607546
0.6070136758941634
0.6123039832095422
0.6175627834375182
0.622790283026247
0.627986685397117
0.6331521909991426
0.638286997362077
0.6433912991482873
0.6484652882034201
0.6535091536058926
0.6585230817152422
0.663507256219364
0.6684618581806692
0.6733870660811865
0.6782830558666452
0.6831500009895565
0.6879880724513281
0.6927974388434306
0.697578266387646
0.7023307189754211
0.7070549582063432
0.7117511434257732
0.7164194317616425
0.7210599781604495
0.7256729354224655
0.7302584542361762
0.7348166832119752
0.7393477689151293
0.7438518558980347
0.7483290867317803
0.7527796020370353
0.757203540514279
0.7616010389733897
0.7659722323626036
0.7703172537968667
0.7746362345855876
0.7789293042598082
0.783196590598809
0.7874382196561566
0.7916543157852125
0.7958450016641127
0.8000103983202317
0.8041506251541416
0.8082657999630815
0.8123560389639435
