0.021451611581376973
0.017463088462275966
0.01669891712478513
0.016753731066523826
0.03061199457155455
0.04965179119726922
0.063045748025999
0.07073582688936438
0.07143873564193988
0.07151289570310342
0.07746827322099062
0.08571938916788609
0.0909267170511715
0.0980009445094781
0.09851361648434112
0.08131170025451043
0.07438579291853085
0.0856420045002918
0.09323212834999722
0.10467212806629407
0.12835821549176402
0.13865034589860922
0.14140071794420606
0.1387083842568837
0.13295614080306226
0.11829823813822682
0.10631009862475313
0.10835756191777442
0.09936806958588451
0.09174247791386524
0.10159287218037011
0.1031534584510248
0.10045790053706165
0.12347332261573417
0.1459115859079875
0.1555427244075376
0.17294132605825743
0.16889476458088193
0.1524924877007509
0.13777009803446438
0.11363582582547747
0.09816538652458916
0.09979368421323079
0.11138845269503128
0.11474500270618448
0.14455735811793435
0.16991043509110562
0.1931064208877782
0.21340049028988614
0.23559047844615247
0.25046763706783765
0.2540789110480494
0.25637464947705774
0.2670311317364389
0.2679984371379954
0.2693526647381536
0.2726189329852543
0.2773168133102125
0.2595635330565641
0.25069011725132817
0.23271435681418923
0.21555113282320815
0.20629724365244226
0.2107113810190996
0.2286774685864211
0.259002495973034
0.2933515143010617
0.3184530919116052
0.3424196978788402
0.3489457855399699
0.3530439365425483
0.3455150754676532
0.33723494034162044
0.3289548052155877
0.3190915134728346
0.3071227200787857
0.29857818811387693
0.2872607137573057
0.28435879736274106
0.3011641183342577
0.31788883041153926
0.338202245933072
0.3483267102880603
0.35102549261855925
0.3332786610080875
0.31067918011725887
0.29268407337080005
0.27876454728085404
0.2905785717195043
0.31525131066595563
0.33984988955124346
0.36552862613810105
0.4032535404068119
0.4074806654122925
0.40854470141097315
0.4076064149986589
0.40423051886808087
0.39457036137928847
0.40726140964533775
0.4198815220768643
0.4477850614481024
0.49365791261330294
0.5407592416024002
0.5784970533473592
0.6170441775017305
0.6245117759917103
0.59714025471476
0.5751308302764936
0.5419522517938781
0.4806186343875017
0.42616900785161427
0.392377802380476
0.357699900402016
0.3208133173420646
0.31150461422955994
0.3212002395406662
0.3370156843847707
0.329348176057366
0.345237780962634
0.37531130879672414
0.3976141492530036
0.38528422861284956
0.38955971891689223
0.36923985475218285
0.33446844659313457
0.29391900021766343
0.26665388259754963
0.23373325212073867
0.2165410091405153
0.228629103477754
0.2426582574511774
0.259415212934237
0.2902883801180268
0.3322984579403877
0.3378894836057389
0.3464694833929616
0.368723958550679
0.37325417263388533
0.3660864388050954
0.3938481066971831
0.4208294813589959
0.4547238660704352
0.49142666099585075
0.5214260289586724
0.5143485770838297
0.5088704037184918
0.4955473827242847
0.47805849930951244
0.44029489261205695
0.4004548034424429
0.3562328203119497
0.3151707017717205
0.31158522274400513
0.30690991276511265
0.3075709048623027
0.3309184353877331
0.34464450047332584
0.32562727438357175
0.32114542559892756
0.33985311396777923
0.33095712762658275
0.3175534977381406
0.3206069586715681
0.3414072512154674
0.33863753305044575
0.33267248247284614
0.3315955489979172
0.30789334005945324
0.280966779339379
0.2512576031679299
0.233794514515759
0.23916306018751457
0.2750500940603414
0.301821886014912
0.3418812311413757
0.3691689192974501
0.3788677690250921
0.3663347141309774
0.3535017943857777
0.3362676347501689
0.3383731364014647
0.33891160313892915
0.34319999091922004
0.35403381248006555
0.3709294152156348
0.37574659667367766
0.36795333875990655
0.35963451139502417
0.3473626291131445
0.33084105109992873
0.3317761130957072
0.35526873913703394
0.37799074538758815
0.4000162915287434
0.4218902931310359
0.426159334602007
0.4232026042657036
0.4146935403130037
0.4033244764312296
0.39889744158832396
0.41186900839613827
0.42803590761653054
0.4541499317005518
0.4775490515612902
0.49148469954402024
0.4968919372647306
0.5119851274267297
0.5339139429707608
0.5534631871548027
0.5751759711585199
0.5982075151299764
0.6003678307230109
0.607135744876951
0.6242699496887948
0.6482462287157422
0.6574130603490965
0.6718065661750559
0.684184852303667
0.6981269487396786
0.7088672641199358
0.7311217394675482
0.7598023474626304
0.780847690725981
0.7891439475549028
0.7955410612131302
0.7924069913854677
0.77782002436526
0.7570938918825241
0.7387312092467834
0.729322551120619
0.7291258655098348
0.737496282589815
0.7435870827537812
0.7630105771615616
0.774905210494447
0.7867321324093454
0.8008644656230697
0.830470462744113
0.85276363014068
0.8674634492710059
0.8800222991176171
0.8883379020659636
0.8845009234857255
0.86593833101256
0.849735963969854
0.8380057726520797
0.8237251191261336
0.8114887046665679
0.8247020977772974
