239.70095094850865	0.004154532817836364	0
139.43870681317026	0.007120544062900903	4
103.96420949561511	0.009527056934981015	2
103.96420949561511	0.009527056934981015	2
107.52869526047186	0.009214152972169917	6
116.39839703082997	0.008518003867952218	2
77.25170929276013	0.012779273565242368	2
99.54030439779164	0.009946259920235182	4
85.13919224221601	0.011609117452460965	8
85.13919224221601	0.011609117452460965	8
80.00112367896816	0.012345507748303605	8
75.64385357313957	0.013047360660770035	8
60.64594894808724	0.016221666095887526	10
67.88384347180951	0.014517192270336174	9
64.53800791128803	0.015258321573545472	12
56.546558198570104	0.017377233866001176	8
56.546558198570104	0.017377233866001176	8
56.546558198570104	0.017377233866001176	8
54.001664893136066	0.01818126782058183	10
41.29977706111656	0.02364078653547409	16
41.29977706111656	0.02364078653547409	16
41.29977706111656	0.02364078653547409	16
41.29977706111656	0.02364078653547409	16
44.90862648953603	0.02178239857007986	13
44.90862648953603	0.02178239857007986	13
44.90862648953603	0.02178239857007986	13
47.81886581780597	0.02048388431906717	13
47.81886581780597	0.02048388431906717	13
47.81886581780597	0.02048388431906717	13
47.510545576956055	0.02061407448847637	11
47.510545576956055	0.02061407448847637	11
43.779183025864555	0.02233180537086614	14
44.41913158828908	0.022017153675783645	14
44.41913158828908	0.022017153675783645	14
44.43426994674455	0.02200981772508159	13
44.43426994674455	0.02200981772508159	13
44.43426994674455	0.02200981772508159	13
44.43426994674455	0.02200981772508159	13
44.43426994674455	0.02200981772508159	13
44.43426994674455	0.02200981772508159	13
44.43426994674455	0.02200981772508159	13
44.43426994674455	0.02200981772508159	13
44.43426994674455	0.02200981772508159	13
44.43426994674455	0.02200981772508159	13
44.43426994674455	0.02200981772508159	13
44.43426994674455	0.02200981772508159	13
44.43426994674455	0.02200981772508159	13
44.43426994674455	0.02200981772508159	13
44.43426994674455	0.02200981772508159	13
44.43426994674455	0.02200981772508159	13
44.43426994674455	0.02200981772508159	13
41.29977706111656	0.02364078653547409	16
