117.9155428827187	0.008409329644874574	4
111.5531983503559	0.008884687549146291	6
112.73722632837243	0.00879219611979006	7
127.97202666718754	0.007753619337784783	2
97.87753067963088	0.010113521172368876	8
97.87753067963088	0.010113521172368876	8
102.99479797320294	0.009615865596062574	3
97.68100595326109	0.010133662403823044	7
70.85034056656937	0.013917818511569887	7
88.88679357467598	0.011125104814971755	6
90.50209485626462	0.010928711540111104	4
90.20017000934038	0.010964891840635645	7
87.43781129540761	0.011307380693306777	7
77.22714051987754	0.012783287147584024	7
75.08327927271162	0.013143492362042083	8
75.08327927271162	0.013143492362042083	8
72.65336939735656	0.013577111382441253	8
63.40820694157071	0.015525971727596321	11
62.821479825853004	0.01566870593926462	8
63.63217294201313	0.015472170507050456	11
58.92484819906452	0.0166875683469084	9
58.92484819906452	0.0166875683469084	9
58.53068089599162	0.01679806084776922	10
57.315823190800074	0.017148004525772694	12
57.315823190800074	0.017148004525772694	12
57.315823190800074	0.017148004525772694	12
55.10249852806765	0.017824518091644488	9
55.808221313086676	0.017603085907032863	11
55.796232507079566	0.0176068016461365	16
53.125421311573156	0.01847560676236582	10
49.5939047321885	0.019765226765820015	11
49.5939047321885	0.019765226765820015	11
47.41819627696556	0.020653392255253	8
47.14387778557265	0.02077107300026571	11
45.738579181623166	0.021395601182356512	14
45.738579181623166	0.021395601182356512	14
45.738579181623166	0.021395601182356512	14
45.738579181623166	0.021395601182356512	14
45.738579181623166	0.021395601182356512	14
45.738579181623166	0.021395601182356512	14
45.738579181623166	0.021395601182356512	14
45.738579181623166	0.021395601182356512	14
45.738579181623166	0.021395601182356512	14
45.738579181623166	0.021395601182356512	14
45.738579181623166	0.021395601182356512	14
41.70441689240221	0.023416781512778737	15
41.70441689240221	0.023416781512778737	15
41.70441689240221	0.023416781512778737	15
41.70441689240221	0.023416781512778737	15
41.70441689240221	0.023416781512778737	15
41.70441689240221	0.023416781512778737	15
41.70441689240221	0.023416781512778737	15
