165.0            	0.006024096385542169	3
159.21690172351472	0.006241538746802716	3
105.27651421930722	0.009409416627425764	5
120.06051349648463	0.008260331722688736	3
101.5086201002785	0.009755277156416263	6
99.1514709782631	0.009984875810930827	5
110.67734191563576	0.008954367849795605	4
91.348945451334  	0.010828493981308963	7
89.79739403024669	0.011013531948580783	7
97.0159285543624	0.010202423368823892	5
71.65909536659903	0.013762901876971266	9
71.65909536659903	0.013762901876971266	9
71.65909536659903	0.013762901876971266	9
67.89287988314608	0.014515288106639879	10
60.39479178309395	0.01628802657288865	9
60.39479178309395	0.01628802657288865	9
56.80640270508704	0.01729912177897897	10
56.50168196341366	0.01739079564031302	10
55.71351187370774	0.01763248240078742	11
50.31713819760252	0.01948666732251096	16
48.96068516829365	0.02001573830766088	12
54.912628360967695	0.017885047248075617	13
54.41992568642894	0.01804405162248128	14
50.50128344203989	0.019416991833328016	13
50.50128344203989	0.019416991833328016	13
50.50128344203989	0.019416991833328016	13
50.50128344203989	0.019416991833328016	13
50.50128344203989	0.019416991833328016	13
50.50128344203989	0.019416991833328016	13
50.59304013140457	0.019382459290110763	13
47.4105814274112	0.02065664097630062	13
44.19592644305837	0.022125887855399626	13
44.19592644305837	0.022125887855399626	13
44.19592644305837	0.022125887855399626	13
47.196026720858676	0.02074859833968869	15
46.34827916847529	0.021120091744871793	13
46.34827916847529	0.021120091744871793	13
46.34827916847529	0.021120091744871793	13
46.34827916847529	0.021120091744871793	13
46.34827916847529	0.021120091744871793	13
46.34827916847529	0.021120091744871793	13
46.34827916847529	0.021120091744871793	13
45.46561152590533	0.021521292137573263	14
45.46561152590533	0.021521292137573263	14
45.46561152590533	0.021521292137573263	14
45.46561152590533	0.021521292137573263	14
45.46561152590533	0.021521292137573263	14
45.46561152590533	0.021521292137573263	14
45.46561152590533	0.021521292137573263	14
40.86511315955417	0.023886236642639693	15
45.46561152590533	0.021521292137573263	14
40.86511315955417	0.023886236642639693	15
