0.023057169676402676
0.01877012327121769
0.017948757094437478
0.018007673616886485
0.03290316675238552
0.053368007808169866
0.06776444296955139
0.07603009016835974
0.0767856085271404
0.07686531914034879
0.08326643028279401
0.092135105705409
0.09773217901200425
0.10533588105634138
0.10588692425735734
0.08739752080317584
0.07995323998525547
0.09205192913826368
0.10021014013344595
0.11250637314866835
0.13796525928724127
0.1490277100603249
0.15198393526923248
0.14909009233260304
0.14290731893902361
0.12715233719505473
0.11426693854712679
0.1164676453972537
0.10680532938827618
0.09860899596140431
0.10919664860095896
0.1108740378404876
0.10797672935813679
0.13271475381978953
0.15683242171670533
0.167184408266464
0.18588521817396073
0.1815357894964976
0.16390587485489366
0.14808157954309611
0.12214096397544369
0.10551263082779615
0.10726279938498269
0.1197253849221724
0.12333315783195593
0.15537683597587162
0.18262747844493427
0.207559581018972
0.22937257161196403
0.253223382078837
0.26921403011670964
0.2730955919561943
0.2755631562363641
0.2870172289840469
0.28805693290969286
0.28951251844641884
0.2930232524020638
0.2980727482574722
0.2789907136248637
0.26945316195633473
0.25013199548410114
0.23168418021143833
0.22173767843148776
0.22648219442516374
0.2457929640561254
0.2783876854010571
0.3153075755828634
0.34228789507616175
0.368048295326638
0.37506283173826954
0.37946771118835254
0.3713753482152776
0.36247548165652355
0.3535756150977694
0.3429740996630059
0.33010949510583737
0.3209254427761102
0.3087609056009946
0.30564179361994886
0.3237049184176708
0.34168140110252593
0.36351518578627734
0.3743974214462925
0.3772981956784725
0.3582230923414146
0.3339321404228731
0.3145901796557723
0.2996288387022737
0.3123270905333672
0.33884647468834556
0.3652861482301154
0.3928868244922585
0.4334352814704999
0.43797878805624035
0.4391224624356832
0.43811394944206855
0.4344853824415256
0.42410220495973566
0.4377431219664443
0.45130779390566594
0.48129978958459957
0.5306060204402163
0.5812326752426229
0.6217949950160732
0.6632272006474809
0.6712537158025562
0.6418335574153979
0.61817682506091
0.582514976961831
0.5165908100039465
0.458065870136742
0.42174554263302116
0.3844721533165208
0.3448247729241602
0.3348193546217606
0.34524065453524017
0.36223981536261973
0.35399842800439996
0.37107729944498796
0.4034016976100476
0.42737380687164767
0.41412104629381685
0.4187165381064557
0.3968758221271538
0.3595019281066857
0.31591753530632827
0.2866117444183466
0.25122715059058254
0.23274814438588845
0.24574097903333475
0.2608201530317313
0.27883129239844695
0.3120151793760842
0.35716952541645197
0.36317901458429797
0.3724011893457148
0.39632131338041643
0.4011905939186487
0.393486386966236
0.4233258927143034
0.45232670374055245
0.48875793299362097
0.5282077695237674
0.5604524572797265
0.55284528948556
0.5469570991124413
0.5326369090185467
0.5138390601569114
0.4732490147930434
0.43042707144290937
0.38289526878096
0.3387598325754788
0.33490599632641177
0.32988076010748413
0.3305912245349169
0.3556862142893083
0.37043961453932084
0.34999903332412496
0.34518173801279123
0.3652896139799446
0.3557278024708271
0.3413209702640659
0.3446029692213575
0.36696007151570714
0.36398305221604016
0.3575715440282153
0.3564140068535635
0.33093779257816813
0.301995898074368
0.27006312167979973
0.2512929982044743
0.2570633557368029
0.2956363751134415
0.3244119170952744
0.3674695267393121
0.3967995774678823
0.407224343131191
0.3937532446003867
0.3799598376628118
0.36143577752676975
0.36369886664917483
0.36427763523650075
0.3688869898443484
0.3805316749545871
0.39869183870644764
0.4038695648562415
0.39549301611219345
0.3865515613719206
0.3733611830663679
0.3556030381303785
0.356608085374164
0.38185903040103536
0.40628167815968363
0.42995573885510185
0.4534669125742741
0.4580554728872547
0.4548774443837599
0.4457315146898301
0.43351152674209475
0.42875314795320985
0.4426955790718219
0.46007249907859177
0.4881410421787132
0.5132914825016168
0.5282701520001534
0.534082097509893
0.5503049460918403
0.5738750363334615
0.5948874548404326
0.6182253445379793
0.64298069754467
0.6453027031895241
0.652577165735648
0.6709937898721717
0.6967645871680276
0.7066175155395611
0.7220883115125568
0.7353930575213938
0.7503786581113732
0.7619228385176441
0.7858429627564535
0.8166701872032683
0.8392906811778318
0.8482078760775161
0.8550837853534902
0.8517151442833318
0.8360364074027423
0.8137590157216009
0.7940219676382873
0.7839091131322616
0.7836977064748386
0.7926946121918391
0.7992412817654923
0.8201185386825274
0.8329034326264876
0.8456155472527899
0.8608056230005341
0.8926274978498625
0.916589210066083
0.932389245537292
0.945888069658514
0.9548260586489576
0.9507018992200186
0.9307499789335606
0.9133349364951012
0.9007267923225958
0.8853772951443273
0.8722250392704642
0.8864273963194607
