0.8420855186373616
0.8473270577460393
0.8511403273106255
0.854830026173196
0.8547270652913722
0.8469804149660994
0.8426735070073091
0.8476045170248703
0.8527106181273177
0.8516985975161686
0.8546854754149805
0.8543188516666714
0.8422747712634631
0.8259880586135561
0.8183373611149053
0.816806165022393
0.8184206747176058
0.8210405951670424
0.8346660090929723
0.8436457961683832
0.8364873586659622
0.8316764314215462
0.8308896794870567
0.8257234522972684
0.8251290401195054
0.8381101798634418
0.8561220823317239
0.8700695939618868
0.8819490734898128
