0.02279727086616879
0.01855854774939094
0.01774643995493204
0.017804692374444625
0.03253228454906704
0.05276644734222546
0.06700060688944598
0.07517308428888465
0.07592008649736097
0.07599889861809059
0.08232785688169403
0.09109656521281265
0.09663054869903567
0.10414854234366759
0.10469337422411205
0.08641238203753698
0.0790520126343643
0.09101432620613739
0.09908057841535232
0.1112382091486873
0.13641012449638876
0.14734788009506258
0.15027078293937113
0.14740955919871368
0.1412964775960821
0.12571908490870523
0.11297892957663026
0.11515483021246252
0.10560142715637909
0.09749748222886861
0.10796579158549612
0.109624273410378
0.10675962318738909
0.13121880236077124
0.1550646175853949
0.16529991726397208
0.18378993294504897
0.17948953072462
0.16205833925260646
0.14641241429510848
0.12076419953889075
0.1043232998040124
0.10605374058315396
0.11837584872441817
0.12194295506931076
0.15362543910562337
0.18056891423128624
0.20521998388209173
0.22678709996479798
0.2503690657577386
0.2661794683249729
0.2700172774698255
0.27245702753734075
0.28378199077499977
0.2848099752304305
0.2862491535083949
0.2897203147154795
0.29471289300539655
0.27584594973775
0.2664159046871617
0.24731252505732634
0.22907265227318532
0.21923826676834043
0.22392930290827903
0.24302240288931293
0.27524971880607
0.3117534505579005
0.338429649769549
0.36389968058309036
0.3708351496289823
0.3751903775847853
0.3671892311633601
0.35838968328041587
0.34959013539747164
0.3391081195060971
0.32638852387523914
0.31730799354353345
0.3052805741839707
0.30219662061587144
0.3200561391293043
0.33782999215373044
0.3594176679376537
0.37017723979545825
0.3730453167025857
0.3541852266014092
0.33016808060057923
0.3110441410677197
0.29625144330711467
0.30880656132823636
0.3350270208325856
0.3611686682162052
0.3884582315784192
0.42854962917455225
0.4330419216705975
0.4341727046321133
0.4331755595267011
0.42958789348059145
0.41932175445199577
0.4328089119925472
0.44622068389470027
0.4758746118878384
0.5246250663443419
0.5746810610208992
0.6147861651517793
0.6557513498478296
0.6636873906832722
0.6345988542717956
0.6112087789562782
0.5759489087244644
0.5107678343836911
0.45290258356132473
0.4169916562588429
0.38013840998993687
0.34093793210718526
0.33104529418282774
0.34134912592971894
0.35815667340055846
0.35000818238647535
0.3668945419780445
0.39885458177898003
0.4225564790950843
0.40945310271118684
0.4139967944602747
0.3924022655098814
0.3554496474190288
0.3123565348578575
0.28338107680307456
0.24839533565174535
0.23012462351758578
0.24297100383807743
0.2578802064377076
0.27568832549629074
0.30849816601178787
0.3531435354094244
0.3590852860340425
0.36820350908404376
0.3918540071471055
0.3966684014943463
0.3890510358259607
0.41855419274410954
0.4472281086489138
0.483248687623951
0.5222538483451408
0.554135076227154
0.5466136558983833
0.5407918367969288
0.5266330628881064
0.5080471020692214
0.46791458486884724
0.42557532748081517
0.3785792999870017
0.3349413553435789
0.3311309592682203
0.32616236716185176
0.32686482328375543
0.35167694406196576
0.36626404501220744
0.3460538686044046
0.3412908735102064
0.3611720949003437
0.3517180634643998
0.33747362406657083
0.3407186285602678
0.3628237231551414
0.3598802606096158
0.3535410224954039
0.3523965329991409
0.32720748483616807
0.29859182135087625
0.2670189889871188
0.2484604410359208
0.2541657555001572
0.29230398248970685
0.3207551685670695
0.36332743583495886
0.3923268802750974
0.40263413870612713
0.38931488545945075
0.37567695684391017
0.357361698623178
0.3595992783626614
0.36017152311079287
0.36472892139462776
0.37624234842557164
0.3941978120768126
0.3993171752581704
0.3910350463879837
0.38219437910260545
0.369152681822359
0.3515947054589047
0.3525884238801784
0.3775547420139024
0.40170209938850454
0.4251093077211004
0.44835546512809843
0.45289230350890924
0.44975009752129735
0.4407072601096943
0.4286250150147575
0.4239202723400718
0.43770554534646317
0.45488659392154074
0.482638750359331
0.5075056966711083
0.522315527650599
0.5280619613154623
0.5441019470784156
0.5674063569049262
0.5881819248943905
0.6112567515251822
0.63573306391745
0.638028896076446
0.6452213613875508
0.6634303946198663
0.6889107052840162
0.6986525721333846
0.7139489823719999
0.727103758210747
0.7419204421549005
0.7533344973638978
0.7769849956287666
0.8074647377493036
0.8298302550917217
0.8386469359917444
0.845445340497394
0.8421146705146904
0.8266126632639047
0.8045863807897605
0.7850718073373913
0.7750729442228103
0.7748639205265012
0.7837594137490607
0.7902322897193763
0.81087421965093
0.8235150031610582
0.8360838277169268
0.8511026819891123
0.8825658628821216
0.9062574803476173
0.9218794189197598
0.9352260852359303
0.94406332583717
0.9399856536459898
0.9202586300149803
0.9030398887216073
0.8905738626718238
0.8753973839563722
0.8623933793944215
0.8764356484642186
