0.8991917999279533
0.907987921126759
0.9144745036318215
0.9208240215966419
0.9206458374521586
0.9074019698438802
0.9001718116126728
0.9084573671669982
0.917167822876797
0.9154305291329927
0.9205738784978988
0.9199399548479235
0.899507048612679
0.872978193791881
0.8609062283457458
0.8585178775312732
0.8610364397195179
0.8651449512607164
0.886965636924497
0.9017960276052048
0.8899433657059869
0.8821101231748222
0.8808388489889256
0.8725567199169317
0.8716109740645622
0.8926092718814682
0.9230650278184568
0.94787714839486
0.9700062293750893
