0.8383328833119926
0.846533667223887
0.8525812261704275
0.8585009973510764
0.858334873029639
0.8459873741766246
0.8392465660450827
0.8469713403126592
0.8550922567297599
0.8534725461479684
0.8582677843866937
0.8576767658283325
0.8386267953993222
0.8138934611377477
0.8026385480029614
0.8004118450628125
0.8027599464370031
0.8065903865352442
0.8269342089876148
0.8407608521809771
0.8297103997350254
0.8224073251325217
0.8212220930676517
0.813500513371926
0.8126187772980863
0.8321958725906604
0.8605903282453358
0.8837231199206687
0.9043544649403703
