0.9040899864762171
0.9129340229724447
0.9194559399758568
0.925840045804452
0.9256608910337022
0.9123448798247248
0.9050753365993561
0.9134060262360478
0.9221639305958349
0.9204171732550015
0.925588540095906
0.9249511632601973
0.9044069524217841
0.8777335864078966
0.8655958610885461
0.8631945001600656
0.8657267817654942
0.8698576736886825
0.8917972236359238
0.9067084002180862
0.8947911730625119
0.8869152603432978
0.8856370611185863
0.8773098166293759
0.8763589189955816
0.8974716012852013
0.9280932595069524
0.9530405396736134
0.9752901648656463
