1.5585623685269394	0.39084448841313085	93
1.5704296230916517	0.3890400231215915	91
1.6026160254198791	0.3842287875863941	94
1.66042329857448	0.37588003402910525	93
1.6026160254198791	0.3842287875863941	94
1.6026160254198791	0.3842287875863941	94
1.5921838935571972	0.3857750997085789	86
2.1161468486616397	0.32090913829349604	75
2.127152915516551	0.31977969322770305	74
1.789638040218153	0.3584694449900026	93
1.6026160254198791	0.3842287875863941	94
2.10337886862247	0.32222942873999805	74
2.108886840394233	0.32165853932245136	74
2.105005578324527	0.32206061302460004	73
2.1106770619957156	0.32147342204607715	74
2.095753168212184	0.32302316937545317	73
2.137579481009437	0.3187170256730119	73
2.1075489129115703	0.3217970265391785	74
2.1349671449333996	0.3189826093125593	74
1.6026160254198791	0.3842287875863941	94
2.1084054936449443	0.32170834919847957	73
1.814447104318378	0.35530957340276137	91
2.1255692722402606	0.3199417171398179	73
2.104252723545385	0.32213872034809526	75
2.1210457747338283	0.3204054256734773	73
2.1378891567486575	0.31868557174790585	73
2.1089261748376855	0.3216544696665913	75
2.133772505187939	0.3191042101315609	72
2.124411119763991	0.32006031270159385	73
2.0460467094091044	0.3282943747747019	81
2.057941920084607	0.327017329345592	75
2.1265041480355924	0.319846049341821	74
2.0990603842977404	0.32267844959290914	74
2.1249443199158162	0.32000570174221193	74
2.1111362975706176	0.321425969277163	73
1.6026160254198791	0.3842287875863941	94
2.1145677076918075	0.32107184490816404	73
1.6026160254198791	0.3842287875863941	94
2.1298270916771362	0.3195064681557677	71
2.0646071646863486	0.32630609610362454	74
1.6026160254198791	0.3842287875863941	94
2.1272291260567298	0.31977190020001733	75
1.6026160254198791	0.3842287875863941	94
1.6026160254198791	0.3842287875863941	94
2.1223781390803405	0.3202687039996181	72
2.113537631956202	0.32117806758985945	73
2.0625158616026096	0.3265289210540453	73
2.1282815488506572	0.31966432189180793	74
2.1225386325307474	0.32025224270468755	73
2.1167006297283284	0.3208521185710308	74
2.1316117562955665	0.3193243855946294	74
2.1196539971784683	0.32054836879488474	74
2.127073150600511	0.3197878501204757	73
2.137730691371858	0.3187016663825877	73
2.107892907962368	0.32176140865021996	74
1.6026160254198791	0.3842287875863941	94
2.1208461106345666	0.320425924428766	73
2.102587787633208	0.32231158905026325	75
2.1256647710280214	0.31993194192450236	75
1.6026160254198791	0.3842287875863941	94
2.072320292664517	0.32548689743956827	75
1.5622515547107305	0.39028174191620174	92
2.1290494190485316	0.31958587611699524	73
1.5622515547107305	0.39028174191620174	92
2.1259677680614057	0.3199009312307011	73
2.1287850773523496	0.31961287697211316	73
2.064857908624995	0.32627940015941415	74
1.6026160254198791	0.3842287875863941	94
2.116971511598477	0.3208242347672821	75
2.1262585606897244	0.3198711752681701	73
2.118621639710009	0.32065447993652313	73
1.6026160254198791	0.3842287875863941	94
2.091102663282292	0.32350915156539917	75
2.1095807332752434	0.32158676225998	74
2.1237316024269357	0.32012993665110834	75
2.1188728767548892	0.32062865000143115	73
1.6479689578303045	0.3776479316507475	93
1.6026160254198791	0.3842287875863941	94
2.1329808079318964	0.31918484705308725	73
1.6026160254198791	0.3842287875863941	94
2.1347003740072688	0.3190097555389775	72
1.6026160254198791	0.3842287875863941	94
2.090936616083917	0.32352653069507353	73
2.127502191626941	0.3197439805724949	74
2.112626695793107	0.3212720630300952	73
2.1289379141169302	0.31959726509377756	74
2.107555412657618	0.3217963534702631	74
2.1096775945614126	0.32157674536708347	73
1.9561179749801838	0.3382814923029936	89
2.114599553621487	0.321068562036251	72
2.1230444394259864	0.3202003747931936	73
1.6026160254198791	0.3842287875863941	94
1.6026160254198791	0.3842287875863941	94
1.6026160254198791	0.3842287875863941	94
2.134175038604298	0.31906322642570634	72
2.0960360171924406	0.3229936584868363	73
2.114343580630846	0.32109495118629094	74
1.6026160254198791	0.3842287875863941	94
2.1369693617664076	0.31877901397063896	72
2.1168216259155095	0.32083966297117444	73
1.5585623685269394	0.39084448841313085	93
