1.273752053248247	0.43980169190893775	72
1.273752053248247	0.43980169190893775	72
1.273752053248247	0.43980169190893775	72
1.2659528284551689	0.4413154534561771	73
1.2643892688489689	0.441620181546046	72
1.2512227024483074	0.4442030541502866	73
1.2279775462515627	0.44883755748905074	72
1.2354987248720088	0.4473274750166784	72
1.258208562095276	0.4428288940115218	73
1.2286204247771304	0.4487080836567328	73
1.238037835433051	0.4468199706760115	73
1.2414124804383726	0.44614724363648645	72
1.2183394904401565	0.45078762935495637	73
1.2295463323422497	0.44852173982383675	72
1.2533985983843237	0.44377412887227113	72
1.230529368216359	0.44832406793175256	72
1.2315904888587315	0.44811088996503784	72
1.224341990886629	0.4495711559180687	74
1.2323875888329667	0.44795088675563444	72
1.2323875888329667	0.44795088675563444	72
1.2455635299760641	0.4453225155516572	72
1.2315904888587315	0.44811088996503784	72
1.233670510052368	0.4476936036445927	72
1.2297634152629437	0.4484780731242178	72
1.2396953904569572	0.44648928790087544	75
1.2501866321788278	0.4444075818865355	73
1.2495398857736493	0.44453534979491394	74
1.2162063698786818	0.4512215169089787	69
1.2288269467452084	0.4486665065945636	73
1.2286204247771304	0.4487080836567328	73
1.253086978702895	0.4438355063308302	72
1.2513460374259053	0.4441787194754646	73
1.2295003560052256	0.44853098915479883	72
1.2288467155756093	0.4486625271319951	73
1.2495149708529567	0.44454027332871066	72
1.2454452301360646	0.44534597708241774	74
1.2620053146857189	0.44208561028024784	74
1.250202984705414	0.44440435231709347	73
1.2310669618865315	0.4482160406133334	73
1.2317615513234959	0.4480765426785727	73
1.2312021914293891	0.44818887496671184	72
1.2479436283183636	0.4448510129002112	74
1.240160091875699	0.4463966676429336	72
1.2560330391825052	0.44325591985229057	74
1.2198975873634696	0.45047123150743235	75
1.2298374460180421	0.44846318362164095	72
1.254711278837035	0.4435157660256144	72
1.24876610181069	0.4446883111564192	73
1.244268891426431	0.4455794062022629	73
1.253756564992759	0.4437036437443335	72
1.2479957613300527	0.4448406964114285	73
1.238637043187198	0.4467003720157679	76
1.2576533417899187	0.4429377980621141	73
1.2472632731656343	0.4449856907915102	72
1.2466386969952226	0.4451093989155687	72
1.2207109230341795	0.4503062463590219	73
1.244175271259586	0.4455979944198971	72
1.2149787346953305	0.45147160301633754	74
1.2192768017704252	0.4505972392457991	73
1.2557756018296586	0.4433065058372386	72
1.252036981935587	0.44404244158571377	72
1.2542382620614516	0.44360883089861225	72
1.2398407962744369	0.44646030274263965	73
1.2315904888587315	0.44811088996503784	72
1.226427168213234	0.4491501066268996	72
1.2363534548199435	0.44715650732433676	72
1.2453263781516863	0.44536955060545924	72
1.23534905599613	0.4473574260438596	72
1.230079624160609	0.44841448223015584	72
1.247645979436352	0.4449099231591501	73
1.2414263261970548	0.4461444876917561	73
1.2389844685981226	0.4466310570819288	73
1.2307806560734613	0.44827356615157465	73
1.2358659969893797	0.4472539952512861	74
1.2557971803184012	0.4433022652589946	72
1.2285490266851997	0.44872245933374205	73
1.2498741884561948	0.4444692974971076	73
1.2408598913409659	0.4462572621626889	73
1.2285439642261557	0.4487234786715289	73
1.2575341559959845	0.4429611828215363	72
1.2252931760563188	0.4493789900404079	73
1.2432230146560204	0.4457871524438428	72
1.2482523068090938	0.4447899361523543	71
1.2290240256651523	0.44862683779354723	73
1.2417176475431153	0.4460865091979728	73
1.2290240256651523	0.44862683779354723	73
1.227515879371259	0.44893058193697866	73
1.2243319295629695	0.4495731894638932	73
1.2580701030783592	0.4428560471336696	72
1.2301564899864528	0.44839902692482114	72
1.2349250541458485	0.44744229706717553	72
1.2298374460180421	0.44846318362164095	72
1.2430847681388222	0.4458146273400716	72
1.230258144913897	0.44837858894518545	72
1.2334346780950403	0.44774087633175297	73
1.230529368216359	0.44832406793175256	72
1.233017977162144	0.44782442874502126	72
1.2484603023611465	0.4447487905167296	72
1.2501866321788278	0.4444075818865355	73
1.250059847475056	0.44443262303541287	73
1.2149787346953305	0.45147160301633754	74
