1.305134778357857	0.4338141133389106	81
1.305134778357857	0.4338141133389106	81
1.305134778357857	0.4338141133389106	81
1.305134778357857	0.4338141133389106	81
1.305134778357857	0.4338141133389106	81
1.6026160254198791	0.3842287875863941	94
1.305134778357857	0.4338141133389106	81
1.305134778357857	0.4338141133389106	81
1.2908853485817011	0.43651246039838054	81
1.305134778357857	0.4338141133389106	81
1.305134778357857	0.4338141133389106	81
1.305134778357857	0.4338141133389106	81
1.2936081733447236	0.4359942607554105	82
1.305134778357857	0.4338141133389106	81
1.305134778357857	0.4338141133389106	81
1.305134778357857	0.4338141133389106	81
1.305134778357857	0.4338141133389106	81
1.305134778357857	0.4338141133389106	81
1.305134778357857	0.4338141133389106	81
1.305134778357857	0.4338141133389106	81
1.2664009189177505	0.44122820091227233	85
1.305134778357857	0.4338141133389106	81
1.2972735983981942	0.4352986081837461	81
1.305134778357857	0.4338141133389106	81
1.2915177967066065	0.43639198501412935	81
1.305134778357857	0.4338141133389106	81
1.2966458782204133	0.4354175841749113	83
1.2665422362784795	0.4412006906352371	85
1.2855738614344931	0.43752687973617743	82
1.244904624250558	0.44545322291090267	83
1.289097288964061	0.43685342900063173	81
1.2580945464372477	0.44285125331787784	81
1.2014093630495823	0.45425445025577327	85
1.2557975460574446	0.4433021933851038	84
1.2990711329870959	0.4349582688643209	82
1.305134778357857	0.4338141133389106	81
1.305134778357857	0.4338141133389106	81
1.305134778357857	0.4338141133389106	81
1.305134778357857	0.4338141133389106	81
1.656257102877295	0.37646958154644966	73
1.305134778357857	0.4338141133389106	81
1.305134778357857	0.4338141133389106	81
1.305134778357857	0.4338141133389106	81
1.305134778357857	0.4338141133389106	81
1.305134778357857	0.4338141133389106	81
1.5261999135698325	0.3958514900694762	78
1.305134778357857	0.4338141133389106	81
1.273857380647128	0.4397813198448731	82
1.305134778357857	0.4338141133389106	81
1.2973949280388941	0.4352756192656965	81
1.305134778357857	0.4338141133389106	81
1.2962355318518393	0.4354953950187908	82
1.305134778357857	0.4338141133389106	81
1.305134778357857	0.4338141133389106	81
1.305134778357857	0.4338141133389106	81
1.305134778357857	0.4338141133389106	81
1.3018901540226813	0.43442559509299106	82
1.3000862560374664	0.43476630381800385	80
1.305134778357857	0.4338141133389106	81
1.305134778357857	0.4338141133389106	81
1.305134778357857	0.4338141133389106	81
1.305134778357857	0.4338141133389106	81
1.305134778357857	0.4338141133389106	81
1.305134778357857	0.4338141133389106	81
1.305134778357857	0.4338141133389106	81
1.305134778357857	0.4338141133389106	81
1.305134778357857	0.4338141133389106	81
1.305134778357857	0.4338141133389106	81
1.305134778357857	0.4338141133389106	81
1.305134778357857	0.4338141133389106	81
1.305134778357857	0.4338141133389106	81
1.305134778357857	0.4338141133389106	81
1.305134778357857	0.4338141133389106	81
1.2871539605324795	0.43722461069791163	82
1.305134778357857	0.4338141133389106	81
1.305134778357857	0.4338141133389106	81
1.2956020993231323	0.43561556259896	82
1.305134778357857	0.4338141133389106	81
1.3019929628495133	0.4344061933022392	82
1.2963019313560762	0.4354828023026798	80
1.305134778357857	0.4338141133389106	81
1.305134778357857	0.4338141133389106	81
1.305134778357857	0.4338141133389106	81
1.305134778357857	0.4338141133389106	81
1.305134778357857	0.4338141133389106	81
1.305134778357857	0.4338141133389106	81
1.4759270543786052	0.4038891203323333	75
1.4060192488796293	0.4156242725263537	78
1.305134778357857	0.4338141133389106	81
1.305134778357857	0.4338141133389106	81
1.305134778357857	0.4338141133389106	81
1.305134778357857	0.4338141133389106	81
1.305134778357857	0.4338141133389106	81
1.305134778357857	0.4338141133389106	81
1.2937329004740585	0.4359705525405005	81
1.4010823050265167	0.4164788511858016	82
1.305134778357857	0.4338141133389106	81
1.305134778357857	0.4338141133389106	81
1.305134778357857	0.4338141133389106	81
1.305134778357857	0.4338141133389106	81
1.2014093630495823	0.45425445025577327	85
