1.5622515547107305	0.39028174191620174	92
1.5622515547107305	0.39028174191620174	92
1.5622515547107305	0.39028174191620174	92
1.6026160254198791	0.3842287875863941	94
1.5622515547107305	0.39028174191620174	92
1.712873785405288	0.3686127992315004	93
1.730791910684235	0.3661941417387007	70
1.3936288727108042	0.4177757092591768	81
1.7888881979140259	0.35856582589003	69
1.7218612951132415	0.3673956500999422	70
1.7218612951132415	0.3673956500999422	70
2.088770020454273	0.3237534660650868	69
1.7218612951132415	0.3673956500999422	70
1.7218612951132415	0.3673956500999422	70
1.7108835517069825	0.3688834215583781	73
1.7218612951132415	0.3673956500999422	70
1.7152417823879587	0.36829132730880987	71
1.7218612951132415	0.3673956500999422	70
1.8417876184643127	0.35189118057330226	68
1.7210908759850485	0.36749967038054	72
1.7218612951132415	0.3673956500999422	70
1.6778052364423062	0.3734401540451784	70
1.7210033870134154	0.3675114866716884	70
1.7218612951132415	0.3673956500999422	70
1.6026160254198791	0.3842287875863941	94
1.7218612951132415	0.3673956500999422	70
1.7218612951132415	0.3673956500999422	70
1.7218612951132415	0.3673956500999422	70
1.7218612951132415	0.3673956500999422	70
1.6939406139803348	0.3712034314381141	71
1.7218612951132415	0.3673956500999422	70
1.6831658984877682	0.372694062847027	71
1.7218612951132415	0.3673956500999422	70
1.7101632519133727	0.36898146238755214	70
1.7218612951132415	0.3673956500999422	70
1.6026160254198791	0.3842287875863941	94
1.6779448764551177	0.37342068120675154	73
1.700387026624616	0.3703172879074164	71
1.7060778980891484	0.36953851206801297	70
1.7069742613117738	0.369416146393431	70
1.7203378826760287	0.3676013948003724	71
1.6585179157151488	0.37614943051117156	70
1.6852722650176262	0.37240171621607837	70
1.7218612951132415	0.3673956500999422	70
1.718590127103786	0.3678377222186622	70
1.660617487143205	0.37585259994428355	70
1.7034390367184946	0.36989922332919567	70
1.7084575194559901	0.3692138395439393	71
1.7075179785875159	0.3693419611276929	72
1.674663468683444	0.373878811936005	71
1.6857491928777493	0.37233558615669227	71
1.7218612951132415	0.3673956500999422	70
1.7041257248391006	0.3698052907874694	71
1.7218612951132415	0.3673956500999422	70
1.7218612951132415	0.3673956500999422	70
1.6026160254198791	0.3842287875863941	94
1.6754204144947564	0.37377303192509514	71
1.677383692631469	0.3734989507675492	70
1.6740402943511732	0.3739659428889193	73
1.6731310684883558	0.37409314185461756	69
1.6765832720174885	0.37361064400818916	71
1.6378930339821418	0.3790904282765432	72
1.6804219445166177	0.3730755905971133	73
1.638682194605683	0.37897705227417017	70
1.6761793890081016	0.3736670284911804	72
1.691677743170079	0.3715154990367705	70
1.6653261382763402	0.3751886066170865	70
1.6559314690628477	0.376515739072459	70
1.665862832071799	0.37511307332449706	70
1.6890021549904364	0.37188516124620086	69
1.67416507120396	0.3739484935945936	71
1.6162273040698174	0.3822297850207413	70
1.6564796914840616	0.37643803685220073	71
1.676533124857916	0.3736176439262582	70
1.6891719594363375	0.3718616790164674	70
1.683418660393228	0.372658957306893	72
1.6500915876859712	0.37734544898245886	70
1.6465946855157727	0.3778440293380694	70
1.6582314511533356	0.37618996628985285	70
1.6494423144993091	0.3774379213796847	71
1.6731449970761694	0.37409119261909823	72
1.6544936253660387	0.3767196841025023	70
1.6769866741983082	0.3735543436350782	69
1.6902593992484347	0.3717113674166013	71
1.6693032218366184	0.3746296006460998	70
1.645853465494739	0.3779498800826498	70
1.6628882926731703	0.3755320877527832	72
1.6545129397149736	0.3767169430740745	71
1.6336173603368882	0.37970588099103414	70
1.6830070641214756	0.37271612638390134	70
1.6754758598629758	0.3737652860195176	72
1.6670539826453863	0.3749455416002207	71
1.6720834937500395	0.374239802887516	69
1.6903304105181158	0.37170155609526623	71
1.666633613122281	0.3750046482122942	70
1.6698335827545059	0.3745551806896839	70
1.6440820410333883	0.37820309070635694	73
1.6427969598495735	0.3783869949876586	66
1.5583561587250072	0.3908759914406773	66
1.6791935408709717	0.3732466448373538	69
1.3936288727108042	0.4177757092591768	81
