1.596537516140275	0.3851282693910347	94
1.5868173674000825	0.38657541603142404	92
1.5622515547107305	0.39028174191620174	92
1.6026160254198791	0.3842287875863941	94
2.0995371434453594	0.3226288164072226	74
2.0778473363739587	0.3249024044116852	79
2.065655554920893	0.3261945062271695	73
2.0345912793452654	0.3295336695938034	79
1.9688187242264281	0.3368343078139827	81
1.9688187242264281	0.3368343078139827	81
1.9688187242264281	0.3368343078139827	81
1.9686684199147142	0.3368513618064252	81
1.990254089462095	0.3344197416280053	82
1.846862059980342	0.35126394568162006	81
1.5987260720920529	0.3848039278703083	97
1.9062420975989045	0.34408695711420106	81
1.9625174432036496	0.33755075511677174	78
1.9688185040538784	0.33683433279417874	81
1.846862059980342	0.35126394568162006	81
1.8551253618531809	0.3502473178098661	91
1.9841850007342736	0.3350998680557489	83
1.9062420975989045	0.34408695711420106	81
2.0020973405456566	0.3331004583010095	81
1.9062420975989045	0.34408695711420106	81
1.9062420975989045	0.34408695711420106	81
1.9688185040538784	0.33683433279417874	81
1.9006171431362133	0.3447542197584812	81
1.9684383525023275	0.33687746931211227	80
1.9062420975989045	0.34408695711420106	81
1.9671096249349802	0.3370283293870255	82
1.8509694232697995	0.3507578832091057	92
1.9688185040538784	0.33683433279417874	81
1.9641163461730795	0.33736867356474826	80
1.6026160254198791	0.3842287875863941	94
2.0071151831624396	0.3325446280206492	78
1.9688185040538784	0.33683433279417874	81
2.0139612050314417	0.3317892739729435	83
1.9062420975989045	0.34408695711420106	81
1.846862059980342	0.35126394568162006	81
1.976946747511685	0.3359146416830806	76
1.6026160254198791	0.3842287875863941	94
1.6613911373965466	0.3757433418742914	94
1.846862059980342	0.35126394568162006	81
1.9062420975989045	0.34408695711420106	81
1.9680707756952251	0.3369191894575914	81
1.9671510804083923	0.3370236206045707	81
1.9784661966808519	0.33574327656106406	78
1.6026160254198791	0.3842287875863941	94
1.9764461057776672	0.3359711429207035	75
1.9509487723361945	0.3388740629368243	74
1.846862059980342	0.35126394568162006	81
1.9688185040538784	0.33683433279417874	81
1.8144539415982035	0.3553087102331987	83
1.6026160254198791	0.3842287875863941	94
1.9394696793352473	0.34019741963324046	92
1.9716149364549964	0.3365173555066846	80
1.9062420975989045	0.34408695711420106	81
1.9044494353956116	0.3442993318504067	86
1.7315959183715095	0.36608635752983854	82
1.752538290773132	0.3633010313978667	85
1.5617423758803246	0.3903593153688442	91
1.5103416953640467	0.39835214538592173	81
1.5757553668416249	0.38823562706041986	65
1.5072413968317657	0.3988447228350782	89
1.321600789122089	0.43073727605776235	68
1.25472675428236	0.4435127219299274	73
1.368585780469986	0.42219285796842676	73
1.2921093058079023	0.43627936829458003	72
1.4155301637794924	0.41398779240882516	77
1.2682095507253868	0.44087637303184535	71
1.2622646943983304	0.44203492300265906	72
1.2589985255658913	0.4426740383770258	71
1.249082436550756	0.44462576548933563	78
1.2630605685215188	0.4418794679690391	73
1.2366630541276034	0.44709461183908356	77
1.2359626407163358	0.4472346638491374	73
1.2359626407163358	0.4472346638491374	73
1.2359626407163358	0.4472346638491374	73
1.2359626407163358	0.4472346638491374	73
1.2357503973087247	0.4472771205603925	75
1.2178257922452649	0.4508920418801821	74
1.225578042135172	0.44932147112694426	76
1.225578042135172	0.44932147112694426	76
1.2195984062322331	0.45053195082145486	80
1.2195984062322331	0.45053195082145486	80
1.2195984062322331	0.45053195082145486	80
1.2195984062322331	0.45053195082145486	80
1.2195984062322331	0.45053195082145486	80
1.2195984062322331	0.45053195082145486	80
1.2195984062322331	0.45053195082145486	80
1.2195984062322331	0.45053195082145486	80
1.2195984062322331	0.45053195082145486	80
1.2149318036760812	0.45148116900950114	77
1.2149318036760812	0.45148116900950114	77
1.2149318036760812	0.45148116900950114	77
1.2149318036760812	0.45148116900950114	77
1.2149318036760812	0.45148116900950114	77
1.2149318036760812	0.45148116900950114	77
1.2149318036760812	0.45148116900950114	77
1.2065065216435078	0.4532050960153763	79
1.2065065216435078	0.4532050960153763	79
