54.4
57.5
57.1
65.4
58.85
57.05
59.75
64.8
69.1
64.4
64.65
71.55
77.5
80.3
84.15
89.6
87.1
91.25
89.95
88.7
90.95
99.4
99.3
101.55
99.3
99.8
99.65
104.6
107.0
106.2
108.0
110.55
112.1
113.05
111.95
114.85
116.45
113.5
117.55
118.2
119.65
121.75
123.85
124.8
125.45
125.25
126.9
125.8
126.95
130.0
129.85
128.8
130.25
130.75
131.25
132.1
133.0
133.05
133.9
133.95
133.35
134.85
134.45
136.05
134.6
134.65
135.05
136.05
138.5
136.8
137.1
137.2
139.1
138.6
141.0
139.35
139.0
139.75
139.1
139.95
140.25
141.5
141.6
140.75
140.95
143.1
143.15
142.15
142.7
141.45
141.75
141.75
142.75
143.45
143.95
144.75
146.75
146.25
146.65
147.95
146.5
