0.022838565416572046
0.047259031484390465
0.04228907052080978
0.04015352136055212
0.07001038810269794
0.052862027498822524
0.06712197053663373
0.07530925140890349
0.07605760672322
0.07613656160275224
0.08247698402307646
0.09126157582859325
0.09680558346908212
0.10433719506690291
0.10488301384563359
0.08656890781145363
0.07919520597269732
0.09117918785571824
0.09926005112343986
0.11143970396187895
0.13665721524661928
0.14761478329137578
0.15054298062727225
0.14767657411940255
0.14155241939499946
0.1259468101096247
0.11318357749827389
0.11536341951985385
0.10579271160801211
0.09767408734610944
0.10816135880266996
0.10982284477053512
0.10695300557366791
0.13145648964710266
0.15534549873578488
0.1655993384449188
0.18412284659485226
0.17981465470620867
0.1623518886997232
0.146677623006154
0.12098294955305004
0.10451226907964548
0.10624584434687526
0.11859027252454649
0.12216384025920883
0.153903713355011
0.18089599338798698
0.20559171552566974
0.22719789787939407
0.25082257960446364
0.2666616208394377
0.2705063817200529
0.27295055110524546
0.28429602816966815
0.2853258746969301
0.2867676598755313
0.29024510867915604
0.2952467304320843
0.2763456119359951
0.2668984854780343
0.2477605023433484
0.2294875901945196
0.21963539086755982
0.2243349242626945
0.24346260912821524
0.2757483010027481
0.31231815493207876
0.33904267491244466
0.3645588416638085
0.3715068734887175
0.3758699904230476
0.36785435087452295
0.3590388636549927
0.35022337643546253
0.339722373616394
0.32697973794771884
0.31788275931307053
0.3058335537108527
0.3027440139268942
0.3206358828383971
0.33844193108802745
0.36006871038442734
0.3708477719296163
0.37372104401765366
0.35482679110173215
0.3307661408914775
0.3116075606119433
0.29678806763506604
0.30936592776233657
0.3356338825170144
0.36182288239216004
0.38916187755945103
0.42932589596394705
0.43382632571466606
0.4349591569553059
0.43396020563988474
0.43036604096254677
0.42008130604157207
0.43359289396723943
0.44702895970237205
0.4767366022664935
0.5255753623851334
0.5757220275549829
0.6158997773219869
0.6569391655880232
0.6648895816195236
0.6357483547768084
0.6123159111159867
0.5769921718141844
0.5116930296934779
0.45372296283717883
0.4177469871520978
0.3808269856016272
0.3415555007058316
0.33164494344201517
0.34196743935717094
0.3588054317053935
0.3506421806669695
0.36755912789472434
0.3995770595144744
0.4233218900044274
0.4101947784094288
0.4147467005168367
0.39311305564026916
0.3560935022675908
0.3129223316476661
0.2838943879896666
0.24884527432064213
0.23054146695997257
0.24341111697369888
0.2583473258242894
0.2761877021769306
0.30905697382437525
0.35378321300978965
0.3597357264104476
0.368870466039277
0.392563804172541
0.3973869192237292
0.389755755601528
0.41931235398675265
0.4480382092869583
0.4841240352655851
0.5231998492059625
0.5551388261483531
0.547603781659362
0.5417714170235874
0.527586996176311
0.5089673690953399
0.46876215660332005
0.4263462066757068
0.3792650514559699
0.3355480618551419
0.33173076369954246
0.3267531715782873
0.32745690011608247
0.35231396510617247
0.3669274888584664
0.34668070411481355
0.34190908142031434
0.36182631528333015
0.35235515899152364
0.3380849174823747
0.3413357999165677
0.3634809352666824
0.3605321409881103
0.3541814200964484
0.35303485749330044
0.3278001823592273
0.2991326849958782
0.2675026621936217
0.2489104976354938
0.25462614659972765
0.29283345646090514
0.32133617848502216
0.3639855603622345
0.39303753385407975
0.40336346266040557
0.39002008316731324
0.37635745106274904
0.35800901692555814
0.3602506497751649
0.3608239310767389
0.3653895845466547
0.3769238667841553
0.3949118546266959
0.4000404909268479
0.3917433599632052
0.3828866788583238
0.36982135809135186
0.3522315775376427
0.3532270959618937
0.3782386376177055
0.40242973506418134
0.4258793427765084
0.44916760783860077
0.4537126641636685
0.45056476644285337
0.44150554900455874
0.42940141835665446
0.4246881535990118
0.43849839699130266
0.45571056699668344
0.4835129931720027
0.5084249830056067
0.523261640236162
0.5290184828835744
0.5450875231769776
0.5684341461759266
0.5892473466409855
0.6123639705815056
0.6368846189086184
0.6391846096950818
0.6463901033034358
0.6646321200382512
0.6901585852609529
0.6999180983458726
0.7152422162161293
0.7284208203699895
0.7432643429785397
0.7546990733938326
0.7783924117292692
0.8089273642850667
0.8313333941076241
0.8401660453786597
0.8469767643871797
0.8436400612911141
0.8281099739941016
0.806043793523519
0.7864938717374937
0.7764768968691292
0.776267494551203
0.7851791009039436
0.7916637017208243
0.8123430220584921
0.8250067028476351
0.8375982943374134
0.8526443534815497
0.8841645261924331
0.9078990582110483
0.9235492940707718
0.93692013628888
0.9457733845025912
0.9416883260922091
0.9219255692992603
0.9046756382996984
0.892187031523298
0.8769830624179249
0.8639555026451341
0.8780232076186971
