0.02256539709901753
0.019048204970628885
0.019914780004149826
0.017766327808348702
0.032868033385922125
0.05943693544083924
0.06759473722369011
0.07499121960578176
0.08514125834674934
0.07784559442152462
0.0814397139099478
0.10096336943155837
0.10077895340499175
0.102459823109254
0.11401162619302474
0.09203526202442408
0.07769558407495336
0.09717632246169347
0.1076634535488734
0.10936589854982949
0.142381899605681
0.16255638387252877
0.14815010414518115
0.15089523675469
0.15782485173559305
0.1250504232773884
0.11401650564420661
0.12942047328096137
0.10632806573936104
0.09726092809116892
0.12098568658127522
0.11204587412939243
0.10557160325193791
0.14529447169418183
0.16108983531481919
0.16221957503971493
0.199476723669039
0.19002526198957326
0.15876645799528732
0.1561365581887081
0.13094159270002742
0.10257449151745306
0.1109860549327907
0.13067459309043966
0.12032887926902204
0.15737903193815775
0.2010456854004459
0.20311969640500904
0.22756072888998818
0.27842975983059376
0.2650894362682004
0.2666969016052728
0.30143517375062157
0.2862917879328743
0.27855267703835135
0.313008759380366
0.29735473768810444
0.2864974413745033
0.2972084644336417
0.2796276107981527
0.24093165130608385
0.2431503146169349
0.23586018539759263
0.21874491429729162
0.25241515266512776
0.29973759272852196
0.3034040357979195
0.3415224185431794
0.39650605276178713
0.36105414151244747
0.37105024080100807
0.4020660604644249
0.35316044340171726
0.34266657487457924
0.3720886193128291
0.3274464728993425
0.30946973652150944
0.3333126183722398
0.3093750242437222
0.3104151145412358
0.3616224906627671
0.3726249938578477
0.3562250093829707
0.3898824634856097
0.3748009572218018
0.31940821661056207
0.32122056486442196
0.3215013492957585
0.30052501908746204
0.3385946697955439
0.39346677475896663
0.3771661108785282
0.4210480075522314
0.4687869311702674
0.42315295247213386
0.42020662069529324
0.46458589328909283
0.4151845485945597
0.41628725029102104
0.4768870762846682
0.47476895956693244
0.4947061988539152
0.5892603439607712
0.6069958457013772
0.6013910606520394
0.6544610563204296
0.6345902005330277
0.5660890571926344
0.5698375806517234
0.5343543856579192
0.43273696687255253
0.4172554861532924
0.4126546795813937
0.3327689545928528
0.3297433024391031
0.37513607890211453
0.3524080422702295
0.3435115581032027
0.4011735457939926
0.3957043641611702
0.407197249213328
0.44082271735499107
0.4167391913652194
0.37756996592129627
0.3803702408453179
0.3249593831487878
0.27525717384833304
0.2642002246170429
0.2464197076274044
0.23690862081506103
0.2684899656591217
0.2993043674919402
0.3000433988010098
0.3568934355474444
0.390835753807232
0.35804349034145777
0.38769712902126596
0.43206168736728356
0.38102848823157
0.4074163225586397
0.4823549837346157
0.4727634373834659
0.49564841092489026
0.5796560815543238
0.5369955191758511
0.5087450423224934
0.5469875140991086
0.5120889166440479
0.4443783294187346
0.4427705250804971
0.39776828244631895
0.32374211706452616
0.34241923509263417
0.35155429971557767
0.31720535528418065
0.35587403991474664
0.39795014124228245
0.33722204777108983
0.34016401939101404
0.3955868024172882
0.34583752725916583
0.332148405944087
0.37424034779650356
0.36100748646225644
0.34995800529321663
0.384604186312033
0.3569699954101983
0.3174357793467104
0.322632742653627
0.2784598898187652
0.24210469181802674
0.2708674383763199
0.31024542867964905
0.3104693873532253
0.3746064782775766
0.4183564293569977
0.3871016821512308
0.39242338430483925
0.40730007954257563
0.34761247439403037
0.3579456183744764
0.3944570820020202
0.3578124164872479
0.36883470818678227
0.4294615524478279
0.39503180374545827
0.3789624101866869
0.41421823828411974
0.3727104767527983
0.340268558196224
0.3786503169089254
0.38802394610382107
0.3851723006362662
0.44337837328853036
0.46464760434406815
0.4310864085826024
0.4581628942334397
0.4656142044121957
0.4105203912304284
0.4256072171496335
0.4692070821814083
0.43648394823774594
0.4722171383251924
0.5406260250890889
0.5000428033293465
0.5060374901923277
0.5751898011299621
0.5450888270156616
0.5521469986322907
0.6315310606604492
0.6107179578898019
0.589349323978736
0.6528942490969714
0.6436839377819505
0.6273687145495362
0.6859535505426113
0.6950551460721277
0.6559919741937901
0.7076257924878466
0.7358854613002642
0.6937085035903015
0.7435733198036205
0.7987454775078576
0.7395137673032024
0.759382546763244
0.8119428209477964
0.7366711661252923
0.723632293396917
0.7735447670375819
0.7080584647077403
0.6968547054696224
0.7688313344324361
0.7281938998701941
0.7182263018901502
0.7888476340949954
0.7708353419757763
0.7432645917747649
0.8169553428101409
0.8272696522937589
0.7877227150921219
0.8372634426595759
0.8599491668019961
0.7999505564017864
0.8172775030739521
0.8447104053163124
0.7729463384073136
0.7794714987775603
0.8248583122671875
0.7691052944729129
