0.8693023834074811
0.8810216590875845
0.8846066874935856
0.8900338847867098
0.8920214508693449
0.8773871989889293
0.8690693376314714
0.880574175268165
0.8873218726492886
0.8848437077645877
0.8178897595317622
0.8897318387391421
0.8679540410063457
0.8471475374274885
0.8373459619766341
0.8333107086890378
0.8362752443905622
0.8412678372660691
0.8567988670898765
0.8713605088276933
0.8638889735748405
0.8544791301862096
0.8533680943398737
0.8488166079937691
0.8436696513781472
0.8617790584234115
0.8931423753722976
0.9134178903940693
0.9325253098145205
