9.329598130606974E-4
0.0033647312294887636
0.00694115129578524
0.011413894107265279
0.016527692103307942
0.02197576806713435
0.02741231826470028
0.03250770801387969
0.03701547509334047
0.04081558269529208
0.043916089251050505
0.04642126414388479
0.048487773311433315
0.05028724915721933
0.05198287975672649
0.05371915156302432
0.05562040773458924
0.057793883642331824
0.0603341395304723
0.06332703189709465
0.066852126024419
0.07098276202462692
0.07578299314767731
0.0813005010258122
0.08755459210132281
0.09451883608192428
0.10209929484277698
0.11011206256515908
0.1182679200156625
0.12617580011171642
0.13337692269703405
0.13941359457784727
0.14392022817375275
0.1467070443370059
0.1478030366695231
0.14744124038546208
0.1459965218346335
0.14390491231840222
0.1415935105582423
0.13943656048096073
0.1377385777874157
0.1367369369354339
0.13661459829106617
0.1375156082602584
0.13955873913949804
0.14284666183729228
0.1474690166914087
0.15349787582659855
0.1609738086226018
0.16988069913910295
0.1801085959767904
0.19140760327458123
0.20334348878063294
0.21527677889893898
0.22639609033006358
0.23583115736423296
0.24283970467939875
0.24701187819085937
0.24840284797166023
0.24752799953746868
0.2452285907641289
0.2424807497149978
0.24022938135975805
0.23928936205839957
0.24031022822313167
0.24377461068983716
0.24999566742596516
0.2590844909712415
0.2708696213656718
0.2847727533457857
0.2996893589747316
0.313988890638158
0.32578400821099723
0.3335132203860333
0.33660710288432677
0.33580587752250407
0.33288590169606513
0.3300013010112628
0.3290527318429668
0.3313078966679896
0.33723234463636503
0.34640697291745526
0.3575125190308502
0.3685276746020558
0.3773274932308229
0.38258948817665317
0.384461860756201
0.384432618352133
0.3844706803480092
0.3860456099896271
0.38952589846791885
0.39411151666855665
0.39831058094037125
0.4008519085156066
0.40158660626415277
0.4017199868900982
0.4031453698490547
0.40733382561170767
0.4143795341143259
0.42255915637158736
0.4287341714968611
0.4298703194590729
0.42507617656216673
0.41649285963105304
0.40814995550421
0.4039518345031842
0.406294802160529
0.4155076213549312
0.42959436388616296
0.4442344808453389
0.4538071797166731
0.45398060751625924
0.4444097500740827
0.4289014847944425
0.41291899506808716
0.40101634133491254
0.39584739380869816
0.3983122562541052
0.4078946799883076
0.42275650698875505
0.43970637705105015
0.4545087164272984
0.46297832097204883
0.4626347208005101
0.4538003005252961
0.43920109268190116
0.4224749376845017
0.4067864441128628
0.39421723573054346
0.3857964661021741
0.3817790161132572
0.3819137576955064
0.3856216100512004
0.3920978832814593
0.4003817224701009
0.40943135309157375
0.418224645950565
0.4258786141520159
0.43175903325918097
0.43554478913708256
0.4372259918371394
0.4370414102476252
0.43538231182254966
0.4326950587585239
0.4294054313109443
0.42587308757407
0.42237316279958065
0.41909671775056034
0.4161613625392209
0.4136254336848546
0.4115016649274828
0.40976842445788886
0.40837805706463604
0.40726276159002106
0.4063389199404158
0.4055110013551827
0.40467615164069526
0.4037303419375251
0.4025764782804644
0.4011341816856887
0.39935014804707863
0.3972073054207852
0.3947306812042743
0.3919881909458757
0.3890854811991308
0.3861552532226574
0.38334273191087104
0.3807897125150515
0.37861971752666046
0.3769263080934794
0.3757657878451914
0.3751547045989795
0.3750718842803869
0.375464270379096
0.37625555009307604
0.37735636897310726
0.37867485101182047
0.38012617670417165
0.38164016560679764
0.38316616772727785
0.3846750364317245
0.386158432374079
0.3876260818422165
0.3891018082602179
0.3906191577832885
0.39221729077135753
0.393937582376141
0.39582113903437877
0.3979072435712666
0.4002326124647554
0.4028312842328481
0.4057349440261281
0.40897350799938204
0.4125758251020466
0.4165703910963711
0.42098600218564863
0.4258522998944388
0.4312001738669019
0.43706199581607363
0.44347165762482293
0.45046438159012403
0.4580762631321502
0.4663434980818544
0.4753012400847798
0.4849820310570421
0.49541375169932156
0.5066170530684281
0.5186022580720904
0.5313657680894536
0.5448860795340233
0.5591196119708564
0.5739966743066328
0.5894180433633227
0.6052527843653999
0.6213380758386815
0.637481866384219
0.6534691293332933
0.6690722343319551
0.6840654848141872
0.698243189668496
0.7114398335565086
0.7235501490810264
0.7345463867057509
0.744490011390683
0.7535355036982719
0.7619248128673144
0.7699720438854981
0.7780388312675054
0.786501298604403
0.7957094733907648
0.8059397775456558
0.8173413543272771
0.8298784624889325
0.8432750720337784
0.8569748526354009
0.8701390444295352
0.8817117980131121
0.8905783984197828
0.8958159644856322
0.89698779301716
0.8943825526452862
0.889087040396416
0.8828305420120005
0.8776251897883384
0.8752894933245815
0.8769461100623308
0.8825629125766176
0.8906366814608674
0.8982438819252722
0.9017902024896189
0.8985590048874741
0.8884087719571424
0.8743464263265844
0.8612663291936852
