0.7629307427685363
0.760079259738523
0.7571710397713152
0.754214295444772
0.7512164612679454
0.7481839128715422
0.7451216509406485
0.7420329641648307
0.7389190883394741
0.7357788811782101
0.732608534169074
0.7294013437051674
0.7261475635445852
0.7228343592512321
0.7194458825542669
0.715963479543309
0.7123660413910312
0.7086305000638728
0.7047324645320626
0.7006469856750025
0.6963494307897079
0.7267286612963656
0.7215909902979256
0.716196579510758
0.7105316772114004
0.7045881939229448
0.6983645269848315
0.6592806692738249
0.6528523847601387
