-0.003917981017358477
-0.0025507649166919078
-9.454204910586063E-4
6.754486049357387E-4
0.0021713927118007046
0.0035039792759679086
0.004742192017361134
0.006051399667631562
0.007666435313365405
0.009851984480654701
0.01285574551627838
0.016861312717711338
0.02194818509128686
0.02806561936608975
0.03502529061421296
0.042515124390569724
0.05013357951274696
0.05744053239219774
0.06401820533909679
0.06953371026444832
0.07379405629434904
0.07678505028216048
0.0786873757171767
0.07986605602989795
0.08083312008088978
0.08218710487117203
0.08453651922027297
0.08841704384705425
0.09421364744219728
0.10209870338662008
0.11199554593349498
0.12357387014926238
0.13627931803155688
0.1493950214967259
0.16212839918317398
0.17371274599635148
0.18351065532822347
0.19110546586542623
0.19636790972770954
0.1994878961070836
0.15623947180049158
0.1545622483805712
0.1528516275326537
0.15209806941144907
0.15322550613313715
0.15696837250717355
0.16376820335064513
0.17370414895306807
0.1864678520773348
0.2013877014658288
0.21750119219553374
0.23366778149248407
0.24870906244807114
0.26155904476060426
0.271405410908377
0.1276212589891095
0.13427964048201066
0.14073010865787153
0.14689896361560134
0.15279695075097194
0.15852098099309825
0.16424023593076872
0.17016875435266454
0.1765288063351367
0.18351091331308383
0.1912370299606355
0.19973306070835606
0.208915582324476
0.21859556789572965
0.2284993561737078
0.23830445612713697
0.24768541209226594
0.25636323613584244
0.2641511091166995
0.27098930086631423
0.27696355386855065
0.2823033542915637
0.2873592893805815
0.2925616796626044
0.29836545732565045
0.30518843671877344
0.31335136314571793
0.32302822887180854
0.334214261236336
0.3467168317003561
0.360171573085314
0.37408261012258026
0.3878824588809064
0.40100429441678714
0.41295732865677387
0.4233952758648186
0.43216845054478964
0.4393519049298547
0.4452449570369325
0.4503411210478212
0.45527135914517214
0.460727212341607
0.4673732445045837
0.4757599450000024
0.4862485223164649
0.49895780745464946
0.5137408923285371
0.5301954607661343
0.5477074827217836
0.5655235831307153
0.582843534858327
0.598921477821897
0.6131630299976445
0.6252056516460323
0.6349714646475039
0.6426850133029877
0.6488527880976094
0.6542061816320329
0.30482633856534386
0.3049376474279735
0.3067389403343386
0.31085864399954233
0.3176528728207245
0.3271540573214298
0.33905954935039173
0.3527625208799539
0.36742212441737543
0.3820648148576703
0.39570459921818846
0.40746732833454896
0.3756894673776924
0.3786670187406999
0.37879251901692346
0.37645042737087453
0.37234780591334693
0.367431267360296
0.36277218938871447
0.35943413734619595
0.358338929663432
0.36014823169351445
0.3651758835018459
0.3733425344443952
0.38417900195323396
0.39687872327136997
0.41039347915796226
0.4235610190532059
0.43524901940841665
0.44449751156260214
0.4506418404468558
0.45340040195948683
0.45291561109540135
0.44974227248780024
0.444784059325592
0.43918534272123944
0.4341913275487051
0.4309936115228429
0.430580347161467
0.4336098641592365
0.29981874538320813
0.30416946263645495
0.3086681367043313
0.31334041414000685
0.3181798591985716
0.3231478235022586
0.32817921248557336
0.33319327190385706
0.33810768878807634
0.3428537330792512
0.34738994700083364
0.35171205550757895
0.35585730217646
0.359902235571266
0.36395396254467566
0.36813590146979
0.37256995847302243
0.3773576778693187
0.3825631845344541
0.38820059200538737
0.3942280053924753
0.40054937064457175
0.4070243288178167
0.4134850770253087
0.41975818093049505
0.42568848123176933
0.43116181085071337
0.436123262885215
0.44058823308840883
0.4446443518009055
0.4484436077209487
0.45218529417933245
0.45609169837410896
0.4603795262425931
0.4652307561077773
0.47076683530755215
0.4770298305168519
0.48397333933424647
0.491464761332467
0.49929906208531055
0.5072226331511376
0.5149644580704251
0.5222707295760368
0.5289384780313944
0.5348437571903888
0.539960508610004
0.544367330538499
0.5482408792655015
0.5518363432691237
0.5554571331499387
0.5594173993130033
0.5640020259778782
0.5694292076975068
0.5758205189140007
0.5831825476563393
0.5914027750835414
0.6002606108249413
0.6094525611260041
0.6186286596482987
0.6274357706126673
0.6355623847645195
0.6427792099029945
0.6489702651254574
0.6541502845229595
0.6584658951413828
0.6621800538936187
0.6656413566238896
0.6692417986726524
0.6733681147188344
0.6783527498542471
0.6844306834412405
0.6917077063195766
0.7001444049177749
0.7095581913994331
0.719643471082848
0.7300077376210178
0.740219325013757
0.7498609900544321
0.758582655875939
0.7661466361081605
0.7724594950966853
0.7775862904595384
0.7817451003523597
0.7852821947406362
0.7886306610274771
0.792257428905827
0.7966051820916111
0.8020363913764962
0.80878654778653
0.8169326228698268
0.8263809550899616
0.8368763767423294
0.8480317479432444
0.8593744836182549
0.8704044726171436
0.8806562763453435
0.8897578573829769
0.8974784184753514
0.9037592002274077
0.9087231443916562
0.9126619298217986
