0.059851905442811985
0.06506287873009134
0.05760186996016343
0.06846975976246862
0.07739595456768172
0.06787157148805675
0.07613602482098444
0.08885532135122637
0.07789521840960903
0.08388433536746218
0.0990695465979052
0.088583362392649
0.0917596670108464
0.11097177563712922
0.10194682375707313
0.09913529173537469
0.12173299921495126
0.11658087043564588
0.10810231624235454
0.12683250426567344
0.12305348630722307
0.11227898348104082
0.12271669274973004
0.12185509899428669
0.11031417198062765
0.1113408420664299
0.11195058286687957
0.10577564380451332
0.1083477361947473
0.11161676850315895
0.10503864885248458
0.10363078424609555
0.10926487030322989
0.10492036498191847
0.10746811731703838
0.11549463810296975
0.11263899051967481
0.11352566753314451
0.12409915191757796
0.12332694481814627
0.12514716414533483
0.13757988821404943
0.1408054532567562
0.13936139358606922
0.15351065064058605
0.16215445425408775
0.15600254916615122
0.17064399857732265
0.1856567332160661
0.17447845824964955
0.18785492923324118
0.21118836843747157
0.19406685462099507
0.2038391425762751
0.23360120169371307
0.2148174542863265
0.21815777034977502
0.2548667901518905
0.23638628543086912
0.23075479843111532
0.2704005196411092
0.25802753608402595
0.2420889974763063
0.2830697252757835
0.27966596797094334
0.25304806676204467
0.2912448540717161
0.2999088741449221
0.264475047570837
0.296965122038863
0.31836394892301967
0.27706960832932115
0.30110977414127
0.33426904973818017
0.2912785801409626
0.30362526574700816
0.3476192560028005
0.3072074645873332
0.30680508188795735
0.35808773457836574
0.32472190223022884
0.3110066341985518
0.3658182041478707
0.3434294613920142
0.31680743949064927
0.3710683277899948
0.36272378743047984
0.3245501493827173
0.3741265023562308
0.38181436952722514
0.33435101448933063
0.3754140506981546
0.3997126169632015
0.34617987169367237
0.37541370426668985
0.4154621895630391
0.3597521735849938
0.3747207719683018
0.42783033355717076
0.37494644581115827
0.3736485829195834
0.4362415216921576
0.39095264532963403
0.37305398582068056
0.43968446211146717
0.4075287019753443
0.3728560793999918
0.4384727185686707
0.4232922808855501
0.3738187080660777
0.43263416434568863
0.4374987738288315
0.37588055738687637
0.42298819569593793
0.4487063446698443
0.3789694191395617
0.41126104766047894
0.45556993772194243
0.3837280485042684
0.3977114015614537
0.4575829216487281
0.38872614678282585
0.38518422353298887
0.4531823295539803
0.3953924241632167
0.37284987264533975
0.4436026247203015
0.40118317813292187
0.36315398976551516
0.4290986717965096
0.40803300417205096
0.35508614142634143
0.4110865791398931
0.4113396756100795
0.3494516367790947
0.39404314854122074
0.41341072829173836
0.34632462258562824
0.37247755003917843
0.4121114185526004
0.3467255913745643
0.3562122904866562
0.40714999867421203
0.3455561453832801
0.3416333884103442
0.6015555471375692
0.3468839217730692
0.33225028619783126
0.38715526502929526
0.35119461820634745
0.32584650074305066
0.37376592211555004
0.35513629051058654
0.3226479830767042
0.3608238871477958
0.36402286622706687
0.32251531521504645
0.34878309692745924
0.3654355002960663
0.32445753763417096
0.34214832595803646
0.3696811622332385
0.329382789312494
0.3362618919954224
0.3727486798969048
0.33543591424454233
0.3374128219850792
0.37476034960886684
0.3447484258942561
0.3413567648572244
0.37690536101010547
0.35499103158118556
0.34997960181266163
0.3780969550663219
0.36910309997106266
0.36042974374667697
0.3806161231739974
0.38408208468770305
0.372994605272875
0.3869709068760515
0.4018813128218795
0.38725158254362907
0.3956608851503608
0.41953191680952984
0.402222266873787
0.4096608390844093
0.4370459543529614
0.4200344829583445
0.4255618506277656
0.4543662333844818
0.438824909319278
0.44524468320876603
0.4717076055774224
0.46205243233347365
0.4656545512152228
0.4886582040944546
0.48581532324022797
0.48760501499836645
0.5079709013988353
0.5138350262266335
0.5097757298940864
0.5250212854641293
0.5425149871439297
0.5323855672984547
0.5461029122014007
0.5728718128828202
0.5563689145663974
0.567147544844542
0.608822456219887
0.5811180069804791
0.5902924053394468
0.6296468202775053
0.6092034978300226
0.6151910526202677
0.6545442701598629
0.6385939663843893
0.6348876564136544
0.6781091121850973
0.7742222283272479
0.6565805777844819
0.6983994453946082
0.7055629692864462
0.6786739733709052
0.7230896669236807
0.7411840553814686
0.7018472371067878
0.7344002275004632
0.7746522320357007
0.7265453024204388
0.7502257481647876
0.8066496209394888
0.754038757410341
0.7631219512643155
0.8342884657515162
0.7835528787276689
0.7752975260086571
0.8561782404073648
0.8165857351304109
0.7861258230592704
0.87226861782054
0.8505190119896924
0.7977724465798216
0.8841713662014443
0.8863303548280921
0.8112970399538606
0.8899651099505306
0.9198970883825934
0.8281056303707912
0.8922560253481358
0.9515546968368315
0.8491750124648133
0.8900520853820578
0.9773364481862683
0.8744750383544144
