0.6258415003807358
0.6265139759201229
0.6271659384747688
0.6277983114595436
0.6284119789389482
0.629007786929095
0.6295865446887863
0.6301490259967943
0.630695970412871
0.6312280845203635
0.6317460431486448
0.6322504905738312
0.632742041696528
0.6332212831955426
0.6336887746567108
0.6341450496761362
0.6345906169373021
0.6350259612616286
0.635451544632173
0.6358678071902546
0.6362751682048775
0.6366740270148901
0.6370647639438847
0.6374477411878904
0.6378233036759609
0.6381917799037848
0.6385534827404936
0.6389087102088514
0.6392577462390461
