# Data Deleted: 101
0.808234159
0.834235918
0.809707344
0.834866439
0.812617214
0.826101176
0.824738168
0.828181224
0.841588029
0.835785878
0.854219688
0.861672122
0.836578519
0.860612421
0.83778451
0.826239281
0.843847536
0.825413193
0.83155663
0.808838892
0.825123959
0.820701816
0.805914963
0.829895352
0.80256994
0.80812624
0.813707307
0.808610129
0.845942191
0.869048823
0.871717064
0.880108429
0.892898993
0.894486897
0.897651452
0.895098626
0.882662394
0.894971554
0.883566096
0.900296991
0.903125665
0.906048156
0.904718533
0.907666096
0.905154029
0.903622095
0.932873331
0.943449425
0.939992607
0.938106143
0.950194067
0.953810529
0.948342782
0.945408118
0.957909764
0.962404078
0.967243511
0.958198229
0.95730097
0.948758791
0.964796207
0.947906438
0.95122689
0.953640578
0.929756215
0.947049001
0.912420219
0.925577305
0.90779101
0.929634052
0.929506588
0.951119344
0.950517715
0.95585468
0.950091548
0.960116449
0.956745595
0.953165444
0.956473672
0.94941048
0.952183458
0.963297233
0.928236212
0.951267202
0.929267806
0.94634153
0.960097892
0.93330543
0.94807381
0.926367981
0.930159202
0.911709359
0.937091532
0.903911931
0.920098912
0.933160547
0.933992566
0.902712197
0.930318107
0.901417822
0.90979729
