0.04845881105960162
0.12244984067762288
0.01666490271717244
0.10404986425214323
0.11076271464845314
0.08490200172870316
0.10758449626613736
0.1090265317720733
0.11815086809410065
0.10554873909214611
0.11851822410344412
0.12100243505079221
0.1508004079224143
0.15539364998050872
0.16692427883859448
0.14797046778179523
0.17465080765366123
0.18340029092855847
0.21153924889363324
0.21444683525489605
0.22461357499912793
0.08180802975146706
0.23573864475180833
0.2483434003339518
0.23050374231595586
0.27380537045581416
0.2824848203559176
0.2956491088239314
0.29626724426087025
0.30762615298033313
0.3155770044099717
0.3310849718778987
0.3399551081932655
0.3492431674938639
0.3569586577751086
0.3659397781256997
0.37398390040385826
0.37901789954346154
0.3870843608220231
0.3931350578341057
0.4032705713104723
0.40603135205911534
0.4109760515434356
0.30290784481063204
0.4171610962590316
0.420026441853281
0.4179022715769048
0.42418318636215313
0.4239925824142637
0.42350644694092765
0.42059011520225986
0.41784070035154774
0.41446258624060534
0.40824727895820245
0.40264305997579736
0.395128920903518
0.3917371997234823
0.3826754255839787
0.3752804445192408
0.35883834954395855
0.35362055361226397
0.34436914195512647
0.353149433339672
0.33570530354745853
0.3312986022340059
0.2268007730583291
0.3209545997697161
0.32202601855606267
0.30235525209414504
0.3351784917145999
0.33818601985034574
0.34993337988227574
0.33537037437757106
0.33661437313200426
0.3297949759754341
0.33908394523248053
0.3319538298608042
0.3299527325267527
0.3137804177340098
0.33087891757755616
0.3276384279049691
0.3412389678310017
0.3377152511797694
0.3422661573806032
0.33071574717614866
0.34777938194150065
0.3548795191514637
0.4227035118798672
0.37681379598357384
0.3865575055975506
0.40990643283194206
0.4053945379647082
0.418173190140864
0.42812018057577095
0.4473018663333081
0.4607797365651878
0.4761307526979314
0.4881902234683562
0.5035861770750248
0.5183668373832794
0.5343109799816517
0.5487570161869326
0.5632138503013997
0.5776308417650409
0.5913594350515166
0.604823158962689
0.6157978747277312
0.6291605172601883
0.8004892505221789
0.6609932275723452
0.8073859945820495
0.8109081266819753
0.8132914872868716
0.8183886300582994
0.8220542222206129
0.8263327833997994
0.8292565564469321
0.8332581191175263
0.836960522208858
0.8418782312442085
0.8459028754811866
0.8502963042145835
0.85369935800343
0.858120092359462
0.8621137284092266
0.866972958819573
0.8727230329571027
0.8767493274606496
0.8794899106035884
0.8841878699126149
0.8883726761777707
0.8959905940739569
0.8982338804270401
0.903473906208856
0.9100368089549541
0.9141695188200597
0.9196080231401976
0.9246142957325225
0.9298723869689115
0.9344947026602837
0.9389101704922402
