0.047288349
0.040513465
0.011359391
0.082758855
0.096818012
0.044503685
0.131626312
0.079278025
0.085849153
0.103796652
0.121727171
0.165772405
0.153037661
0.11580127
0.094865351
0.060209869
0.140455734
0.14962475
0.193805821
0.194705743
0.095035148
0.064081231
0.136890006
0.133952525
0.246748395
0.262963969
0.299419296
0.271131185
0.255900431
0.282966007
0.225591741
0.211889157
0.247138928
0.303783068
0.373467586
0.375046694
0.39316399
0.335721805
0.286209121
0.288823989
0.316161239
0.418208986
0.329439332
0.281251061
0.301032363
0.392586681
0.428736374
0.454800149
0.416782694
0.41848066
0.481678949
0.570737257
0.651967942
0.686232893
0.51590994
0.505688186
0.323326655
0.353448569
0.314225558
0.421248344
0.39511665
0.491832784
0.335585968
0.289486196
0.21273814
0.197575305
0.352175094
0.324803885
0.382585662
0.418175026
0.381057493
0.539443746
0.541939756
0.491510171
0.526505247
0.340170476
0.277719292
0.430960709
0.285190342
0.382551703
0.291948246
0.353822121
0.34689442
0.369120793
0.306296057
0.259686895
0.230447923
0.411060549
0.423625497
0.385642001
0.333089958
0.385234489
0.367643563
0.421842633
0.34743777
0.325517031
0.4155262
0.443491697
0.450028865
0.455581214
0.381634802
0.506316433
0.536200632
0.500101878
0.620199002
0.607803851
0.65607702
0.687319591
0.740703637
0.707372568
0.771453798
0.821543791
0.86333073
0.830950521
0.781590654
0.718443305
0.804003803
0.78626006
0.844041838
0.90009169
0.938126125
0.93242096
0.92196149
0.836129317
0.868679322
0.909956872
0.914235746
0.888986994
0.883264849
0.941878629
0.900465243
0.87526743
0.80069277
0.896916494
0.860987537
0.914133868
0.848931979
0.8677794
0.942235202
0.97763779
1
