8.936692351887624	0.1006371098738943	137
5.421040370758592	0.155738002295391	177
2.0449638885877395	0.3284111196680897	233
2.0219010689260957	0.3309175175464542	234
1.6695509820503296	0.37459483138694627	237
1.6946326386409665	0.3711081004735207	241
1.6946326386409665	0.3711081004735207	241
1.6946326386409665	0.3711081004735207	241
1.6946326386409665	0.3711081004735207	241
1.8692442171325274	0.34852383565989464	239
1.6946326386409665	0.3711081004735207	241
1.6946326386409665	0.3711081004735207	241
2.017860924685205	0.33136053150107	234
1.676081478534901	0.373680699941722	238
1.5606382158599108	0.3905276402602548	237
1.9153489169984168	0.34301211569199735	235
1.996366837784486	0.3337375075007171	234
1.6006541067638749	0.384518647596835	236
1.707821492834155	0.36930056233261704	233
2.018023049914727	0.33134273113926505	234
1.9734966320468812	0.3363043997502781	235
2.0105522956412933	0.3321649656934409	234
2.0037100818144973	0.3329216111948842	234
1.96530840164959	0.3372330511874258	235
2.0219010689260957	0.3309175175464542	234
1.950234270103907	0.33895613312253337	235
2.006925379440906	0.3325656189665523	234
2.0219010689260957	0.3309175175464542	234
1.9997994080200325	0.3333556228214717	235
2.013852083350918	0.3318012869723059	234
2.0055176806499486	0.33272138322065975	234
1.9962626726817307	0.3337491098886116	234
1.9291119234462903	0.3414004060396009	236
2.0219010689260957	0.3309175175464542	234
1.995362825230018	0.3338493726292436	234
1.980990657647874	0.3354589513504352	236
2.005482234453439	0.33272530728562255	234
2.009366827330367	0.3322958141620468	234
1.992723434756496	0.3341438064026673	235
1.9987784288354653	0.3334691187532439	234
2.0088968406590797	0.33234771843522437	234
2.0037464628115815	0.33291757889045503	233
1.9927815667038045	0.3341373159757135	235
2.0219010689260957	0.3309175175464542	234
1.9919583883045722	0.33422924727461256	236
1.9853116088304459	0.3349734068102088	234
2.0219010689260957	0.3309175175464542	234
2.0205208027374986	0.33106873460156266	234
2.0219010689260957	0.3309175175464542	234
2.004798002189415	0.33280107324065056	235
2.0219010689260957	0.3309175175464542	234
1.9945906876385122	0.33393545372592626	235
2.019164693608858	0.3312174397497618	234
2.006555042515551	0.33260658323531345	234
2.011894035110885	0.3320169927436322	234
2.020817779141049	0.3310361872553411	234
2.0207364606361438	0.33104509878011923	234
2.0219010689260957	0.3309175175464542	234
1.993243807568508	0.3340857157948409	234
2.0117043746673287	0.332037901333015	234
2.0219010689260957	0.3309175175464542	234
2.0139905554924664	0.33178604298466574	234
2.0101505156553143	0.3322093014283369	234
1.9589054079896766	0.33796281466105216	235
1.990091132310502	0.33443796718907376	235
2.010821153126426	0.3321353043376899	234
2.0219010689260957	0.3309175175464542	234
2.0219010689260957	0.3309175175464542	234
2.001902915900897	0.33312203226262277	234
1.9698567869221264	0.33671657313697306	235
1.9778803599782726	0.33580932714412215	234
1.9980191275057961	0.3335535757011499	234
2.0055928344807556	0.3327130636351678	234
1.9547048909744327	0.3384432750135699	235
1.9770777499376833	0.3358998601971118	235
1.9294720579539135	0.34135843599697924	236
2.0219010689260957	0.3309175175464542	234
2.0010467907251748	0.3332170638227068	235
1.9556230738623108	0.3383381354826253	235
1.9952909674956274	0.33385738175416835	234
1.9759491144007957	0.33602725099059666	235
2.0219010689260957	0.3309175175464542	234
2.007835703083544	0.3324649677423636	234
1.969529902459372	0.336753638739855	235
1.9609180367630314	0.33773309074547414	235
2.0219010689260957	0.3309175175464542	234
2.014514875426603	0.33172833484806863	234
2.021791572649285	0.33092950852439945	234
2.0219010689260957	0.3309175175464542	234
1.9994253585340405	0.33339719461755396	234
1.995638555275136	0.33381864385443344	234
1.9828520126706997	0.3352496187380912	235
2.0209410614441468	0.33102267792075185	234
1.952108795017465	0.33874090334603807	235
1.98565427072553	0.33493496209693246	234
2.0157382820169554	0.33159376128991874	234
2.003712304212099	0.33292136487162977	234
1.9770130329291211	0.3359071622928326	234
1.9848055504253812	0.3350301998257422	234
2.009774026270145	0.33225085713137326	234
1.5606382158599108	0.3905276402602548	237
