2.3724560422083245	0.2965198026258596	221
1.7441666044376523	0.36440936143704905	234
1.693874928793836	0.37121248255120115	232
1.259300155786842	0.44261493871837143	243
1.2569332469075702	0.4430791213564651	243
1.2569332469075702	0.4430791213564651	243
1.3260238973013285	0.4299181969541276	242
1.2569332469075702	0.4430791213564651	243
1.2569332469075702	0.4430791213564651	243
1.2514041705842256	0.4441672504055574	243
1.2569332469075702	0.4430791213564651	243
1.2569332469075702	0.4430791213564651	243
1.5402978248321062	0.3936546298724214	235
1.5005353651109004	0.39991435992173996	235
1.5402978248321062	0.3936546298724214	235
1.5339425438705  	0.39464193946265974	235
1.5339295611869872	0.39464396142549546	235
1.4124601030912822	0.414514627089011	235
1.5376228115327293	0.3940695975206804	235
1.528071572912972	0.3955584211754533	235
1.5191822426687982	0.39695421119696733	236
1.5093575469870062	0.3985083756600183	236
1.535832874771074	0.3943477545184346	235
1.5194185584713917	0.3969169777834496	236
1.5375714475508537	0.3940775740384191	235
1.5315598096877105	0.39501338114676365	235
1.5402978248321062	0.3936546298724214	235
1.5370672536903298	0.39415588946072866	235
1.5387987283163798	0.39388707298713527	235
1.5402978248321062	0.3936546298724214	235
1.5402978248321062	0.3936546298724214	235
1.5402978248321062	0.3936546298724214	235
1.5325916571173839	0.39485244184141716	234
1.5221618067690632	0.39648526804115664	236
1.4939809655534242	0.4009653697489612	236
1.5402978248321062	0.3936546298724214	235
1.5146874696416257	0.3976637304127946	236
1.538139326398043	0.39398940381225367	235
1.5229836489095625	0.39635611607399895	236
1.499455289161927	0.4000871727276635	236
1.5387488258428514	0.3938948153596901	235
1.5145588301223276	0.39768407404942374	235
1.5368668591594932	0.394187024986923	235
1.433647404712564	0.41090586831255005	236
1.5306419366046378	0.3951566539443743	235
1.5402978248321062	0.3936546298724214	235
1.5402978248321062	0.3936546298724214	235
1.5402978248321062	0.3936546298724214	235
1.5402978248321062	0.3936546298724214	235
1.5402978248321062	0.3936546298724214	235
1.5402978248321062	0.3936546298724214	235
1.5402978248321062	0.3936546298724214	235
1.5402978248321062	0.3936546298724214	235
1.4951584378355711	0.40077615306363124	236
1.5396373617628822	0.3937570044669105	235
1.5402978248321062	0.3936546298724214	235
1.527976509003716	0.3955732960485868	234
1.5359270504202907	0.39433310979283315	235
1.521670615547941	0.3965624986206643	236
1.5402978248321062	0.3936546298724214	235
1.5402978248321062	0.3936546298724214	235
1.5387056568469433	0.39390151327822454	235
1.5402978248321062	0.3936546298724214	235
1.5402978248321062	0.3936546298724214	235
1.533102699355372	0.3947727821120247	235
1.5402978248321062	0.3936546298724214	235
1.5402978248321062	0.3936546298724214	235
1.5402978248321062	0.3936546298724214	235
1.5389493625112807	0.3938637039262956	235
1.5352929983506383	0.3944317286603799	235
1.5402978248321062	0.3936546298724214	235
1.5402978248321062	0.3936546298724214	235
1.5402978248321062	0.3936546298724214	235
1.5402978248321062	0.3936546298724214	235
1.5402978248321062	0.3936546298724214	235
1.5402978248321062	0.3936546298724214	235
1.5346927791928253	0.3945251307018165	235
1.5227527851360743	0.39639238766951207	235
1.5402978248321062	0.3936546298724214	235
1.5285213354307996	0.3954880609419987	234
1.5402978248321062	0.3936546298724214	235
1.5402978248321062	0.3936546298724214	235
1.5402978248321062	0.3936546298724214	235
1.5402978248321062	0.3936546298724214	235
1.508899959460475	0.39858105789720066	236
1.4668623303499428	0.40537324993654694	236
1.5040839206091619	0.39934763837976034	235
1.4861935734887717	0.40222129550304553	236
1.5402978248321062	0.3936546298724214	235
1.5291756903757112	0.3953857392372173	235
1.5402978248321062	0.3936546298724214	235
1.5382161551495888	0.3939774782266586	235
1.4594160724342686	0.40660057938477445	237
1.5402978248321062	0.3936546298724214	235
1.523854861474531	0.39621929741861717	235
1.5402978248321062	0.3936546298724214	235
1.5402978248321062	0.3936546298724214	235
1.493322659564302	0.40107123567181874	236
1.5402978248321062	0.3936546298724214	235
1.5176915770214074	0.39718923839871795	236
1.2514041705842256	0.4441672504055574	243
