2.0522076583769495	0.3276317052856629	231
2.0376619594119885	0.32920055403188236	231
1.9903256803639566	0.33441173533923857	232
2.0522076583769495	0.3276317052856629	231
1.9946468136458055	0.3339291950701055	232
1.9828461066442118	0.33525028253134687	232
2.0308122049035138	0.32994456020142465	231
2.002292364189597	0.3330788206797202	232
2.020692259048962	0.33104994294084134	232
1.9918218370351461	0.3342445020024943	232
1.943468938945744	0.33973519705567806	233
2.00324656882777	0.33297299341969144	232
1.996827975593443	0.33368615354105413	232
2.0362871046613114	0.32934961863942275	231
2.0414049567428663	0.32879541337728685	231
1.9927515242777225	0.3341406701785382	232
2.040433922915517	0.3289004218980313	231
2.029526686684081	0.3300845654852223	231
2.033406008144899	0.32966243137744594	231
1.99354489036501	0.334052114340623	232
2.0024589014553262	0.3330603458103252	232
2.0098040148057517	0.332247546710957	232
1.9880523521598894	0.33466615779912895	232
2.035746079456054	0.32940831473598753	231
2.0053853972532543	0.3327360281027323	232
2.035251502906337	0.3294619899018162	231
2.0138443138320237	0.33180214233711575	232
1.9828218101025283	0.33525301330877255	232
2.033203685964794	0.32968442067612824	232
2.033542755429521	0.329647570719144	231
2.0392065487900046	0.32903324731191064	231
2.020482259536238	0.3310729592411309	232
2.0190938868568415	0.33122520778613257	232
2.022955095484525	0.3308021351338393	232
2.0437711719663225	0.32853980917165493	231
2.033250738027995	0.32967930658120576	231
2.0434132670579674	0.32857844540011766	231
2.017191124924512	0.3314340917083996	232
2.002292364189597	0.3330788206797202	232
1.9908567062511384	0.33435236061624657	232
1.9940223299437188	0.3339988449647929	232
2.004945275388257	0.33278476256802847	232
2.0197715810234413	0.33115087455094416	232
2.044576461828751	0.3284529104581402	231
1.9946468136458055	0.3339291950701055	232
2.0203315086322373	0.33108948376757885	232
2.0193005142189944	0.3312025402210323	232
2.0150558254815873	0.3316688173892344	232
2.0316293385604296	0.3298556282196591	231
2.0364172471085578	0.32933550254078375	231
2.0203315086322373	0.33108948376757885	232
1.9951738731463238	0.3338704336885577	232
2.0314760228033575	0.32987231054370997	231
2.0191693557684163	0.33121692828837274	232
1.9952340157295447	0.3338637297615063	232
2.023728238629758	0.33071755167162875	232
2.0154170840808483	0.3316290821854309	232
2.010437256081089	0.33217765890320355	232
2.0194985156340914	0.33118082185577796	232
1.9940958781814233	0.333990640475878	232
1.9953095618771235	0.3338553092233019	232
2.0519765385071014	0.3276565161569551	231
2.024048720410007	0.3306825029804473	232
2.0160105211841044	0.3315638300914792	232
2.036678237334888	0.32930719748485454	231
2.0172264185028914	0.3314302148050881	232
1.9988641317079698	0.3334595887245018	232
2.033881843605319	0.3296107269660997	231
2.0223965852641403	0.33086326423062895	232
2.046467590447758	0.3282490196631384	231
2.015512242415986	0.33161861720674496	232
2.0389023356858096	0.32906618559504425	231
2.0333059861794256	0.3296733018548984	231
2.026392989069072	0.33042635362025574	232
1.9907745659255032	0.3343615434587419	232
2.027653464088534	0.3302887902665066	232
2.015816340362831	0.33158517865172477	232
2.0265084854533773	0.3304137440243119	232
2.0089091181672534	0.3323463623285195	232
1.9915021025954667	0.3342802263559791	232
2.0307506411010197	0.32995126238320854	232
2.0153780393307827	0.3316333762986265	232
2.02258480913325	0.3308426605527598	232
1.9913727097971874	0.33429468575575766	232
1.99604813036663	0.33377300913975266	232
1.99036902355979	0.3344068882875137	232
2.0152103973195934	0.33165181470883814	232
2.0157300242375524	0.3315946692717706	232
1.9920469370340188	0.3342193558605362	232
2.02117632102372	0.3309969011213327	232
2.0266474457474057	0.3303985739749937	231
2.0150596921758908	0.3316683920371493	232
2.0128346407761737	0.3319133371828125	232
1.9921987417031621	0.3342023997479523	232
2.017319659894308	0.3314199729288969	232
1.9919191709802944	0.33423362826755537	232
1.9907840971452873	0.3343604778942429	232
1.990421191303873	0.3344010545765239	232
2.014466076247341	0.3317337049766649	232
1.9951573926854849	0.3338722707668431	232
1.943468938945744	0.33973519705567806	233
