2.0435210758064595	0.3285668063708165	231
1.7523419881920559	0.3633269427600728	240
1.6101975334990353	0.3831127672009845	234
1.6101975334990353	0.3831127672009845	234
1.6101975334990353	0.3831127672009845	234
1.6101975334990353	0.3831127672009845	234
1.6335969122452498	0.37970882914935483	233
2.007932517849234	0.33245426686468066	232
2.035169619791262	0.32947087816092896	231
1.992882905639289	0.3341260020950927	232
2.018855294888097	0.33125138581280295	232
2.0113313341501757	0.3320790338344514	232
2.014890083280424	0.33168705073052807	232
1.99200331811847	0.3342242282768767	232
2.020559655618523	0.33106447612776213	232
2.016974586523783	0.33145787984651853	232
1.992155239613278	0.33420725862112866	232
2.0198148845039414	0.3311461259203204	232
1.9942309978628678	0.3339755685896479	232
2.018584115519716	0.3312811443148497	232
1.9936961065867798	0.33403524085152914	232
2.0151193367155584	0.3316618310336346	232
2.023622216137632	0.33072914819279164	232
1.99133735805406	0.3342986364635666	232
1.9887046900719343	0.3345931109627065	232
2.019924705294875	0.331134083656684	232
2.029506100509274	0.33008680848402827	232
2.022038604574016	0.3309024571977495	232
1.9920544330479488	0.33421851853855444	232
2.0000731591394896	0.3333252047382837	232
1.9943402513614292	0.3339633829339643	232
1.9991148180924003	0.333431715907447	232
2.020264823970617	0.3310967939180053	232
1.999879428038203	0.3333467307564286	232
1.9963727106536022	0.33373685337758563	232
2.004301359907496	0.3328560887216689	232
2.01126957839191	0.33208584418204895	232
2.014890083280424	0.33168705073052807	232
1.9953631915968764	0.3338493317956825	232
1.9943759944994683	0.33395939649427936	232
1.9969346314485301	0.3336742782129561	232
2.0237611169578313	0.33071395567322054	232
1.9885720898123125	0.3346079565585455	232
2.037976388627632	0.3291664819198077	231
2.0025806106487765	0.3330468452548646	232
2.003931960536624	0.3328970206839703	232
1.9986630288619138	0.33348195191492763	232
2.0322289817113415	0.32979039710768016	232
2.0313230489046545	0.3298889573519201	231
1.993586992734918	0.3340474161689244	232
2.023840361060546	0.33070528883650185	232
2.017710122260141	0.3313770904049065	232
2.018210794704642	0.3313221202953979	232
2.0102436957555736	0.33219901810939567	232
1.9908543337568727	0.33435262584115216	232
2.028372120620613	0.3302104101377961	231
2.0003246860964037	0.33329726100446083	232
2.0088521797834398	0.33235265152573046	231
2.024429180811539	0.3306409045199306	232
2.007762435563423	0.3324730664151263	232
2.016376917160481	0.3315235553988284	231
2.0266725407306962	0.3303958345485835	232
2.0153133972958495	0.3316404858270473	232
2.0126897667463557	0.331929298209812	231
2.0207387201312814	0.331044851160295	232
1.9913853513694668	0.3342932730288983	232
1.9987236054380564	0.3334752153171246	232
2.0176334496771053	0.33138551009467454	232
2.0016760762084305	0.3331472066310202	232
2.018176933095131	0.3313258374731872	232
2.020928809696285	0.3310240204238831	232
1.992530165869663	0.33416538667017537	232
2.0106948080377776	0.33214924253705763	232
2.013162959411657	0.3318771714209767	232
2.0268343624828637	0.33037817080275117	232
2.015119596192712	0.3316618024912617	232
1.9920127479547869	0.33422317491245906	232
2.0241919739479184	0.33066683881663583	232
1.9811643394627818	0.3354394076041457	232
2.0371927163638635	0.329251415167755	231
2.035711508919764	0.3294120660219926	231
2.021812559208747	0.33092721021116117	232
1.9909925273910656	0.3343371776566302	232
1.9989194524271618	0.333453437434158	232
2.023274641104249	0.3307671709358005	232
1.9866749300557605	0.33482050220354254	232
2.014820510119611	0.33169470508886967	232
1.9591696707964492	0.3379326335589449	233
2.03519955506178	0.32946762868764506	231
2.0131935159054613	0.3318738058878044	232
2.0135268569850515	0.33183709568809744	232
2.0157611305378813	0.33159124901302883	232
1.9892392005089055	0.3345332818563848	232
2.0316293385604296	0.3298556282196591	231
2.004945275388257	0.33278476256802847	232
2.014936907233321	0.33168189941250126	232
2.0115791895247166	0.3320517034645264	232
1.98729513646232	0.3347509885428468	232
2.0175445453966927	0.33139527352645526	232
2.0033749934363208	0.33295875546191683	232
1.6101975334990353	0.3831127672009845	234
