10.601748704233467	0.08619390278942182	176
3.2044117855383765	0.23784539931117848	208
2.672793276539764	0.27227233462541256	229
2.7196869019984242	0.268839831509137	211
1.8477453166087499	0.351154997663504	235
1.547901333491377	0.39247987622413333	238
1.8393386701949412	0.35219468902994333	233
2.70356361306407	0.2700102129939304	237
1.9857138909703476	0.33492827394623637	230
2.7176034327703635	0.2689904983369349	211
1.1857903543367758	0.4575004176479795	243
1.185797653063406	0.4574988899811907	243
1.1802823170246837	0.4586561988745784	243
1.1647768556144997	0.4619413762699976	243
1.156808490521721	0.46364802642171776	244
1.1857889680179197	0.4575007078138944	243
1.185797653063406	0.4574988899811907	243
1.185797653063406	0.4574988899811907	243
1.185797653063406	0.4574988899811907	243
1.1391533822259723	0.46747465997946086	243
1.1830660315754717	0.4580713480656018	243
1.1820897208967325	0.4582762983682673	243
1.185797653063406	0.4574988899811907	243
1.185797653063406	0.4574988899811907	243
1.1563211099614121	0.4637528220543624	243
1.182625650966199	0.45816377149114995	243
1.1015111184535888	0.4758480653368405	243
1.185797653063406	0.4574988899811907	243
1.1825207916950955	0.45818578398207666	243
1.185797653063406	0.4574988899811907	243
1.185797653063406	0.4574988899811907	243
1.160835419010361	0.46278397290340095	244
1.183651666065031	0.4579484977116397	243
1.185261631460662	0.4576111096279052	243
1.180141522401419	0.4586858191198997	243
1.185797653063406	0.4574988899811907	243
1.185797653063406	0.4574988899811907	243
1.185797653063406	0.4574988899811907	243
1.185797653063406	0.4574988899811907	243
1.1013786886245402	0.47587805349570345	243
1.185797653063406	0.4574988899811907	243
1.1762075960996963	0.4595149845962526	243
1.185797653063406	0.4574988899811907	243
1.185797653063406	0.4574988899811907	243
1.185797653063406	0.4574988899811907	243
1.172819960684053	0.460231412677734	243
1.185797653063406	0.4574988899811907	243
1.185797653063406	0.4574988899811907	243
1.185797653063406	0.4574988899811907	243
1.175009801968655	0.4597680429278412	243
1.185797653063406	0.4574988899811907	243
1.185797653063406	0.4574988899811907	243
1.185797653063406	0.4574988899811907	243
1.185797653063406	0.4574988899811907	243
1.185797653063406	0.4574988899811907	243
1.185797653063406	0.4574988899811907	243
1.185797653063406	0.4574988899811907	243
1.185797653063406	0.4574988899811907	243
1.185797653063406	0.4574988899811907	243
1.185797653063406	0.4574988899811907	243
1.185797653063406	0.4574988899811907	243
1.185797653063406	0.4574988899811907	243
1.234709828311273	0.44748539042121666	242
1.185797653063406	0.4574988899811907	243
1.185797653063406	0.4574988899811907	243
1.185797653063406	0.4574988899811907	243
1.185797653063406	0.4574988899811907	243
1.185797653063406	0.4574988899811907	243
1.185797653063406	0.4574988899811907	243
1.1267812524993372	0.4701941014501733	244
1.185797653063406	0.4574988899811907	243
1.1830421624389147	0.45807635656600915	243
1.185797653063406	0.4574988899811907	243
1.1664122031719173	0.4615926731468121	243
1.1086899185972754	0.47422809355735496	245
1.185797653063406	0.4574988899811907	243
1.1569924351241154	0.4636084873160249	244
1.1787970075432674	0.45896886976523055	243
1.185797653063406	0.4574988899811907	243
1.185797653063406	0.4574988899811907	243
1.1798576469351052	0.4587455522180574	242
1.1694161443254383	0.4609535162793497	243
1.154323948869617	0.46418274304786156	244
1.180985488065983	0.4585083236325258	243
1.185797653063406	0.4574988899811907	243
1.185797653063406	0.4574988899811907	243
1.1491738388358714	0.4652950738231875	243
1.185797653063406	0.4574988899811907	243
1.1396052556001932	0.46737593179050413	244
1.1694584254030143	0.46094453264954033	243
1.1714069528006579	0.4605309008107441	241
1.1594320069434396	0.46308473560853003	244
1.185797653063406	0.4574988899811907	243
1.1801430359866303	0.4586855006728708	243
1.185797653063406	0.4574988899811907	243
1.184599630394985	0.45774977990781573	243
1.185797653063406	0.4574988899811907	243
1.1503997587854733	0.4650298140680555	244
1.1821345010448479	0.4582668939614771	243
1.185797653063406	0.4574988899811907	243
1.1013786886245402	0.47587805349570345	243
