2.0522076583769495	0.3276317052856629	231
2.036847414360389	0.3292888524037408	231
2.013332519780459	0.33185849667625017	232
2.0152483725021684	0.3316476377599905	232
2.0100189426272363	0.3322238228597889	232
2.0218390926107737	0.33092430448903604	232
2.0241736213830985	0.3306688455084971	232
1.9813056539928404	0.3354235077039845	232
1.992767148239037	0.33413892577256016	232
2.0098040148057517	0.332247546710957	232
2.0322879685909268	0.32978398171882395	232
2.019564928018533	0.33117353785673004	232
1.99230078947518	0.3341910022940542	232
2.018742445323782	0.33126376897408444	232
2.0293741556636133	0.3301011854644744	232
2.0334685413911493	0.32965563557201083	231
2.038670088824093	0.3290913362651293	231
1.9975759721057589	0.33360288756835504	232
1.994310313434324	0.3339667219904974	232
2.016179642771367	0.33154523882442444	232
2.025320708606143	0.3305434683851189	231
2.029344775403181	0.3301043869682705	231
2.02573115873766	0.33049862910398214	232
2.016864782109947	0.3314699438735255	232
2.0297930100770807	0.3300555505521346	231
2.0152710907950024	0.3316451389902529	232
2.0197157514060704	0.33115699699031936	232
2.036009609845736	0.32937972157828954	232
2.0153780393307827	0.3316333762986265	232
2.0349900876287634	0.3294903677202121	231
2.0279864233641662	0.3302524715051317	232
2.0172164397907215	0.3314313109302034	232
2.0147758951308115	0.3316996137640307	232
2.01512413446258	0.3316613032843643	232
2.029088517274368	0.33013231349865574	232
2.0294046558777175	0.3300978619874298	231
2.012989332921994	0.33189629617115207	232
1.992393238531501	0.3341806775672117	232
2.0464121693142414	0.3282549912558627	231
2.039717505326167	0.32897793898538547	231
2.035758234715698	0.3294069957760161	231
2.0156186460640018	0.33160691631390604	232
2.0113887237379715	0.33207270523305993	232
2.018979416514434	0.33123776681940786	232
2.0361986628177453	0.3293592123092333	231
2.010437256081089	0.33217765890320355	232
2.025144186624087	0.3305627561230234	232
2.0176451913373357	0.33138422067334833	231
2.0260727543051984	0.3304613210562431	232
2.0026128852420033	0.33304326538897217	232
2.0137084661744646	0.3318170988414742	232
2.0011555374107393	0.3332049897229767	232
1.9920127479547869	0.33422317491245906	232
2.022736339840956	0.33082607530785035	232
2.0113887237379715	0.33207270523305993	232
2.0117689150751663	0.332030785959235	232
2.013746992781591	0.33181285701658464	232
2.0199991578364647	0.33112592015303827	232
2.0378894638139444	0.3291759005426555	231
2.0125521841541016	0.33194445734748035	232
2.0351141262224592	0.3294769021567609	231
2.0149438886155093	0.33168113137230204	232
2.014331030974384	0.3317485670035217	232
2.0464599994600716	0.3282498375745066	231
1.9943065814901182	0.33396713822882806	232
1.9925451139609263	0.33416371747739576	232
2.0371614223187318	0.32925480768043813	231
2.035169619791262	0.32947087816092896	231
1.9938068846132821	0.3340228807474242	232
2.0129633851353477	0.33189915447813456	232
1.99133735805406	0.3342986364635666	232
2.026154807057637	0.330452360754244	232
1.9953178012299915	0.3338543908727688	232
2.0176300288643585	0.33138588575629185	231
2.0126897667463557	0.331929298209812	231
2.0170127479595026	0.3314536873191306	232
2.0054369090043465	0.3327303251663613	232
2.0113956569684794	0.3320719406916735	232
2.022709227165415	0.33082904270542857	232
2.032398135880637	0.32977200063790124	231
1.9906272726565615	0.3343780113098829	232
2.016875080793606	0.3314688123370837	232
2.047169614688591	0.3281733957898488	231
2.013746992781591	0.33181285701658464	232
2.031364102631263	0.3298844896698444	232
2.0414632603392304	0.3287891105048117	232
2.0167040004570413	0.33148761026885515	232
2.002133046112281	0.3330964966043013	232
1.992432244401407	0.3341763215761751	232
2.010437256081089	0.33217765890320355	232
2.0243533908026667	0.3306491903496102	231
2.0217347040561684	0.33093573656802794	232
2.0191919807211356	0.33121444624437213	232
2.004861017621344	0.3327940940149048	232
2.036062383727764	0.3293739961865248	231
2.0132958126315743	0.3318625392860713	232
2.029946288888221	0.3300388537141133	231
2.0338615303239953	0.329612933881398	231
1.9920544330479488	0.33421851853855444	232
2.00563091536366	0.3327088482116598	232
1.9813056539928404	0.3354235077039845	232
