2.0522076583769495	0.3276317052856629	231
2.0320141604823516	0.329813763086421	231
1.9960279536044636	0.3337752569354098	233
1.9919199534410288	0.3342335408572321	232
1.9903852841681366	0.3344050699066288	232
1.9973820243897993	0.33362447357826464	232
2.0190975154847854	0.3312248096893376	231
2.0207699446930865	0.33104142927428426	232
2.013639169716512	0.33182472873621044	232
1.9923488679173702	0.3341856328055709	232
1.9947359271335119	0.3339192584359769	232
1.9966883197938496	0.33370170444312097	232
2.03448318993248	0.3295454077049117	231
2.0388510717061283	0.3290717367858904	231
2.011356946410816	0.3320762094284049	232
1.9986041539000885	0.333488499540483	232
2.0131776112430435	0.3318755576401168	232
2.0185647123409645	0.33128327377301037	231
1.993384916653727	0.3340699668914913	232
1.9885216598004434	0.3346136029232508	232
1.9947188993780913	0.33392115707676884	232
1.9567718322582899	0.3382066851050293	233
1.9812507655223341	0.33542968326074163	233
2.000485059886232	0.3332794465031986	232
2.0250559349224617	0.3305723998209745	232
2.004043721761408	0.33288463571816934	232
2.0091172188383415	0.3323233783448444	232
2.0115547157731846	0.3320544019215207	232
2.044716284463525	0.32843782690123413	232
2.0207387201312814	0.331044851160295	232
2.0161278535483653	0.3315509317098531	232
2.029380125135984	0.33010053499149816	231
2.0129690359869787	0.3318985319981635	232
2.029389637626177	0.3300994984532917	232
2.0428921453028543	0.32863471731774824	231
2.0231909636238403	0.33077632608471397	232
2.0291267437353397	0.33012814735076396	231
2.014209515115386	0.33176194122714103	232
1.9919285805022795	0.33423257711322835	232
2.0143520329711935	0.3317462556005171	232
2.0013363067931973	0.3331849209089328	232
2.0206488642519895	0.3310546988213515	232
2.0332070937328197	0.329684050280045	231
2.0200509863990055	0.33112023754021525	232
2.0306541287747395	0.32996176980587655	232
1.992453002712804	0.33417400343245207	232
1.992988169509289	0.3341142508304514	232
2.0170848542690107	0.3314457657977549	232
2.007762435563423	0.3324730664151263	232
2.019658711341798	0.3311632524046553	232
2.0220978347912983	0.33089597182715247	232
2.0198032393158156	0.3311474029104512	232
2.015598208330421	0.3316091637266384	232
2.029344995554555	0.3301043629786178	231
2.0206210923166776	0.3310577425760627	232
2.01610394126693	0.33155356031262795	232
1.9942309978628678	0.3339755685896479	232
1.9988641317079698	0.3334595887245018	232
2.0131182902667435	0.33188209146328357	232
1.954280693746164	0.338491871174216	233
1.9915139328140652	0.33427890441389896	232
2.0185559890281466	0.33128423114721145	232
1.9975613466595914	0.3336045152551675	232
1.9969346314485301	0.3336742782129561	232
1.990315754468591	0.33441284536779964	232
1.9906426750297623	0.3343762892001293	232
2.019175910380889	0.33121620921844314	232
2.0139245587048813	0.3317933082006909	232
2.0332171762500058	0.3296829543990349	231
2.016974586523783	0.33145787984651853	232
1.9935756122841897	0.3340486860918036	232
2.0169627843230664	0.3314591764924193	232
2.0073520287004714	0.33251843829939565	232
2.0044438766886774	0.3328402995838756	232
2.028624780347282	0.3301828626936525	232
2.012214122996045	0.3319817115143753	232
2.0008995603040862	0.33323341215014485	232
2.0063042721048823	0.3326343275625404	233
2.016008347268597	0.3315640690801254	232
2.032548444341422	0.32975565546725166	231
2.01689541239651	0.33146657848693434	232
2.0106948080377776	0.33214924253705763	232
2.014157908662354	0.331767621439511	232
2.0133664390243635	0.3318547611898703	232
2.0108921243294766	0.33212747541484877	231
2.0132290103269046	0.33186989657036065	232
2.0157921784274886	0.33158783524713087	232
1.9866096061915073	0.33482782548040796	232
1.9953178012299915	0.3338543908727688	232
2.0381442055005965	0.329148299869864	231
2.0207507049821474	0.33104353773738837	232
2.017726238924099	0.3313753206309818	232
2.007546010115591	0.3324969914463807	232
2.0266966510027706	0.33039320265831446	232
2.006242120840147	0.332641204468432	232
2.020983566620186	0.33101802043854855	232
1.9913238802052715	0.33430014269513925	232
2.001872724557636	0.33312538263838704	232
2.002845312480678	0.33301748706259227	232
2.019564928018533	0.33117353785673004	232
1.954280693746164	0.338491871174216	233
