2.0522076583769495	0.3276317052856629	231
2.0452096264128317	0.3283846180330025	231
2.0260727543051984	0.3304613210562431	232
2.002538519807547	0.3330515140448878	232
2.018979416514434	0.33123776681940786	232
2.001960518089586	0.33311564025378615	232
1.9911444600574189	0.33432019528097406	232
2.040322819711668	0.32891244098047323	232
2.018979416514434	0.33123776681940786	232
2.030785954742703	0.3299474179082681	231
2.0349431012059944	0.32949546882860187	231
2.001192519965686	0.33320088376450885	232
2.0001923237949355	0.3333119653926394	232
1.9996573668960753	0.33337140802676396	232
1.991556733668461	0.3342741218127354	232
2.0152245163852083	0.331650261718768	232
2.046921821111785	0.3282000847777289	231
2.0153780393307827	0.3316333762986265	232
1.9988797171621513	0.3334578557042971	232
2.000964127889498	0.3332262424287206	232
2.0403927499824177	0.3289048758604568	231
2.034753733311972	0.3295160292656275	232
2.0196424739883048	0.33116503315017054	232
2.0377619694316267	0.32918971600237085	231
2.011656365776968	0.33204319435760493	232
2.0158619422077453	0.33158016486257175	232
2.0132148930480653	0.33187145142125396	232
1.9926898585299262	0.33414755530037504	232
2.025899168171772	0.3304802785626837	232
2.0169025231687168	0.3314657972275746	232
1.9915629460587065	0.3342734276467322	232
2.024383404107028	0.33064590906100993	232
2.0375101026163494	0.32921701203187875	231
1.9917443672452884	0.33425315710405135	232
2.0158179866891355	0.33158499764033605	232
1.987132542658797	0.33476920950749534	232
2.0303007842707084	0.3300002445931011	231
1.9920469370340188	0.3342193558605362	232
2.0152606080301076	0.33164629197782924	232
2.016974943766614	0.3314578405982803	232
2.0124434287593314	0.3319564412241421	232
2.0202626512613615	0.3310970321016177	232
2.002187107019185	0.3330904984775853	232
1.9975613466595914	0.3336045152551675	232
1.9936617591629764	0.33403907336532185	232
2.030718592549254	0.329954751476567	231
1.99128936502677	0.334304000038141	232
2.018220373157653	0.33132106883030643	232
1.991556733668461	0.3342741218127354	232
1.991772866107411	0.3342499730940798	232
2.0221916311652537	0.33088570217979	231
1.992988169509289	0.3341142508304514	232
1.9912483656340598	0.33430858215881665	232
2.015501288508385	0.33161982182227784	232
1.9923051141305008	0.33419051930156474	232
2.0212871642295593	0.3309847577017738	231
2.0185040185567913	0.3312899349652417	232
2.0368912161782466	0.32928410299083505	231
1.9917443672452884	0.33425315710405135	232
2.029303819693086	0.33010884992754375	231
2.0197715810234413	0.33115087455094416	232
2.002641679161848	0.3330400716608777	232
2.001310162528664	0.33318782326631646	232
1.9763693549747907	0.3359798065144605	232
2.0173911186478803	0.33141212414256355	232
2.0237611169578313	0.33071395567322054	232
2.037012908315724	0.329270908681973	231
1.9983364201432554	0.3335182780964325	232
2.0269788511406155	0.3303624006567418	232
2.0152103973195934	0.33165181470883814	232
2.013639169716512	0.33182472873621044	232
2.0138324129408263	0.3318034525430774	232
2.015448634657432	0.3316256123572154	232
2.018159209593562	0.331327783114087	231
2.0201445230869863	0.3311099824381477	232
2.0148996332159723	0.3316860000852854	232
2.026254718537144	0.330441450904499	232
1.9905309265285216	0.33438878398787314	232
2.0271123931327812	0.3303478266180571	232
2.018652954271176	0.3312735896271455	232
1.9921844612647193	0.33420399475549906	232
2.0100189426272363	0.3322238228597889	232
1.9943065814901182	0.33396713822882806	232
2.0003061930986523	0.33329931534995144	232
1.9880523521598894	0.33466615779912895	232
2.0262305455752174	0.3304440904088234	232
1.9893392934449026	0.3345220805790848	232
1.992385659178141	0.33418152400671847	232
1.9986041539000885	0.333488499540483	232
2.020495668184531	0.33107148953504373	232
2.000170346606532	0.333314407007286	232
2.005105918869023	0.33276697294461816	232
2.014890112111106	0.33168704755868317	232
2.001041230926055	0.33321768114842665	232
2.0016760762084305	0.3331472066310202	232
2.019767425194003	0.33115133028357496	232
2.038950205076659	0.3290610021610323	232
1.9903132069716873	0.33441313025959163	232
2.0009919907576035	0.3332231485721323	232
1.9953458342971535	0.33385126637126566	232
1.9763693549747907	0.3359798065144605	232
