0.0
-0.07129149260478279
-0.03609008409220118
-0.020760157785793883
0.027122766342975432
-0.024151193705976536
0.016687416682591855
0.03182474938452943
-0.022916119540811207
0.023871407377315468
0.05404834497466686
-0.007922849628633618
0.007448504803120127
0.06539674802700571
0.09004616133932963
0.07531611432219106
0.05045734376624657
0.038437453750029583
0.04442814359058497
0.06572846254354232
0.09059946930646993
0.11386989269310792
0.1326825218349486
0.14542055304933252
0.15250238675307146
0.15518661171433032
0.15491991470527733
0.15324306818629527
0.1517441428187971
0.15142311171556005
0.1515468700936496
0.1505427508781578
0.1495463625202407
0.1512406665152262
0.15588137706692554
0.16131235907283947
0.1657918465390771
0.1696110719868652
0.17377410601148582
0.1787430496047907
0.1844431185326333
0.1906005502313307
0.19694457877982807
0.20327306518311805
0.20945390564832922
0.21540709932364357
0.2210864572592205
0.22646634522440562
0.23153351553574203
0.2362827442693145
0.2407150996474025
0.24483806163590938
0.24866698686837774
0.25222748116678867
0.25555813310957054
0.25871285306462327
0.261761856463607
0.26479023115060923
0.2678930968900088
0.2711665912309886
0.2746942583700901
0.27852892756908665
0.282671150128821
0.28704731542760825
0.2914941880440788
0.29576104331127084
0.2995421567123549
0.3025447376753653
0.3045774641211531
0.30562295080426405
0.30585584621617135
0.30559642849471363
0.30522603540651627
0.3051044038145818
0.30551482345337044
0.3066405356666751
0.3085625182594124
0.31126727400977405
0.31465779894914225
0.31856620153763826
0.32276991165742425
0.32701422031709854
0.3310419362695042
0.3346270051059168
0.337605043751567
0.33989258012291945
0.34148978217175235
0.3424672511966196
0.3429426846701523
0.34305518384121675
0.34294348618950393
0.3427312071811567
0.3425192395744697
0.3423837616043498
0.34237782676506046
0.3425347691380533
0.3428721865074195
0.34339577252319253
0.344102647302122
0.3449840739384101
0.34602757790227884
0.3472185448058723
0.3485413896326757
0.3499803874324906
0.3515202436712218
0.3531464683159621
0.35484560437633544
0.3566053501891091
0.35841460545962434
0.36026346377857116
0.3621431686914424
0.3640460460739822
0.3659654222647825
0.3678955348866254
0.3698314413656133
0.37176892869076084
0.3737044268407196
0.3756349274590296
0.3775579087244023
0.37947126689170774
0.38137325463657756
0.3832624260934972
0.3851375883114272
0.38699775874436065
0.3888421283323973
0.39067002970036807
0.3924809099966547
0.39427430790739215
0.39604983440515645
0.39780715682217827
0.3995459858728757
0.40126606528665304
0.402967163747753
0.4046490688732634
0.4063115829924041
0.4079545205194366
0.40957770673873634
0.4111809778436286
0.4127641820905756
0.4143271819473296
0.41586985712791075
0.4173921084189531
0.4188938622113302
0.42037507565825616
0.4218357423865457
0.423275898691642
0.4246956301496552
0.42609507858123835
0.4274744493029257
0.4288340186017871
0.4301741413691617
0.43149525882902967
0.4327979062964822
0.4340827209019273
0.43535044921731614
0.4366019547219304
0.43783822504725883
0.43906037894332084
0.44026967291252694
0.4414675074618426
0.4426554329296508
0.4438351548502471
0.44500853882632374
0.4461776148879545
0.4473445813254309
0.44851180799260604
0.4496818390870546
0.4508573954231553
0.4520413762239355
0.45323686046700457
0.4544471078289478
0.45567555928092557
0.45692583739578824
0.45820174643357425
0.45950727227767807
0.46084658229811865
0.462224025221119
0.4636441310855202
0.465111611366364
0.46663135934421185
0.4682084507954262
0.46984814507365075
0.47155588664611925
0.4733373071401002
0.47519822794475297
0.47714466340180006
0.4791828246046293
0.4813191238095597
0.483560179444793
0.4859128216817831
0.48838409850997944
0.4909812822287041
0.493711876238734
0.496583621980304
0.4996045058229015
0.5027827656644955
0.5061268969425695
0.5096456576953454
0.5133480722374472
0.5172434329284504
0.5213412994135984
0.5256514946017001
0.5301840965139859
0.5349494249877534
0.5399580220482816
0.5452206245704222
0.5507481276367364
0.5565515367620691
0.562641906896442
0.5690302658423626
0.5757275194348016
0.582744335541422
0.5900910036609442
0.5977772666482001
0.6058121209024528
0.6142035812563412
0.6229584068427597
0.6320817844539145
0.6415769664117267
0.6514448608257293
0.6616835734187714
0.6722879019558294
0.6832487868208623
0.694552724544939
0.7061811551623963
0.7181098391783413
0.7303082456095742
0.7427389788408322
0.7553572786012297
0.7681106337172886
0.7809385557483516
0.7937725622748676
0.8065364204571308
0.819146698414693
0.831513663979408
0.8435425567068526
0.8551352394564451
0.8661922108668589
0.876614931063407
0.8863083823007344
0.8951837571693779
0.9031611431902125
0.9101720577846357
0.9161616847813874
0.9210906745451147
0.9249363944483645
0.9276935527523326
0.9293741632339703
0.9300068651075626
0.9296356575476623
0.9283181455334899
0.9261234201651318
0.923129710154
0.9194219418250474
