0.8222320523473422
0.8054492445182525
0.7892996155411278
0.774663940825907
0.7621365657458146
0.7519800243804005
0.744170306770515
0.7385032014683817
0.7347176935750269
0.7325979652703829
0.7320318990122429
0.7330203767171952
0.7356430961420898
0.7399940137736822
0.7461051324264232
0.7538807883138305
0.7630628975903411
0.7732387494044898
0.7838889464599315
0.7944598580444907
0.8044384320872012
0.813409624319358
0.821085558488724
0.8273058718765196
0.8320162559671689
0.8352352246164275
0.8370182855943904
0.8374257898582442
0.8364975876244436
