0.8341929712561806
0.8293245997425447
0.8262664359160852
0.8289547248616949
0.8335759939443594
0.8380464613850604
0.8443103265892276
0.8477906162272808
0.8496981699570849
0.8514774766796984
0.8522995798713373
0.8541296865056329
0.857109068727758
0.858612959338303
0.8597654756392659
0.8613298674275671
0.862236131618872
0.8637364685656272
0.8655408923502561
0.8676551259454917
0.8675836388776643
0.8691689520187058
0.8691152900271657
0.867937323553303
0.8672104094763613
0.8646572011989584
0.8619388527038894
0.8569020916237164
0.8525791199734423
0.8503184636956898
0.8493065249044713
0.8491341049746239
0.8508864374084264
0.8550232725342686
0.8556206129863666
0.859154485154564
0.8604458851468202
0.8619533519524931
0.8586232203408337
0.8560001995917186
0.8521101367285788
0.8507967055878156
0.8485834722241554
0.8483914963213752
0.8491928066828685
0.8507761996622041
0.8498267053575614
0.8510160348699776
0.8534631123825074
0.856220564068725
0.8571197200477805
0.8586253656810607
0.8605830977784814
0.8619507495318208
0.8597979896566035
0.8603371428683468
0.8595257317157694
0.8588327040789989
0.8583935356321304
0.8607589124285742
0.860787203411727
0.8622800787295115
0.8622546212355902
0.860225314860809
0.8597029601314019
0.8600050642447248
0.8583089055469173
0.8565010886238427
0.8572818102628827
0.8588410041114776
0.859165206068083
0.8604697173063067
0.8625016398661565
0.8655448731701962
0.8662985766524602
0.8680885434102352
0.8703395771828639
0.8724080739436921
0.872715756984145
0.8723434008035293
0.869976070565379
0.8685987896924312
0.8671280748266756
0.8645826021766694
0.8628047705145436
0.8625298766775071
0.861724034218875
0.8596714677258759
0.8581680869593968
0.8556091022060219
0.8532862864918977
0.8525742379537653
0.8538295100666049
0.854292390479318
0.8545230892257507
0.8558379796078093
0.8552328204978163
0.8559484681934981
0.857043383125939
0.8601088167108886
0.8623374017246295
0.8626191335045696
0.8605225926573359
0.8598775459664256
0.8549887176928237
0.8500635791389226
0.8481020452241992
0.8465892403456847
0.844100355577081
0.8458091127981546
0.8448244081902514
0.8428414760100165
0.8431288049289476
0.8459133047931364
0.848525487363917
0.8535541858411142
0.8589001278596575
0.861935506757997
0.863075496826115
0.8618280569643311
0.8599751656046817
0.8563510184670982
0.8514954296110229
0.8452733206513334
0.8425351834185619
0.841589331631956
0.841722840745647
0.8428741959175716
0.8443678074770473
0.8436139430952108
0.8416130721738557
0.8385102919711731
0.8354909607106824
0.8356530917254152
0.8342396574031645
0.8329189834944302
0.8328088176750537
0.8338048562870297
0.8331347781207905
0.8341733585293549
0.8336587005735161
0.8296538849635127
0.8198281124483846
0.8034679910063234
0.7851565814749533
0.7744741224557583
0.771079725413065
0.7729326685817426
0.7795497909252502
0.783481979615422
0.7841416279165254
0.7813350052954837
0.7758977603670003
0.7755413990930597
0.7775081191131386
0.7772969088744648
0.7778840400532252
0.7805838608475015
0.7816594910892176
0.7865291345231837
0.7899647215848595
0.7894813244786512
0.7908682054265364
0.7881834165197443
0.7835841499391427
0.7788329424470837
0.7781297605385031
0.7730050076684625
0.7701594181456459
0.7702081225893944
0.770923688878852
0.7725185570525641
0.7803221613905729
0.787742013711096
0.7939897838298304
0.8016958482548406
0.8077166026699409
0.8111976847985767
0.814046362686732
0.8141678784314474
0.8150549399111411
0.8163353128299167
0.8172952748876197
0.8186093049108252
0.8209749820510686
0.8243360794214807
0.8284883219227692
0.8322576173855556
0.8357437476439236
0.8415623617370911
0.8440912625052344
0.8442507590182013
0.8461969870593731
0.8493742595261415
0.8502034542369976
0.851215945371649
0.8535334583428398
0.852611228534935
0.8511084728339158
0.8495522872720636
0.8456321875721369
0.8393220460662916
0.8369637950783195
0.8343968249926943
0.8347309755494579
0.8374493951452244
0.8429513915674367
0.8458836177764371
0.8489297045221369
0.849647881038367
0.850266795794359
0.8492885305315789
0.8501894299336061
0.8494125052872099
0.8462448105405938
0.8467091242827094
0.8468091578219514
0.8437785394793813
0.8415267489282525
0.8424482770415469
0.8369067397738514
0.8334467513113419
0.8330341179833227
0.8354906740526629
0.8347364258130969
0.8334288476868246
0.8323091853835347
0.8312769464277541
0.8298705635607402
0.8304116275829505
0.8342428145553209
0.838722983348064
0.8404985510074094
