0.9975126676592058
0.9935859535767598
0.9902319265362334
0.993215933911811
0.9971136838835044
0.9993395351206901
0.9998064392485382
0.9987035047930384
0.9976844555437246
0.9964702006030053
0.9958235631618417
0.9941909152944417
0.9909685227298245
0.9890801235382978
0.9875158636331293
0.9852322487020725
0.9838259559723361
0.9813654437521276
0.9781915914791649
0.9741822721195218
0.9743228550084034
0.9711244584397716
0.9712354656880872
0.9736239318137373
0.9750511773185971
0.979774903203714
0.9842939433803495
0.9912147639788002
0.9955914034556503
0.997289988699856
0.9979175857743551
0.9980163073326935
0.9969017027770118
0.9932974619848143
0.9926652046250376
0.9883577070453594
0.9865451843802847
0.9842712691720003
0.9890666428620499
0.9922489128045278
0.9959773561491166
0.9969647672138171
0.9983155498342986
0.9984141363647133
0.9979829654816766
0.9969790883873707
0.997605255001262
0.9968094814306475
0.994816336535301
0.9920020782237928
0.990955761070879
0.9890638233451813
0.9863452188164832
0.9842753400301641
0.9874702727221483
0.9867026557190246
0.9878495630605096
0.9887896704518011
0.9893664709207478
0.9860869357497616
0.9860451584712235
0.9837562211099042
0.9837966341171934
0.9868636691652029
0.9876032979419388
0.9871780416499991
0.9894759283633555
0.9916823832127921
0.9907604729866478
0.988778627467255
0.9883431795162838
0.9865105541089617
0.9834024906927705
0.9781843343486788
0.9767903306428856
0.9733225206097045
0.9686558320665763
0.9640786224930469
0.9633748687424645
0.9642258036827692
0.9694319727603642
0.9722941492484757
0.9752105646630245
0.97990602808907
0.9829127071617183
0.9833571510018415
0.9846280622736328
0.9876472313724602
0.9896568415578446
0.9926776524725451
0.994976339278671
0.9955955114024817
0.9944769110299321
0.9940329224394718
0.9938053229853955
0.9924281969336816
0.993078851719492
0.9923063090693923
0.9910470284993121
0.9870304066368863
0.9836650482932039
0.9832134478738197
0.9864335693708043
0.987358382783754
0.9933331799917164
0.9974558203062563
0.998557163208735
0.9991947137287616
0.9998417259240493
0.9994512995498335
0.9997050431935766
0.9999788443192472
0.9999587776909507
0.999419873001093
0.9983456402419728
0.9947329605201297
0.9886998128628878
0.9842991736336734
0.9824696106760651
0.9844666956870721
0.9872204354864736
0.991854170124229
0.9964566561429788
0.9995990687833202
0.9999929300731721
0.9999889106099756
0.9999938244186275
0.9999768940207895
0.9997961598240069
0.9999098264100333
0.9999898887145849
0.999481177510497
0.9982567265629484
0.998340535891476
0.9975416744925433
0.9966569549949402
0.9965771689818498
0.9972650731627571
0.9968105792098368
0.9975004321921255
0.9971688537429495
0.9939069955912203
0.9810746327137577
0.9469974970268223
0.8967099920309378
0.8648898706976709
0.8547407456970394
0.8602763352081956
0.8800809071880741
0.8917727641296506
0.8937212858553626
0.885402910183746
0.8691537939275361
0.8680863813234015
0.873976067154857
0.8733438120110425
0.8751011275434571
0.8831659578759954
0.8863680433544805
0.9007314105566162
0.9106725036682599
0.909286002975382
0.9132518628642594
0.9055425444814799
0.8920748558276942
0.8779391682287772
0.8758363205710726
0.860492709815874
0.851997540596273
0.8521425928709535
0.854275308264643
0.8590380087714434
0.8823857635369745
0.9042629599664482
0.9220289894150251
0.9425587376283197
0.9571202200762516
0.9648044232696255
0.9706373266384151
0.9708764712897844
0.9725974493052526
0.9750031990374249
0.9767447281380166
0.9790398464081711
0.9829045921913285
0.9877769473250009
0.9927352328495918
0.9961642135138319
0.9983865105562336
0.9999877447110681
0.9998431738048337
0.9998168108666035
0.9993298674875054
0.9978781487026168
0.997365461477006
0.996664587257505
0.9947519939295046
0.9955643386161834
0.9967428806168491
0.9977727355530664
0.9995026568181157
0.999688166194118
0.9989430809657365
0.9976380979814621
0.9978368038384671
0.9991322748995544
0.9999719517471765
0.9994289165088694
0.9981302392925194
0.9977150808795546
0.9973240261674936
0.9979280005493738
0.9973745920065192
0.9978557178207811
0.9993140543870703
0.9991509287502737
0.9991135057951774
0.9998889148744257
0.9999861159766671
0.9999955545814594
0.9989196399597717
0.9970264293956856
0.996739358152025
0.9982565765807604
0.9978399737866446
0.9970142420773076
0.9962038182292686
0.9953731230678243
0.9941139319533161
0.9946156392625555
0.9975436300557876
0.9995404507536831
0.9998953701265408
