0.8414066585481436
0.841403295178086
0.841399881522632
0.8413964199876699
0.8413929129373399
0.8413893626945672
0.841385771541589
0.8413821417204747
0.8413784754336393
0.841374774844351
0.8413710420772319
0.8413672792187529
0.8413634883177213
0.8413596713857645
0.8413558303978049
0.8413519672925318
0.8413480839728645
0.8413441823064122
0.8413402641259268
0.84133633122975
0.841332385382256
0.8413284283142872
0.8413244617235862
0.8413204872752207
0.8413165066020044
0.8413125213049126
0.8413085329534923
0.8413045430862669
0.8413005532111372
0.8412965648057761
0.8412925793180198
0.8412885981662525
0.841284622739788
0.8412806543992459
0.8412766944769234
0.8412727442771621
0.8412688050767112
0.8412648781250851
0.8412609646449181
0.8412570658323134
0.8412531828571885
0.841249316863617
0.8412454689701647
0.8412416402702229
0.8412378318323374
0.8412340447005333
0.8412302798946362
0.8412265384105886
0.8412228212207642
0.8412191292742762
0.8412154634972842
0.841211824793295
0.8412082140434622
0.8412046321068803
0.841201079820876
0.8411975580012963
0.841194067442792
0.8411906089190999
0.8411871831833191
0.8411837909681854
0.8411804329863426
0.8411771099306099
0.8411738224742461
0.8411705712712112
0.8411673569564241
0.8411641801460181
0.8411610414375925
0.841157941410462
0.8411548806259016
0.8411518596273914
0.8411488789408549
0.8411459390748977
0.841143040521041
0.841140183753954
0.8411373692316819
0.8411345973958728
0.8411318686720008
0.841129183469587
0.8411265421824171
0.841123945188758
0.8411213928515697
0.8411188855187164
0.8411164235231743
0.841114007183237
0.8411116368027187
0.8411093126711547
0.8411070350639995
0.8411048042428233
0.8411026204555043
0.8411004839364217
0.8410983949066431
0.8410963535741119
0.8410943601338322
0.8410924147680503
0.8410905176464355
0.8410886689262579
0.8410868687525641
0.8410851172583516
0.8410834145647399
0.8410817607811408
0.8410801560054256
0.8410786003240911
0.8410770938124236
0.8410756365346598
0.8410742285441479
0.8410728698835048
0.8410715605847723
0.8410703006695716
0.8410690901492556
0.8410679290250593
0.8410668172882494
0.8410657549202702
0.84106474189289
0.8410637781683443
0.8410628636994772
0.8410619984298826
0.8410611822940418
0.8410604152174609
0.8410596971168062
0.8410590279000374
0.8410584074665398
0.8410578357072553
0.8410573125048108
0.8410568377336453
0.8410564112601371
0.8410560329427268
0.841055702632041
0.8410554201710135
0.8410551853950057
0.8410549981319243
0.8410548582023395
0.8410547654196001
0.841054719589948
0.8410547205126316
0.8410547679800171
0.8410548617776988
0.8410550016846083
0.8410551874731225
0.8410554189091691
0.8410556957523332
0.8410560177559596
0.8410563846672569
0.8410567962273979
0.8410572521716203
0.8410577522293258
0.8410582961241774
0.8410588835741964
0.8410595142918584
0.8410601879841867
0.8410609043528458
0.8410616630942339
0.8410624638995736
0.8410633064550017
0.8410641904416581
0.8410651155357736
0.8410660814087563
0.8410670877272773
0.841068134153356
0.8410692203444425
0.8410703459535009
0.8410715106290907
0.8410727140154473
0.8410739557525614
0.8410752354762584
0.841076552818275
0.8410779074063368
0.8410792988642335
0.841080726811894
0.8410821908654607
0.8410836906373615
0.8410852257363836
0.8410867957677429
0.841088400333156
0.8410900390309087
0.8410917114559257
0.8410934171998368
0.8410951558510459
0.8410969269947958
0.841098730213234
0.8411005650854774
0.841102431187676
0.8411043280930757
0.8411062553720806
0.8411082125923149
0.8411101993186827
0.8411122151134287
0.841114259536197
0.8411163321440894
0.8411184324917239
0.8411205601312906
0.8411227146126088
0.8411248954831824
0.8411271022882544
0.8411293345708618
0.8411315918718886
0.8411338737301186
0.8411361796822882
0.841138509263137
0.8411408620054599
0.841143237440156
0.8411456350962789
0.8411480545010862
0.8411504951800867
0.8411529566570889
0.8411554384542479
0.8411579400921122
0.8411604610896691
0.8411630009643908
0.8411655592322784
0.8411681354079067
0.8411707290044673
0.8411733395338123
0.8411759665064963
0.8411786094318187
0.8411812678178645
0.8411839411715465
0.841186628998644
0.8411893308038442
0.8411920460907801
0.8411947743620705
0.8411975151193575
0.8412002678633447
0.8412030320938344
0.8412058073097642
0.8412085930092441
0.841211388689591
0.8412141938473654
0.8412170079784056
0.8412198305778621
0.8412226611402321
0.8412254991593927
0.8412283441286337
0.8412311955406908
