0.8399533639736717
0.8399647206460393
0.8399760128051178
0.8399872407789031
0.8399984048932552
0.8400095054719157
0.8400205428365248
0.8400315173066385
0.840042429199745
0.8400532788312819
0.840064066514652
0.8400747925612403
0.8400854572804297
0.8400960609796174
0.8401066039642301
0.8401170865377405
0.8401275090016824
0.8401378716556662
0.840148174797394
0.840158418722675
0.8401686037254404
0.840178730097758
0.840188798129847
0.8401988081100927
0.840208760325061
0.8402186550595121
0.8402284925964152
0.8402382732169622
0.840247997200582
0.8402576648249536
0.8402672763660202
0.8402768320980025
0.8402863322934123
0.8402957772230651
0.8403051671560943
0.8403145023599627
0.8403237831004773
0.8403330096417999
0.8403421822464616
0.8403513011753743
0.8403603666878431
0.840369379041579
0.8403783384927112
0.8403872452957983
0.8403960997038414
0.8404049019682949
0.840413652339079
0.840422351064591
0.8404309983917166
0.840439594565842
0.8404481398308646
0.8404566344292044
0.8404650786018151
0.8404734725881952
0.8404818166263988
0.8404901109530465
0.8404983558033362
0.8405065514110535
0.8405146980085821
0.8405227958269149
0.8405308450956637
0.8405388460430695
0.840546798896013
0.8405547038800244
0.8405625612192935
0.8405703711366794
0.8405781338537206
0.8405858495906444
0.8405935185663767
0.8406011409985515
0.8406087171035206
0.8406162470963623
0.8406237311908916
0.8406311695996685
0.8406385625340081
0.8406459102039887
0.8406532128184613
0.8406604705850584
0.8406676837102032
0.8406748523991172
0.8406819768558303
0.8406890572831884
0.8406960938828623
0.840703086855356
0.840710036400015
0.8407169427150352
0.8407238059974701
0.84073062644324
0.8407374042471392
0.8407441396028447
0.8407508327029236
0.8407574837388415
0.8407640929009699
0.840770660378594
0.8407771863599209
0.8407836710320862
0.8407901145811626
0.8407965171921666
0.8408028790490667
0.8408092003347899
0.8408154812312295
0.8408217219192524
0.8408279225787059
0.8408340833884252
0.8408402045262405
0.8408462861689834
0.8408523284924942
0.8408583316716295
0.8408642958802675
0.8408702212913161
0.840876108076719
0.8408819564074624
0.8408877664535821
0.8408935383841689
0.8408992723673763
0.8409049685704265
0.8409106271596165
0.8409162483003247
0.8409218321570173
0.8409273788932545
0.840932888671696
0.8409383616541083
0.8409437980013699
0.8409491978734775
0.8409545614295524
0.8409598888278458
0.8409651802257451
0.8409704357797796
0.8409756556456262
0.8409808399781156
0.8409859889312373
0.8409911026581457
0.8409961813111657
0.841001225041798
0.8410062340007248
0.8410112083378153
0.841016148202131
0.8410210537419313
0.8410259251046782
0.8410307624370429
0.8410355658849094
0.841040335593381
0.8410450717067849
0.8410497743686776
0.8410544437218496
0.8410590799083307
0.8410636830693952
0.8410682533455663
0.8410727908766219
0.8410772958015985
0.8410817682587969
0.8410862083857863
0.8410906163194097
0.8410949921957883
0.8410993361503263
0.8411036483177153
0.8411079288319395
0.8411121778262798
0.8411163954333183
0.8411205817849435
0.841124737012354
0.8411288612460633
0.8411329546159044
0.8411370172510337
0.8411410492799358
0.8411450508304277
0.8411490220296628
0.8411529630041356
0.8411568738796855
0.8411607547815015
0.8411646058341258
0.8411684271614579
0.8411722188867596
0.841175981132658
0.8411797140211498
0.8411834176736057
0.8411870922107741
0.841190737752785
0.8411943544191537
0.8411979423287853
0.8412015015999778
0.8412050323504267
0.841208534697228
0.8412120087568824
0.8412154546452995
0.8412188724778
0.8412222623691212
0.8412256244334196
0.8412289587842745
0.841232265534692
0.8412355447971085
0.8412387966833937
0.8412420213048551
0.8412452187722407
0.8412483891957425
0.8412515326850006
0.8412546493491059
0.8412577392966035
0.8412608026354969
0.84126383947325
0.841266849916792
0.8412698340725191
0.841272792046299
0.8412757239434734
0.8412786298688615
0.8412815099267633
0.8412843642209624
0.8412871928547299
0.841289995930826
0.8412927735515052
0.8412955258185175
0.8412982528331129
0.841300954696043
0.8413036315075655
0.841306283367446
0.8413089103749616
0.8413115126289037
0.841314090227581
0.8413166432688222
0.8413191718499787
0.8413216760679285
0.8413241560190777
0.8413266117993642
0.8413290435042601
0.8413314512287746
0.8413338350674568
0.8413361951143986
0.841338531463237
0.8413408442071572
0.8413431334388948
0.8413453992507391
0.8413476417345356
0.8413498609816881
