0.9639450437383641
0.9607809434063461
0.9586345413841737
0.9590442125526412
0.9603363054354017
0.9615748828024647
0.9637805760127787
0.9646174678383694
0.9646043782326906
0.9645029580152455
0.9638756815818763
0.9637518090782645
0.964210587053976
0.9638740677918003
0.9633358910849608
0.9629892235751121
0.9622882044952236
0.9618716311426764
0.9615901099341786
0.9614470577207238
0.9602019512119738
0.9597610389105552
0.958527615204056
0.9567996299166682
0.9553174428231224
0.9531122179182814
0.9509561829126401
0.9480720874366825
0.9456307344457047
0.9439784281092558
0.9427537024658239
0.9417993602781185
0.9414037517145142
0.9416845641199495
0.9409330216334062
0.9410153754041388
0.9404456435115353
0.9399338634045502
0.9381103514274938
0.9365524112881778
0.9347645484648966
0.9336412290310389
0.9323532229226862
0.9315246492670528
0.9309094686747378
0.9304525916006555
0.9294955422710904
0.9289633956777895
0.9286684840083649
0.9284259991175801
0.9278302028977597
0.9273470668278374
0.9269438256267458
0.9264321442965224
0.9253134601719314
0.9246734899310527
0.9238212278755678
0.9230051026015447
0.922242983100182
0.9219077793886846
0.9212267281334904
0.9207628617421407
0.9200867711475544
0.9191507895682027
0.9184360585680313
0.917837450222595
0.8768354067936328
0.876749349945496
0.8766627573364172
0.8765752178617986
0.8764869662539613
0.8763980465872039
0.8763085543552099
0.8762182365800246
0.876126912514574
0.8760349093826176
0.875942276112866
0.8758489889989974
0.8757546902822919
0.8756595899217096
0.8755634606819516
0.8754668605755429
0.8753695261234045
0.8752713856803833
0.875172621392901
0.8750731666772541
0.87497301309923
0.8748720070814746
0.8747702794804434
0.8746677656378478
0.8745646473675589
0.8744610521421741
0.87435668618661
0.8742516915893304
0.8741460149755969
0.8740397862481418
0.8739327025311531
0.8738249150249333
0.8737165564338958
0.8736077411841585
0.8734981706402084
0.8733878160750173
0.8732765558778046
0.8731647919528288
0.8730517440958316
0.8729385524585029
0.8728249213928463
0.8727106343893685
0.8725957963560674
0.8724803712387432
0.8723640445189739
0.8722471114443225
0.8721296991931098
0.8720115248522908
0.8718926898238619
0.8717738965533874
0.8716547726496323
0.8715347297813675
0.8714137600497063
0.8712919444530365
0.8711694577858301
0.8710462588019254
0.8709223265595658
0.8707979660342116
0.8706734260803791
0.8705483180631785
0.8704225646824945
0.8702963171308868
0.8701696787450496
0.8700421323766121
0.869914002574408
0.8697852312471226
0.8696559399710965
0.8695262502622145
0.8693959285511412
0.8692650888518271
0.8691337543224101
0.8690019598949194
0.8688695807627087
0.8687366971688837
0.8686031632083911
0.868468305780995
0.8683310753152778
0.8681917144553474
0.8680544174314375
0.8679211872358701
0.8677858355276271
0.8676483804461084
0.8675115071108359
0.8673750357896162
0.8672364984468097
0.8670974185532966
0.8669576595380852
0.8668175803819504
0.86667725583996
0.8665361498767112
0.8663945574293641
0.8662528295254729
0.8661102133024621
0.8659672533667955
0.865823981142755
0.8656799297128706
0.8655356725760486
0.8653904601499324
0.8652449461308925
0.8650990369057016
0.8649527112389406
0.8648056392967023
0.8646582801304612
0.8645106187266209
0.8643625153192275
0.8642138281816671
0.8640646948280717
0.8639157365440535
0.8637660860137797
0.8636164656811064
0.8634663542568042
0.8633153529604596
0.8631640551154253
0.8630120376484858
0.8628596028403538
0.8627067293274173
0.8625534311408061
0.8623997670947124
0.8622459603465714
0.8620913853276384
0.8619362819586034
0.8617810168593301
0.8616255954071164
0.861470090893794
0.8613137114090436
0.8611567713937995
0.8609994886523326
0.8608419221948156
0.8606838232633569
0.860525367674274
0.8603666956363258
0.8602073150813732
0.8600475810538682
0.8598874447561472
0.8597265816854021
0.859565208151333
0.859404036792348
0.8592426187949938
0.8590806964774587
0.8589184265765207
0.8587563156307281
0.8585935853926291
0.8584306156056073
0.858266979530245
0.8581029962985666
0.8579385537890127
0.8577738436962221
0.8576087213201151
0.8574429126320069
0.857277149908225
0.8571110628839095
0.8569445456383104
0.8567776218051127
0.8566106381948625
0.856442850156432
0.8562750803769775
0.8561070117763407
0.8559384725044095
0.855769740367368
0.855600399230284
0.8554308906351559
0.8552612078984876
0.8550914278321493
0.8549211054760021
0.8547509388052418
0.8545803248948741
0.8544092767307606
