0.8705150286994018
0.8705016902826613
0.8704870401946654
0.8704704498963151
0.8704523507755482
0.8704330407199454
0.870412176557745
0.8703905905046354
0.8703681340447438
0.8703445534699921
0.8703200459395483
0.87029418442831
0.870266908398553
0.8702388623659804
0.8702097982313407
0.8701795209921356
0.8701483321183316
0.8701158844524184
0.8700822550798457
0.8700474385995448
0.870012253037942
0.8699754672847889
0.8699381873904101
0.869900281681892
0.8698612087597004
0.8698218160954662
0.8697815182148354
0.869741162853055
0.8696996021105978
0.8696562815891816
0.8696114931973646
0.869565382931115
0.8695174668266751
0.8694674909029467
0.8694180623796686
0.8693663052904849
0.8693145780138872
0.8692617694052723
0.8692103494737277
0.8691576868879659
0.8691047606975799
0.8690496499421235
0.8689940950007549
0.8689365933956421
0.8688776476802115
0.8688173511024577
0.868757510200614
0.8686955884019204
0.8686320336864617
0.8685673616595978
0.8685028409887229
0.8684370597117709
0.8683700995292418
0.8683025925640541
0.868236379807741
0.8681676431634567
0.8680988959420248
0.8680292284050557
0.8679585543874216
0.8678851923702336
0.8678125090885107
0.8677379975663636
0.8676636672874151
0.8675898922521149
0.8675142704113584
0.8674372551951601
0.8673608411501963
0.8672837181677412
0.8672039392167552
0.8671227749439347
0.867041702575507
0.8669590972799117
0.8668751305044309
0.8667895689292585
0.8667049524444035
0.8666187349434304
0.8665313500726135
0.86644330624331
0.8663558927932244
0.8662682703096571
0.8661815375664282
0.8660932613322376
0.8660043315971362
0.8659155753784527
0.8658254608392212
0.8657333566963887
0.8656409771343244
0.8655489502979511
0.8654557471890061
0.8653627571453137
0.8652688707043925
0.8651728827385197
0.8650744535776973
0.8649760082610201
0.8648770634785027
0.8647764351111005
0.8646768473226927
0.8645753627202775
0.8644728302383097
0.8643677570621424
0.8642627471767194
0.8641588824058133
0.8640566163082025
0.8639523095719563
0.8638514336295046
0.8637499639066553
0.8636450117180906
0.8635389888268492
0.8634332804023899
0.8633228393238978
0.863214389300175
0.8631062967072044
0.8629953289980092
0.8628812209877129
0.8627666171321247
0.862648879275732
0.8625301041627894
0.8624130323144397
0.8622972944304462
0.8621834532465571
0.8620696559798748
0.8619571485892853
0.8618453684075139
0.8617344605468192
0.8616192909735126
0.8615016421492012
0.8613822576230532
0.8612611893075222
0.8611391527476963
0.8610189652823048
0.8608995685142995
0.860780817607989
0.8606614247644021
0.8605379928293967
0.8604157326787654
0.8602928198009868
0.8601680153087836
0.8600414212751665
0.8599161329319501
0.8597883768615949
0.8596618214740112
0.8595386833097255
0.8594215931080659
0.8593112429986666
0.859202379650521
0.8590845137382364
0.8589581535715294
0.8588255216257158
0.8586870614608945
0.858550990056596
0.8584180367725663
0.8582884720010235
0.8581613755316706
0.858028062292963
0.8578916100410209
0.8577571177217038
0.8576212129996947
0.8574823751343691
0.8573448918435199
0.8572024917617098
0.8570612210964542
0.8569240427728324
0.856784175098922
0.8566486408659415
0.8565149093984572
0.8563808976211077
0.8562416377462304
0.856107158958033
0.8559695277235907
0.855828007376514
0.8556852283243084
0.855540929365663
0.8553886588449162
0.8552362810957659
0.8550847828703715
0.8549309301649316
0.8547786244463329
0.8546290022212508
0.8544797031175028
0.8543334180272146
0.8541857171433462
0.854037070598598
0.8538883962062352
0.853738827456425
0.8535874528380764
0.8534343275119679
0.8532796996498644
0.8531251104794941
0.8529704388672871
0.8528121718015944
0.8526578732121316
0.8525063659547721
0.8523520149297292
0.8521955520442467
0.8520418945870554
0.8518875797978279
0.8517310477612985
0.8515786214083657
0.851426620734405
0.8512743147323935
0.8511249292377714
0.8509784864060194
0.8508261763225183
0.8506737860000954
0.850516997835381
0.8503565040233376
0.8501916926111961
0.8500300791043648
0.849867905205372
0.849708665636425
0.8495492016141514
0.8493916686646726
0.8492310803799941
0.8490725523296578
0.8489171240770338
0.8487561150477365
0.8485952824248102
0.8484386379904125
0.8482805295273392
0.8481174919603168
0.8479634779147414
0.8478061149671229
0.8476440232854922
0.8474774421052449
0.847315181874702
0.8471534021184883
0.8469910279045363
0.8468282070594114
0.8466656143960143
0.8464998637445268
0.8463289638648152
0.8461567457129473
0.8459881808457383
