0.5405997649696582
0.54336536593717
0.5506076704986486
0.5597077548848891
0.555746832373269
0.5459002271040152
0.5413379749891543
0.5407425261510167
0.5428002998449399
0.5470330412408403
0.5523763240446538
0.5584278581133165
0.5649159406574338
0.5711400075055062
0.5774756360035509
0.5831500831799308
0.588249689516566
0.5926851493730992
0.5971920166916957
0.6015327100094606
0.6054202472308964
0.6089617939252941
0.6121274255206709
0.6150724391195803
0.617830800608357
0.6202116390401387
0.6222951357447222
0.624077138114895
0.6255676256671158
0.6272819088651179
0.6286940080668815
0.6304020382972654
0.631835813437747
0.6333917045112565
0.6348031907272599
0.6357215099822203
0.6369149197362025
0.6379851945995457
0.6389912472809582
0.640357504652375
0.6415001887576105
0.6428325108375731
0.6437988029465547
0.6448416630631867
0.6459346445960222
0.6469652158948669
0.6478770839496223
0.6487621268721968
0.6493547555022364
0.6502458663549557
0.6497799361768793
0.651723764966605
0.6509066331229885
0.6512220215640677
0.6511644510582313
0.6548138627628004
0.6560383892517045
0.6554581502028376
0.6562746805450291
0.6574182508916354
0.659556771537256
0.6608648532415117
0.6624461160403601
0.6634580144379588
0.6647055704303555
0.6657357609530051
0.6667697927289278
0.6678128443521524
0.6687999841804805
0.6698200088965195
0.6708048428103532
0.671180651600547
0.6720820921876873
0.6733213556248783
0.6741387491789222
0.6752230414326682
0.6761623565484343
0.6774824673548056
0.6784099817166614
0.6794027497159438
0.6801980197756377
0.678089564979846
0.6752805240551291
0.677470198857348
0.6778083206150093
0.6798274225465238
0.6784517313559407
0.6788076680155716
0.6850478987903458
0.6857572692575934
0.6880699880958144
0.688287235399181
0.6894765566728854
0.6916897555831975
0.6930902041091467
0.69253423606184
0.693901572535834
0.6948431201771579
0.6928582252353066
0.6916354266982626
0.6882757465302448
0.694417927854329
0.699520095051368
0.7006469721962625
0.7033990785793954
0.702813656857041
0.7008968230347148
0.7024206120242699
0.7012411383062394
0.7056635932159455
0.7064354398173305
0.7076245022472737
0.7098655463653136
0.7107423022224405
0.7106163846713471
0.7119116951449742
0.7128489279283804
0.7072287462347053
0.7079391378510154
0.7117469150160057
0.7041834802294236
0.7096040820666248
0.7075437355914315
0.7089728190401245
0.7102361680143802
0.7129251832906449
0.7154324160703854
0.7176876718749223
0.7206284145243531
0.7145567726973677
0.7200706995479337
0.69482867014066
0.6823302192148447
0.670471685054022
0.707308215172288
0.7250640716959091
0.7166161999814188
0.7167946074965295
0.725963504001286
0.73273645212922
0.7338256787769232
0.7299643147057
0.7246076979385068
0.718127413642099
0.7247596276844419
0.727531812425322
0.7303560947263416
0.7332428248895224
0.7365053478318268
0.7423519888138778
0.7420538674603222
0.7424374723441995
0.7429969337855298
0.7444667497525072
0.746369437035051
0.7471688178314997
0.7479782206137319
0.7486009512382567
0.7494002449365478
0.7499299635139749
0.7490155856317166
0.7474636423932184
0.748532203276496
0.749256748068844
0.7488085813912257
0.7495149391616206
0.7517381388812993
0.7551442435583368
0.7566974041350063
0.7553518414561656
0.7416990118786121
0.7328677563949608
0.7290880832787023
0.7448589283922329
0.7562822080080225
0.7592294492306514
0.762017802855434
0.7630199566876555
0.7583349220160173
0.7573689189139771
0.7587145220821431
0.7642236986813855
0.7682399407103642
0.7674522951085769
0.7670338554172421
0.7676529911495961
0.7654403820032816
0.759492044933306
0.7451067234265468
0.7466766227125895
0.7595830113406156
0.7634701213013038
0.7659686692561328
0.7563782130909479
0.7635768896955493
0.7692047678766527
0.7654213501958365
0.757929237059252
0.7616681117733272
0.7763928692210369
0.7786482093696322
0.7759141434675897
0.7775170742379255
0.7769479241694813
0.7756541713524827
0.780189913164143
0.7759712339056641
0.7685271773312907
0.7721724962366365
0.7645105985077139
0.7494042130584795
0.7309579635548792
0.7537854803624148
0.7812461048011037
0.7839511779700461
0.7836781167970996
0.7836907093646976
0.7921978282725172
0.7931015273961567
0.7925631036470459
0.790570668490953
0.7918971551708013
0.7876205763975832
0.7936511578191647
0.795509920144575
0.7963669092224945
0.7973386434626214
0.7991115796207158
0.7957913264824364
0.7980795433511423
0.7964554809089608
0.7953337431845499
0.7979244458718335
0.7967357897875639
0.8023180316586597
0.7986727782862026
0.7972330557745004
0.8021642958584515
0.8054491939780403
0.8065221839559299
0.8051164420637321
0.8042667736428104
0.8045649006869945
0.80955267002162
0.8110510023694908
0.810678014571596
0.8067628710279565
0.8041053678842175
0.8030682264799156
0.8075024075454487
0.807423229623168
0.8079331944560081
0.8068463274864842
0.8014549669927131
0.801301566007955
0.8090285281201512
0.8142367611183543
0.7901821401883803
0.7840833926624589
0.7917385100677121
0.7957608529736718
0.8152089353431007
0.8083075468789804
0.8100096298559443
0.8150280907108804
0.8177483846938102
0.8219636426281562
0.8224534606339307
0.8220753423039028
0.8222459031690246
0.8251921035178229
0.8258074007037498
0.826225746087601
0.8185139912938886
0.8222736048231175
0.8221439371656365
0.8231839599873406
0.8232080773371634
0.829624200035034
0.8301685758632256
0.8223676181649535
0.7787831493913491
0.7632275234475993
0.7825353958637925
0.806457093670062
0.8307435524219013
0.827885243107762
0.7931717244186585
0.797898480796289
0.7983026656427673
0.819803970881088
0.8104049957247387
0.8092695458161867
0.7985880077525157
0.8194819916200106
0.8291325891599381
0.8259452121252876
0.834999065878015
0.8364017886116467
0.8394228263635926
0.8413216717405998
0.8402705999218112
0.8401505941797438
0.8427780782092607
0.841673459590984
0.8423164868953342
0.8420149939586481
0.8387049280877372
0.8398080074960199
0.838335262545462
0.8363948719193505
0.8473512414011042
0.8471863165853167
0.8472204076824814
0.8334923591408083
0.8276508114593365
0.8353955329605868
0.83673086330197
0.8411191131307013
0.8414194288997199
0.850357044923878
0.851195595785279
0.850875812305744
0.8525592821770809
0.8528638365533541
0.8531807966177439
0.8497272442373935
0.8431410386422957
0.8407686467095742
0.8469475221331968
0.8529091208829005
0.8406710071172692
0.8355632510035144
0.8422079219281933
0.847044536026957
0.842366158622382
0.8423642854812183
0.8427252677301447
0.8443118597696674
0.8398346216809268
0.8492028005855825
0.8544987251014674
0.8602877250691486
0.8608272413539463
0.8600015928484808
0.8604080237254763
0.8603375482120332
0.8587397399501292
0.858285780744682
0.8627434545347612
0.8646365635609983
0.8616964968366674
0.8631014945933385
0.8636610714747751
0.862882313335676
0.8580616331422892
0.8614059822974267
0.8639357420823803
0.8592755343492139
0.8570339918963612
0.859675608212859
0.8633604073511535
0.8667465476069727
0.8665463361878354
0.8648613346113774
0.861248356205405
0.8683990632694214
0.8686847786822368
0.8704702334498549
0.8709526110606303
0.8712506803318808
0.8725969147546524
0.871294640408169
0.8688256326083849
0.8666925169878862
0.8684965120304549
0.8724954188992171
0.8691475426728786
0.8673969351154028
0.8699294412743156
0.8743227724200386
0.8726974478447689
0.8720164100544958
0.8730227595838189
0.8749602282029743
0.8755954776636007
0.8757170409290803
0.8758639586399505
0.8769846012361759
0.87845666373473
0.8772181502892327
0.875950982048041
0.8728933192347718
0.8743358536581675
0.8776184436329623
0.8781080475981871
0.877612561591118
0.8794867733468995
0.8789630275759224
0.8789123704304214
0.8765516880771836
0.8784882963993053
0.8803159378634291
0.8806010172565868
0.8805893395928966
0.8815827014586187
0.8833101140116516
0.8813220660927206
0.8809354123368632
0.880644661663824
0.8810510435394728
0.868151395052211
0.8577643538080382
0.8639563328949645
0.8688411524958035
0.8836955593212374
0.8829717543694716
0.882482251818773
0.8827507693267832
0.8827050812243533
0.8813919895203621
0.8849555518078625
0.8855920476564175
0.8825174505457432
0.8809944439996962
0.879068488933217
0.8775539724684487
0.8858339558747346
0.8874307601761267
0.8881028455585311
0.8885066642386696
0.8888907034350555
0.8900370202464143
0.890216702130826
0.8904540319558595
0.8908393458598722
0.8908589975000409
0.8910377227114606
0.8907041241525929
0.8909246647208598
0.8910776954181296
0.8911955352893585
0.8920360424498134
0.8914248356964184
0.890659745079753
0.8877952289947876
0.8887105745470568
0.8915801725518212
0.8901876117471718
0.890524475521049
0.8868340307662659
0.8898952563394205
0.8908310150288015
0.8910036426859415
0.8889437281130934
0.8861505553554483
0.8885830832241238
0.8902957348999109
0.8895545805785643
0.8892840160413369
0.8854030748056431
0.881386325382663
0.8747777410252472
0.8688321965254977
0.8823450063986091
0.8870791397340544
0.8927270419275897
0.8916947600392717
0.8838363870122439
0.887397174922986
0.8924911373559178
0.8898264948759411
0.8917347442905594
0.8863059127270226
0.8933658978864957
0.8914301341185167
0.8849658424356517
0.8884484217709413
0.8903550028963482
0.8965193538011647
0.8979409062081755
0.8974591768464234
0.8978985676974593
0.8994376916910515
0.9001290862932232
0.900292431947305
0.9005654633323619
0.9007191596450919
0.9007812499129783
0.9009846432755599
0.901016464761981
0.900619880675759
0.9006879369347068
0.9009285046549219
0.9014698505573804
0.9019922238831375
0.9020730694958746
0.9020600268855818
0.9019700845416987
0.9020581056023337
0.9019938937593406
0.9026266627267325
0.9024698097086751
0.8992043698821359
0.8988530400942151
0.8964088671592613
0.895598935722404
0.8974571313297547
0.8992473270409909
0.8957758403742585
0.8918775557117171
0.8904700133671493
0.8978856211589071
0.9032104407974959
0.9037767025900738
0.9046638573637411
0.9048453348166406
0.9044211147483708
0.9043937449902395
0.9028290986936226
0.902127656542251
0.903733058158418
0.9036909095925307
0.9043590230015883
0.9048491914567832
0.9056794752425532
0.9056690298606516
0.9060097344468545
0.906361329387263
0.9065818904831143
0.9067492127242345
0.9071696769000456
0.9071996773295815
0.9073366828495985
0.9078773549538042
0.9095031407313702
