0.9356391133224243
0.935266425352803
0.8510693183281004
0.9298765082364867
0.9473543227018693
1.048850827401585
0.9322849251619383
0.8387679463089363
0.8363894011248908
0.8233007483231727
0.8344059050656463
0.8490470868778052
0.8332410124697548
0.8283499444462935
0.8148496977694558
0.8219344548597135
0.8239388744422507
0.8353602756023853
0.838582495328313
0.8191593252525918
0.8197031393794243
0.8212326776253852
0.8213447760328191
0.8287748168008878
0.8293589518678189
0.8905531234622202
0.8669659840947088
0.9249012612018163
0.9517500976763383
0.8855938897592602
0.8850511342228806
0.8796078060611047
0.8664050942508837
0.8598970452131426
0.8610840570131574
0.8485604744560263
0.8559773613976072
0.828429412068236
0.8970144012062206
0.957919506120229
0.9386169334332387
0.8928093289995378
0.857299020700742
0.8593813916302714
0.8520261959862181
0.8506752575026784
0.8322926853030486
0.8378772694627582
0.8290605023590084
0.831313216952299
0.8289890304604655
0.8253940858954878
0.8254205670752175
0.8229167636764916
0.8567654239311331
0.8557887020289926
0.8588847778571468
0.8499758058027654
0.8429251225255667
0.8213184541374844
0.8213807889876571
0.8165423087073456
0.8166996064031158
0.8491299373543064
0.8459431914638111
0.8481567152386494
0.8421175926918885
0.8490148775984386
0.8400197368018003
0.8759350193382929
0.8812727081009265
0.8781415792103243
0.843980701899442
0.8362590706665333
0.847837727582977
0.8573936194321838
0.8476806257508486
0.8157849760906161
0.814820763993072
0.8170952085602068
0.8531439673265804
0.8482374089275186
0.843217218758113
0.8407266891298288
0.8280681028257676
0.8303990713524847
0.8221849463527837
0.8278035690253096
0.8447390458024872
0.8659350508024352
0.8699895897471365
0.8479707461488089
0.870977897503171
0.8698413618907108
0.865061188339764
0.8464662390363917
0.8413464253047095
0.8616093267620091
0.8649184550067528
0.8481421121011071
0.8408127696845016
0.8348048724034852
0.8527978572964406
0.8575176383689781
0.9502919824160484
0.9279969345268905
0.899889237190692
0.8823044423952011
0.8316171430479811
0.8288645974246532
0.853521247319459
0.8604062127123717
0.8653357481222224
0.9396063394343042
1.0228488663314774
0.9833829110244686
0.8824619033178341
0.8248934188677454
0.818358219228888
0.8376072318833983
0.8672105025061727
0.9020667393272652
0.9562307711155111
0.9542851035455571
0.9024199375704544
0.8729700994197596
0.8759184284589427
0.873802514985478
0.8321604579702304
0.8442964553203495
0.844443281138527
0.8500967973082761
0.8481538027919718
0.8515452764859655
0.8538167505373437
0.8501422488977948
0.850788202194048
0.8461018108949476
0.8301938040301204
0.8300543616411883
0.8386887822410368
1.0029748274010224
1.555773946374381
2.381895236749586
2.4657068084317704
1.6394804510794168
1.3213800653601393
1.4238640602175006
1.3536198600138312
1.0289275811473826
1.0169147319348408
0.9717044989911028
0.9376055535056771
0.9248704876035605
0.8833496716146932
0.8824684056332683
0.8908539103350686
0.8434448421309422
0.8712850576670591
0.9134082060221033
0.8995357613296389
0.9117604273754643
0.8824071313394164
0.9223731613054245
0.8991878942055136
0.859733629489088
0.8579375597435859
0.8731137611043627
0.8756158564627293
0.8765743640943867
0.8834414981836896
0.9320038907876695
1.058635835958965
1.035660505603849
1.0598727082171946
0.9813784667333517
0.8913499521133741
0.8893696957221144
0.8426234034891767
0.8395472108447455
0.8451718565274481
0.8611779388529562
0.8747776970357164
0.8793820643860866
0.8222472463220599
0.87956560836402
0.9831142055538712
1.0122194573102539
0.9660637824182384
0.8605576228978814
0.8459524489283935
0.8452263234142173
0.8552177279285332
0.8514805744121634
0.8559512624879579
0.8543267292239286
0.8223614393739288
0.839434141796156
0.840716366329503
0.8488200101134427
0.927662462626358
1.014397350552373
0.9876808981549211
0.9218713294906861
0.9389120958332524
0.9854358793550277
0.9154490516724726
0.8868295325245846
0.8245019294527435
0.8226881702496692
0.8179825644476366
0.8233979873345247
0.831807484848711
0.8363853512032801
0.9115877059123687
0.9211838947358809
0.9211555943876395
0.90486614166145
0.9223482153177924
0.901442014762143
0.9346188782414154
0.8907498374409649
0.8823393716589725
0.9610764509951488
0.9536988831828893
1.029218921775149
1.06079041316677
1.0495069888084032
0.9650434083220147
0.9813950477865865
0.898218622893244
0.8684446022452924
0.8406316335016994
