0.7659789573575067
0.7668672711353216
0.8394911355506472
0.766935268029496
0.7660908539262505
0.7652844822260585
0.764171504263037
0.8387679463089363
0.8363894011248908
0.8237575245959163
0.8344748176521161
0.8400747925612403
0.8335596944650177
0.8332778377004557
0.8148496977694558
0.8219344548597135
0.8259691259094142
0.8353602756023853
0.838582495328313
0.8191593252525918
0.8197031393794243
0.8212326776253852
0.8213447760328191
0.8316017848698665
0.8317472711077033
0.8402186550595121
0.8402284925964152
0.76199137726852
0.7627314595989031
0.8402576648249536
0.8402672763660202
0.8402768320980025
0.8402863322934123
0.8402957772230651
0.8403051671560943
0.8403145023599627
0.8403237831004773
0.8328274471103614
0.8403421822464616
0.7621450694159737
0.7628122688136348
0.840369379041579
0.8403783384927112
0.8403872452957983
0.8403960997038414
0.8404049019682949
0.8350602837602329
0.8378772694627582
0.8344187382928703
0.8339328611731317
0.8337784754844164
0.8274776913790177
0.8276773814690311
0.8229167636764916
0.8404818166263988
0.8404901109530465
0.8404983558033362
0.8405065514110535
0.8405146980085821
0.8213184541374844
0.8213807889876571
0.8165423087073456
0.8166996064031158
0.8405547038800244
0.8405625612192935
0.8405703711366794
0.8405781338537206
0.8405858495906444
0.8400197368018003
0.8406011409985515
0.8406087171035206
0.8406162470963623
0.8406237311908916
0.8362590706665333
0.8406385625340081
0.8406459102039887
0.8406532128184613
0.8157849760906161
0.814820763993072
0.8170952085602068
0.8406819768558303
0.8406890572831884
0.8406960938828623
0.840703086855356
0.833005846352108
0.8330577001575756
0.8221849463527837
0.8324452332185789
0.8407374042471392
0.8407441396028447
0.8407508327029236
0.8407574837388415
0.8407640929009699
0.840770660378594
0.8407771863599209
0.8407836710320862
0.8407901145811626
0.8407965171921666
0.8408028790490667
0.8408092003347899
0.8408127696845016
0.8348048724034852
0.8408279225787059
0.8408340833884252
0.7623178800600365
0.7631661121630785
0.8408523284924942
0.8408583316716295
0.8361204989726067
0.8333458174781047
0.840876108076719
0.8408819564074624
0.8408877664535821
0.7638897809816051
0.7634333449309931
0.7625637766638172
0.8409106271596165
0.8248934188677454
0.818358219228888
0.8376072318833983
0.840932888671696
0.8409383616541083
0.762918343045918
0.7640021086861325
0.8409545614295524
0.8409598888278458
0.8409651802257451
0.8409704357797796
0.8360904340083019
0.8409808399781156
0.8409859889312373
0.8385102919711731
0.8374325895321552
0.8374066053382198
0.8376161741977227
0.8378107643066633
0.8378247969883447
0.8376747629845245
0.8331347781207905
0.8341733585293549
0.8376901230730978
0.7668067969008907
0.7686363617642524
0.7718030615208721
0.7755410106449425
0.7744741224557583
0.771079725413065
0.7729326685817426
0.7767295451125495
0.7758937531849185
0.7757545771607218
0.7763487813119965
0.7758977603670003
0.7755413990930597
0.7771677170226102
0.7772132119843993
0.7770868205073045
0.8214646212759218
0.7762798080779845
0.7752532978279223
0.7745386186956966
0.7746387061294803
0.7743519616197999
0.7749081972409545
0.7758721774789286
0.7768830602087009
0.7770339959970409
0.7730050076684625
0.7701594181456459
0.7702081225893944
0.770923688878852
0.7725185570525641
0.7765645383913208
0.7750001010252502
0.7737111236986859
0.7721555811258399
0.7709656447784571
0.770287501828409
0.8402830124215612
0.8395472108447455
0.8401377040812914
0.8399622685383658
0.8398293641587864
0.839649347100002
0.8209749820510686
0.8388727786662834
0.7670211135526928
0.76633061701912
0.7656985674713139
0.8411205601312906
0.8411227146126088
0.8411248954831824
0.8411271022882544
0.8411293345708618
0.8411315918718886
0.8411338737301186
0.8223614393739288
0.839434141796156
0.840716366329503
0.841143237440156
0.7639390972535436
0.765056252074447
0.7654788378784205
0.7659420289788049
0.7658815433141792
0.765391591776336
0.7644113170794211
0.8411630009643908
0.8245019294527435
0.8226881702496692
0.8179825644476366
0.8233979873345247
0.8353525261941155
0.8363853512032801
0.7638316741216564
0.7637503775361519
0.7637328762739515
0.7642652418286555
0.7646636985580825
0.7645003317967617
0.7654890966469339
0.8375704056227148
0.8376224531603902
0.7657442407221147
0.7658805572192433
0.7661175697230171
0.7663212218119263
0.7665095494986655
0.7667670343841083
0.7666678519657547
0.765969926204109
0.838722983348064
0.8404985510074094
