12.424450767260266	0.07449094323015536	34
7.862492758938242	0.11283507103477776	22
7.862492758938242	0.11283507103477776	22
7.862492758938242	0.11283507103477776	22
7.522066111024873	0.11734243632612923	20
7.266167883773624	0.12097504116302628	23
6.516729282360852	0.13303658578560917	33
7.266167883773624	0.12097504116302628	23
6.292914084623343	0.13711939951526894	30
5.811476724394113	0.14681104266548764	38
5.425140226366417	0.1556386265153198	53
4.754934803414226	0.1737639146505588	32
4.875188735194954	0.1702072980242425	45
4.757517284987215	0.17368597444032172	32
4.755366630311785	0.17375087709153067	32
4.728154419528315	0.17457629923362733	45
4.676512331007238	0.17616450765686267	34
4.633671252094555	0.177504145210498	35
4.582710018089003	0.1791244748087966	36
4.545153857891556	0.18033764718301826	42
4.513310389931873	0.18137923121944108	35
4.507442352348639	0.1815724861057423	37
4.484237309462146	0.18234076017729303	42
4.474563535531934	0.1826629636334717	41
4.450900886329142	0.18345591322491292	46
4.4191518389109135	0.18453072173024218	34
4.4191518389109135	0.18453072173024218	34
4.338995026135367	0.18730116718686105	43
4.213326634284677	0.19181610325807075	42
4.211367169812196	0.19188822576015832	41
3.3631399433166003	0.22919274031807912	52
3.3631399433166003	0.22919274031807912	52
3.3631399433166003	0.22919274031807912	52
3.2687667085374867	0.23425969800598634	47
2.8832269933081283	0.25751778140275494	57
2.800497981760253	0.26312341298411535	62
2.793580313029278	0.26360322373179773	64
2.7832606104760638	0.26432226139297493	63
2.728902058608242	0.268175453332565	57
2.72986967142774	0.268105882535358	60
2.5265451479506225	0.2835636460180097	60
2.6675190197796583	0.27266388929595226	60
2.66751626732248	0.2726640939291766	60
2.6389674498135163	0.27480322750654074	62
2.6300885609803855	0.27547537290107543	60
2.631737226118886	0.27535031797128834	59
2.6185959582803764	0.27635027826516956	68
2.5931436790180302	0.2783078243821549	60
2.5945567494679533	0.27819841769030756	61
2.5897343840375213	0.2785721429548386	69
2.583517642334631	0.2790554142070607	71
2.586419495063897	0.2788296241910161	64
2.4838726361351022	0.287036899577755	58
2.4838726361351022	0.287036899577755	58
2.372454705263578	0.29651992017542717	76
2.372672927827512	0.29650073440241487	76
2.372376525780502	0.29652679419257916	76
2.265559943242316	0.3062261962360789	61
2.248549141315361	0.3078297284415075	56
2.2455380474707725	0.3081153218275453	58
2.1940564638353472	0.31308150351206493	52
2.1152118177813812	0.32100545917683015	53
2.1152118177813812	0.32100545917683015	53
2.1147264310702454	0.32105548340449014	62
2.0728734331712455	0.3254283073312222	66
2.0728915917617634	0.3254263842827842	66
2.037903772459495	0.32917435011129315	62
2.037903772459495	0.32917435011129315	62
1.9761133361682848	0.3360087090256749	65
1.93775099282969	0.3403964469557659	69
1.93775099282969	0.3403964469557659	69
1.9327698055736575	0.3409745961307718	74
1.9268964571692861	0.34165882347855187	72
1.9268964571692861	0.34165882347855187	72
1.8188247540192366	0.35475777576245016	79
1.8188247540192366	0.35475777576245016	79
1.7865478086242947	0.3588669811818858	80
1.7922246065879204	0.3581373782182921	85
1.76920615618284	0.36111432071147465	83
1.76920615618284	0.36111432071147465	83
1.7690824537505594	0.3611304526687383	83
1.7690824537505594	0.3611304526687383	83
1.7690824537505594	0.3611304526687383	83
1.7690824537505594	0.3611304526687383	83
1.762674672102322	0.36196806308685875	84
1.7632012427976773	0.36189908447910335	84
1.7573586853135663	0.3626659111584825	81
1.7508838381714624	0.36351953002301585	79
1.7447272594942196	0.3643349249150072	88
1.7435346523720157	0.3644933003253362	87
1.735365602758909	0.3655818436085446	83
1.7352490018589484	0.365597427992981	82
1.73445610146429	0.36570343896342095	79
1.721175850122433	0.36748819447115383	84
1.7211618961315955	0.3674900789334145	84
1.6968084847641254	0.370808682058661	80
1.6853637562487693	0.37238902836646504	82
1.6853637562487693	0.37238902836646504	82
1.683389782132129	0.37266296780985525	84
1.6683190806886798	0.3747677731787253	80
1.6683190806886798	0.3747677731787253	80
