12.249673545741004	0.07547355763504389	37
8.984671328219259	0.10015352204671393	17
6.825368309990909	0.12778951231257277	34
6.812376694833096	0.1280020202637405	33
5.646265607153536	0.15046043283670094	46
5.496500492271972	0.1539290270491887	42
5.496500492271972	0.1539290270491887	42
5.457110953312271	0.15486802181818404	42
5.457110953312271	0.15486802181818404	42
5.4343507878273565	0.1554158349420149	43
5.437656593822356	0.15533602723693132	43
5.4343507878273565	0.1554158349420149	43
5.42936458990285	0.15553636537745488	43
5.353486540580936	0.15739389603059806	49
5.383130201039736	0.1566629488204881	47
5.289406282376466	0.15899751981392873	53
5.286090526956189	0.1590813870261289	54
5.250716353096421	0.1599816634624013	49
5.250716353096421	0.1599816634624013	49
5.221018173011436	0.16074539121880196	53
5.162159090227454	0.1622807826539072	47
5.105306337757124	0.1637919450193166	36
5.080276613598869	0.16446620171250856	33
5.057836515354827	0.1650754353415275	36
4.929726778346811	0.16864183416538409	35
4.933151508746387	0.1685444908200717	40
4.309025767130173	0.18835847552131138	35
4.622554473528495	0.17785510210849753	41
4.596859026103248	0.17867164338713729	40
4.515318503789169	0.18131319148893643	40
3.653606338359822	0.2148871063194514	61
3.653606338359822	0.2148871063194514	61
3.5466320631671397	0.21994302290284948	59
3.352316773927399	0.2297626877690776	57
3.160628425180693	0.2403483074690984	67
2.739449107590732	0.2674190692875305	64
2.739449107590732	0.2674190692875305	64
2.7358480943393513	0.2676768366238511	64
2.536967085812855	0.2827281045421951	82
2.5337468676563693	0.28298574783405867	82
2.4870208564284124	0.2867777513164208	63
2.3889524654547603	0.29507643149129004	56
2.3889524654547603	0.29507643149129004	56
2.3878041198643887	0.29517645194906644	56
2.3889524654547603	0.29507643149129004	56
2.152647836893869	0.3171936897922748	69
2.152647836893869	0.3171936897922748	69
2.152647836893869	0.3171936897922748	69
2.152647836893869	0.3171936897922748	69
2.151692132866498	0.31728987408757126	69
2.151692132866498	0.31728987408757126	69
2.151692132866498	0.31728987408757126	69
2.150643613736551	0.3173954666405559	69
2.144922843209579	0.31797282472578603	73
2.1250616877874524	0.3199936832952572	72
2.116254309163567	0.3208980721051645	78
2.116254309163567	0.3208980721051645	78
2.1177014337837927	0.320749122787666	73
2.1117135068827677	0.3213663461588318	73
2.1117135068827677	0.3213663461588318	73
2.095755561513941	0.32302291964904434	73
2.095755561513941	0.32302291964904434	73
2.0865716686681526	0.3239840532947992	71
2.0865716686681526	0.3239840532947992	71
2.062603482524304	0.326519579079093	73
2.062603482524304	0.326519579079093	73
2.062603482524304	0.326519579079093	73
2.0509497750327785	0.327766785341216	73
2.0509497750327785	0.327766785341216	73
2.0509497750327785	0.327766785341216	73
2.01341901362088	0.3318489713776694	65
2.01341901362088	0.3318489713776694	65
2.012874822284811	0.33190891058714844	65
2.012874822284811	0.33190891058714844	65
2.012874822284811	0.33190891058714844	65
1.987983243304815	0.3346738982692435	68
1.987983243304815	0.3346738982692435	68
1.9775336653254814	0.3358484277257324	68
1.9775336653254814	0.3358484277257324	68
1.9714292790094627	0.33653838139918774	73
1.9714292790094627	0.33653838139918774	73
1.8840564264451551	0.3467338540364778	81
1.8840564264451551	0.3467338540364778	81
1.8831959775327238	0.3468373318333163	82
1.862344796251095	0.34936392055552923	79
1.8511406890303181	0.3507368134611776	83
1.8212894670034954	0.354447855030666	76
1.8212894670034954	0.354447855030666	76
1.821276575436703	0.35444947464791215	76
1.8018346160635352	0.35690900321767016	87
1.8018346160635352	0.35690900321767016	87
1.7967269181716035	0.3575608306633538	87
1.791702954828722	0.35820429901767703	80
1.791702954828722	0.35820429901767703	80
1.791702954828722	0.35820429901767703	80
1.7825911941070818	0.3593772603456019	82
1.7599210733111728	0.362329201972528	89
1.7599210733111728	0.362329201972528	89
1.751784526377669	0.36340054623257767	89
1.7389881467145125	0.36509833063700037	86
1.7389881467145125	0.36509833063700037	86
