13.024394599180535	0.07130432568250977	44
13.019791337626296	0.07132773776141742	44
13.017526115784708	0.07133926427102787	43
13.017455763443486	0.0713396223163356	43
12.354350931253103	0.07488196207722131	38
13.017060470893407	0.07134163415193306	42
13.017060470893407	0.07134163415193306	42
13.017059883502283	0.07134163714153595	42
13.017059883502283	0.07134163714153595	42
13.017059883502283	0.07134163714153595	42
13.017059883502283	0.07134163714153595	42
13.017059883502283	0.07134163714153595	42
13.017059883502283	0.07134163714153595	42
13.017059883502283	0.07134163714153595	42
13.017059883502283	0.07134163714153595	42
12.86595593672424	0.0721190810473789	39
13.017059883502283	0.07134163714153595	42
13.017059883502283	0.07134163714153595	42
13.017059883502283	0.07134163714153595	42
13.017059883502283	0.07134163714153595	42
13.017059883502283	0.07134163714153595	42
10.601748704233467	0.08619390278942182	42
10.601748704233467	0.08619390278942182	42
10.390512469601665	0.08779236251825734	44
10.366366749962594	0.0879788609674495	46
10.366366749962594	0.0879788609674495	46
10.366366749962594	0.0879788609674495	46
10.33543663117124	0.08821892199989076	41
9.20453424864909	0.09799565326877935	25
9.198109793641088	0.09805738712712608	25
9.183218008566822	0.09820078477733968	23
9.182132602030013	0.09821125289613984	23
8.833948476179502	0.10168855393357734	19
8.833948476179502	0.10168855393357734	19
8.82577506808854	0.10177314187129416	26
8.8126152046791  	0.10190963154482555	19
8.8126152046791  	0.10190963154482555	19
8.699590324732652	0.10309713776778122	22
8.798648802365987	0.10205488737983337	19
8.783124661913632	0.10221683097763926	20
8.781209184678051	0.10223684834043502	19
8.656459675012892	0.10355762190853503	19
8.656459675012892	0.10355762190853503	19
8.63818337558766	0.1037539919123014	18
8.63818337558766	0.1037539919123014	18
8.521220206686339	0.10502855498476377	22
8.502724515717576	0.10523297801025303	21
8.43703093785877	0.1059655315940817	21
8.43703093785877	0.1059655315940817	21
7.926019056000216	0.11203202611670246	28
7.800387161306417	0.11363136435596885	31
8.19868902149272	0.10871114325786009	36
7.894073393753107	0.1124344218592086	35
7.835850289784029	0.11317529917366248	35
7.835780421221856	0.11317619410258217	35
7.834086174767164	0.11319789961482421	36
7.338584116327127	0.11992443633709692	29
7.338584116327127	0.11992443633709692	29
7.247335777895747	0.12125127761624173	29
7.247335777895747	0.12125127761624173	29
7.220671259396142	0.12164456751107891	29
7.183904102016889	0.12219107012184492	28
6.82166362372728	0.12785003908458378	30
6.797701362828743	0.1282429210186159	30
6.797701362828743	0.1282429210186159	30
6.781106970478459	0.12851641852425402	29
6.7795603248894585	0.12854196872806037	29
6.7491916072722855	0.1290457186607107	30
6.657752708871861	0.13058661437858313	35
6.464632920074113	0.13396506039979142	40
6.464632920074113	0.13396506039979142	40
6.320794570434528	0.1365971945229225	37
6.272752414347893	0.13749952466787835	39
6.081423063445758	0.1412145540579253	57
6.058664176907786	0.14166986485509125	57
6.019531979102157	0.1424596401835762	52
6.019531979102157	0.1424596401835762	52
6.002801321320522	0.14279999590384346	52
5.990728435801794	0.14304660940320252	51
5.987730307556515	0.1431079844221524	52
5.973891459549094	0.1433919649883189	53
5.89549987361566	0.14502211853071204	48
5.642452146237517	0.15054681283122678	51
5.634642132336678	0.15072403003111284	54
5.6252897815621665	0.15093679415849062	55
5.6134045211021855	0.1512080497736347	54
5.350342625357182	0.1574718182932301	51
5.349344572511228	0.15749657127278732	50
5.3175532457915065	0.1582891288911825	51
5.308731002871693	0.15851048325642772	52
5.307446271594204	0.15854276944118154	53
2.704445087049911	0.2699459639706428	54
2.672134637254452	0.2723211697781514	58
2.672134637254452	0.2723211697781514	58
2.666703004567716	0.272724569934972	58
2.6695089007027994	0.27251603063518276	60
2.6690530846564497	0.2725498860133376	57
2.6653407970082483	0.2728259268050129	60
2.6080118340561396	0.27716095345391273	61
2.6080118340561396	0.27716095345391273	61
2.6080118340561396	0.27716095345391273	61
