13.017434398038581	0.07133973105234771	43
11.47369112338103	0.0801687319421893	15
11.47369112338103	0.0801687319421893	15
11.795990457036908	0.07814947997636786	12
11.47369112338103	0.0801687319421893	15
11.47369112338103	0.0801687319421893	15
11.47369112338103	0.0801687319421893	15
11.795990457036908	0.07814947997636786	12
8.952568417237032	0.10047657630447253	18
8.952568417237032	0.10047657630447253	18
8.952568417237032	0.10047657630447253	18
8.952568417237032	0.10047657630447253	18
8.717115762578873	0.10291119550628933	17
8.166466726620044	0.10909328859460449	39
7.884916608783624	0.1125502966467238	35
7.884916608783624	0.1125502966467238	35
7.73805178325772	0.11444198601752621	37
7.690575722741226	0.11506717528313244	37
7.604575911947786	0.1162172325787098	35
7.599388253872305	0.1162873416663912	35
7.596534455353617	0.11632594566956403	35
7.54909090943616	0.11697150148400437	39
7.54909090943616	0.11697150148400437	39
7.54909090943616	0.11697150148400437	39
7.54909090943616	0.11697150148400437	39
7.44956246467476	0.11834932331475367	35
7.356067931303573	0.11967351249668416	41
7.325555328330074	0.12011210790915233	42
7.250557369077862	0.1212039326879763	42
7.21693081647712	0.12169994153957527	40
7.09969741371676	0.12346140218849527	43
7.049432054736442	0.12423236735212648	47
7.048677036692527	0.1242440211529389	49
7.003962345730835	0.12493811899719663	55
6.903936289630878	0.12651923843463836	56
6.903936289630878	0.12651923843463836	56
6.850110830738444	0.1273867365138757	53
6.849008589366823	0.1274046255159812	55
6.812680320844972	0.12799704569146458	53
6.7882139148701155	0.1283991440053656	57
6.7920458778041235	0.12833600002902062	58
6.767978123447937	0.12873362722037823	51
6.70738289436031	0.12974572740271223	54
6.702605788599417	0.1298261948547457	54
6.670739971548841	0.1303655193252607	56
6.670739971548841	0.1303655193252607	56
6.657778028691631	0.1305861826045714	51
6.628499465160884	0.13108737892254807	53
6.601756988434016	0.1315485356242627	53
6.601756988434016	0.1315485356242627	53
6.5736080266808425	0.13203746437327218	44
6.5736080266808425	0.13203746437327218	44
6.50848308992664	0.1331826932315526	51
6.508796403868964	0.1331771360167313	52
6.518936773636628	0.13299752745710847	47
6.490598919307013	0.13350067341377747	52
6.490598919307013	0.13350067341377747	52
6.45848053514025	0.13407556610070256	54
6.45848053514025	0.13407556610070256	54
6.45848053514025	0.13407556610070256	54
6.45848053514025	0.13407556610070256	54
6.452933720308291	0.13417535128148636	50
6.451210316221242	0.1342063849443366	51
6.430376443174135	0.1345826833469041	53
6.429908573327664	0.13459115817250572	53
6.4213797654903715	0.13474583320072483	53
6.4213797654903715	0.13474583320072483	53
6.396373139186758	0.13520139954836724	56
6.396373139186758	0.13520139954836724	56
6.396373139186758	0.13520139954836724	56
6.396373139186758	0.13520139954836724	56
6.396373139186758	0.13520139954836724	56
6.3947581222938314	0.1352309275654581	58
6.386019611800195	0.13539092130250518	55
6.384576246165611	0.13541738437858813	55
6.383443269112917	0.13543816395031974	59
6.383443269112917	0.13543816395031974	59
6.377838335630826	0.13554105613436393	54
6.374485433085354	0.13560268158013267	51
6.37439926866265	0.1356042659975679	51
6.367114854853826	0.13573834801030008	55
6.367114854853826	0.13573834801030008	55
6.367179567333342	0.13573715569986636	56
6.362836770026039	0.1358172170909696	52
6.362836770026039	0.1358172170909696	52
6.3607880206234135	0.1358550194895174	55
6.34499290523699	0.136147170310675	57
6.34466328104593	0.13615328051602565	56
6.334409609212523	0.13634362590602128	57
6.334409609212523	0.13634362590602128	57
6.334409609212523	0.13634362590602128	57
6.331062765468106	0.1364058707436462	58
6.311466553676023	0.13677146611540267	57
6.328050741524591	0.13646193718794467	56
6.320657087453098	0.13659975983766592	56
6.3098097683880745	0.13680246568448187	53
6.3098097683880745	0.13680246568448187	53
6.294449081102139	0.13709054499958304	58
6.294449081102139	0.13709054499958304	58
6.282656610332516	0.13731252941148098	56
6.282656610332516	0.13731252941148098	56
