12.002858910347918	0.07690616401322184	38
12.002858910347918	0.07690616401322184	38
10.9421375144484	0.08373710307640762	37
10.9421375144484	0.08373710307640762	37
10.019445330512253	0.09074866928474645	26
9.783900159447377	0.09273082884803388	28
8.750275492090193	0.10256120463583202	50
8.420627331958803	0.10615004338485735	16
7.168031641534912	0.12242851691647988	47
7.174389881065235	0.12233328903437211	47
6.949585718240002	0.12579271869545863	50
6.887495214405923	0.1267829612338242	47
6.46369516996491	0.13398189197545984	37
6.644501418545046	0.13081297853828208	54
6.471876460185779	0.1338351892364045	33
6.471876460185779	0.1338351892364045	33
6.121092532082163	0.14042789017201637	44
6.059070979609771	0.14166170065275083	45
5.973239615525739	0.14340536897276923	61
5.7727566626776134	0.14765036598917897	57
6.059070979609771	0.14166170065275083	45
6.021391528279864	0.14242191109445013	44
5.9564674090864  	0.14375112268819368	45
5.946295994116334	0.1439616164999335	47
5.893667447765111	0.14506066728301414	44
5.893667447765111	0.14506066728301414	44
5.503812270610664	0.153755975478995	39
5.315021679835117	0.1583525838388111	44
4.074146660430977	0.19707747271046835	33
4.367013831671133	0.18632335063102098	46
4.367013831671133	0.18632335063102098	46
4.280225263663215	0.18938585951657652	56
3.955513810890733	0.2017954218596465	49
3.8852275688503255	0.20469875474712776	51
3.8852275688503255	0.20469875474712776	51
3.8852275688503255	0.20469875474712776	51
3.785692603243415	0.20895617059112162	58
3.1170273746926185	0.24289369707546846	61
3.1170273746926185	0.24289369707546846	61
3.065020839076606	0.2460011989082831	62
3.065020839076606	0.2460011989082831	62
3.065020839076606	0.2460011989082831	62
2.9832743667727923	0.2510497414744216	59
2.7184748457914183	0.2689274612498195	66
2.7184748457914183	0.2689274612498195	66
2.613365907235728	0.2767502726467614	56
2.59286437652434	0.2783294595070072	80
2.59286437652434	0.2783294595070072	80
2.59286437652434	0.2783294595070072	80
2.4670203576149254	0.28843211081919695	71
2.4670203576149254	0.28843211081919695	71
2.4316732712867304	0.2914030331404606	64
2.4316732712867304	0.2914030331404606	64
2.4316732712867304	0.2914030331404606	64
2.429766624337204	0.29156502745817237	61
2.4316732712867304	0.2914030331404606	64
2.4316732712867304	0.2914030331404606	64
2.4104939263285665	0.29321266115741507	64
2.388806438179212	0.2950891466487224	64
2.3887653009483025	0.29509272882372906	64
2.3887653009483025	0.29509272882372906	64
2.35593413137984	0.29797962678988454	60
2.35593413137984	0.29797962678988454	60
2.35593413137984	0.29797962678988454	60
2.343485687214076	0.29908906259839246	59
1.9916542433703557	0.33426322651290546	71
1.9790295262750872	0.33567978805848825	81
1.9778440411037834	0.33581342279743254	82
1.9536206220933225	0.33856751693833614	72
1.9223238762785957	0.3421934194622671	71
1.8601015102702902	0.34963793991545994	83
1.8601015102702902	0.34963793991545994	83
1.8601015102702902	0.34963793991545994	83
1.8225551553812656	0.35428891375018035	81
1.8258382660030545	0.35387729440525567	80
1.8203605129514473	0.3545646010174498	80
1.8104415711876012	0.35581597221301864	82
1.8101629686795757	0.3558512481821916	82
1.8101629686795757	0.3558512481821916	82
1.8058116916855962	0.3564031053699289	82
1.8049366699592775	0.3565142880799937	82
1.8049366699592775	0.3565142880799937	82
1.7884951561293765	0.3586163661794088	84
1.7884951561293765	0.3586163661794088	84
1.7883535352173037	0.3586345803607244	82
1.7883535352173037	0.3586345803607244	82
1.7799645519132699	0.3597168170046502	85
1.7785946950104632	0.35989415865354707	85
1.7751504903843496	0.3603408188006061	78
1.7605053276928597	0.3622525158593943	83
1.7605053276928597	0.3622525158593943	83
1.7605053276928597	0.3622525158593943	83
1.7605053276928597	0.3622525158593943	83
1.7605053276928597	0.3622525158593943	83
1.7552650081187917	0.36294149457614916	81
1.7481950785118092	0.3638751876891926	83
1.7496639742962574	0.3636808022172737	84
1.7496639742962574	0.3636808022172737	84
1.741969815832115	0.3647013159028983	84
1.7459606081363868	0.3641712838257627	81
1.741969815832115	0.3647013159028983	84
