8.072233086569558	0.11022644485186232	25
11.997084464162814	0.07694033248436025	53
11.997084464162814	0.07694033248436025	53
11.997084464162814	0.07694033248436025	53
9.859851122940196	0.0920822936409887	16
9.409856104972361	0.09606280720079705	38
9.409856104972361	0.09606280720079705	38
9.289245150973995	0.09718885936985752	18
9.208677832863403	0.09795587796696224	24
7.888894641560669	0.11249992719279492	28
7.356674950045678	0.11966481955775174	25
5.1621743148383255	0.16228038171397244	27
5.725472158855514	0.14868844541766296	32
6.195935387228854	0.13896734005905226	38
5.529378744241749	0.1531539276813891	32
4.445056925002899	0.18365280910253615	36
4.070253913068551	0.19722878126921922	46
4.393374935927218	0.18541266125198136	33
3.677679516732412	0.21378121276220927	65
2.7834192324156057	0.2643111795362758	58
3.459197802192107	0.22425558236246165	44
3.8655716554044335	0.20552569581197103	43
3.3176742354554167	0.2316061716255262	58
2.9815117464450935	0.2511608815151314	57
3.005092261657333	0.2496821383051469	54
3.005092261657333	0.2496821383051469	54
2.9750084597775146	0.25157179163738713	60
2.9750084597775146	0.25157179163738713	60
2.9750084597775146	0.25157179163738713	60
2.8442466346591497	0.2601289914606806	62
2.8421012404597716	0.2602742451108168	62
2.8051900725914445	0.26279896166105865	56
2.716302542263853	0.2690846583741355	65
2.716302542263853	0.2690846583741355	65
2.716302542263853	0.2690846583741355	65
2.716302542263853	0.2690846583741355	65
2.716302542263853	0.2690846583741355	65
2.701099459447925	0.27018998299201746	66
2.690208005178036	0.2709874344743758	55
2.688528046195304	0.27111085708877675	65
2.6340575376058886	0.27517450938842275	53
2.6340575376058886	0.27517450938842275	53
2.6340575376058886	0.27517450938842275	53
2.5329688307633154	0.28304806747585853	70
2.5329688307633154	0.28304806747585853	70
2.5329688307633154	0.28304806747585853	70
2.3275257820291837	0.30052359185333866	66
2.4620811924043604	0.28884360141349424	70
2.5113488067588112	0.28479084677521993	61
2.481446686011829	0.2872369133262672	70
2.48070125795528	0.28729842807234907	62
2.441484994505143	0.2905722389017104	63
2.441484994505143	0.2905722389017104	63
2.343099549015508	0.2991236082977202	63
2.3166743138810992	0.3015068425062882	59
2.3166743138810992	0.3015068425062882	59
2.2986597419153942	0.3031534254028097	66
2.284760381857584	0.30443620957047834	59
2.172991903015287	0.31515995961089666	66
2.172991903015287	0.31515995961089666	66
2.1528792236509373	0.31717041125413953	68
2.172991903015287	0.31515995961089666	66
2.173907602659382	0.31506903325166463	66
2.14550976764041	0.3179134937959978	67
2.127719434972325	0.319721771978198	68
2.127719434972325	0.319721771978198	68
2.127719434972325	0.319721771978198	68
2.1255038403525925	0.31994841506487753	71
2.1232533683606065	0.32017895510183964	68
2.1232533683606065	0.32017895510183964	68
2.106918845208689	0.3218622853770842	61
2.106918845208689	0.3218622853770842	61
2.106918845208689	0.3218622853770842	61
2.106918845208689	0.3218622853770842	61
2.100166453460308	0.3225633252317247	74
2.100166453460308	0.3225633252317247	74
2.100166453460308	0.3225633252317247	74
2.0882627787004955	0.3238066420049877	71
2.0775478365004316	0.32493402316603104	67
2.0775478365004316	0.32493402316603104	67
2.0775478365004316	0.32493402316603104	67
2.0775478365004316	0.32493402316603104	67
2.0732274583844132	0.32539081911161144	66
2.0520273668573363	0.3276510593775236	72
2.0520273668573363	0.3276510593775236	72
2.0516244813308924	0.32769431695077833	74
2.0469329955668485	0.3281988811224124	71
2.03577124899161	0.32940558361641026	70
2.036032451131614	0.3293772435229644	70
2.034968802033557	0.32949267858370007	78
2.0199399062994257	0.33113241687824846	77
2.022412918219818	0.33086147626347284	73
2.0164585710435436	0.33151458123757693	78
2.0157748481132405	0.3315897407346673	78
2.0157748481132405	0.3315897407346673	78
2.0157748481132405	0.3315897407346673	78
1.990078545524474	0.33443937501133275	86
2.0119257831995223	0.33201349302097194	71
1.9858771278831036	0.3349099635285293	77
1.9744794776843606	0.3361932760008492	74
1.9744794776843606	0.3361932760008492	74
