12.196878378525383	0.07577549563745695	37
10.95419172403602	0.08365266536501358	36
10.86735514474983	0.0842647740631917	36
11.13990687510722	0.0823729547753362	37
11.068560977216846	0.0828599202413453	36
10.482638143684627	0.08708800081364519	25
10.005655936833485	0.09086237165139992	37
9.054369597640376	0.09945924409171177	21
8.499454957684026	0.10526919749128436	35
7.926684178663336	0.11202367866785425	18
6.511415613582767	0.13313069752014742	35
6.465022829772515	0.1339580631973062	42
6.4332557311229435	0.13453055244864148	45
6.262133904493863	0.13770057302044408	45
5.8339788371767325	0.14632764072373425	49
5.8339788371767325	0.14632764072373425	49
5.844561839457233	0.14610139019202711	51
5.832585954847467	0.14635747089146198	51
5.7055857072452705	0.14912940400113253	30
5.7055857072452705	0.14912940400113253	30
5.692675193526249	0.1494170822703736	38
5.298130193801114	0.15877728297586516	47
5.298130193801114	0.15877728297586516	47
4.989666197235548	0.16695421198288762	42
4.989666197235548	0.16695421198288762	42
5.18135589091579	0.161776803932227	51
4.818047382459049	0.17187897145955197	45
4.818047382459049	0.17187897145955197	45
4.817615037624782	0.17189174490450304	45
4.817615037624782	0.17189174490450304	45
4.737806276417768	0.17428263552744427	41
4.737942607818616	0.17427849463628015	44
4.6132199821607225	0.17815086584493084	41
4.6109311198542775	0.17822353877442915	42
4.567119027912675	0.1796261216952888	36
4.068819930070843	0.19728457782993758	53
4.061161713336261	0.1975830958661092	53
3.761488812596458	0.21001834496691724	56
3.63002303448749	0.21598164686251778	56
3.63002303448749	0.21598164686251778	56
3.359598173617482	0.2293789381901282	53
2.666825768612133	0.2727154392117444	50
2.658968998409882	0.2733010310922505	48
2.6351153105736533	0.2750944370571263	54
2.6300624879172867	0.2754773515135108	57
2.6300624879172867	0.2754773515135108	57
2.6192105140256343	0.27630335293420216	54
2.5775400176984644	0.2795216811140883	56
2.5775400176984644	0.2795216811140883	56
2.5659437648697576	0.28043067023423013	55
2.5659437648697576	0.28043067023423013	55
2.535348925721536	0.28285751166581335	55
2.5291215302519157	0.28335663462646976	56
2.492249436092267	0.2863483889967989	57
2.492249436092267	0.2863483889967989	57
2.462491583073195	0.288809366321241	55
2.462491583073195	0.288809366321241	55
2.4467130150351677	0.2901314950324626	53
2.4295545865530896	0.2915830539396839	59
2.4295545865530896	0.2915830539396839	59
2.4194831011251394	0.2924418604879089	57
2.3958683008437323	0.29447549533989337	61
2.389032727097436	0.2950694432675066	60
2.389032727097436	0.2950694432675066	60
2.389032727097436	0.2950694432675066	60
2.380026947822285	0.2958556293890761	58
2.3772218493089827	0.2961013651515405	60
2.361354227300913	0.29749914242242065	57
2.355428718262552	0.2980245101191725	57
2.355428718262552	0.2980245101191725	57
2.33603406692292	0.299757130754476	62
2.334121128967281	0.2999291151457783	62
2.321072367003005	0.30110756089979995	60
2.2910177877552576	0.3038573670797694	61
2.19667576497536	0.31282496991298964	55
2.2910177877552576	0.3038573670797694	61
2.2910177877552576	0.3038573670797694	61
2.2886924688391135	0.30407221394981737	59
2.2886924688391135	0.30407221394981737	59
2.2171721392207315	0.310831984340826	59
2.2107803715882737	0.31145076407245226	64
2.2070065319895806	0.3118172632406877	64
2.2070065319895806	0.3118172632406877	64
2.195039192837255	0.3129852060161995	65
2.195039192837255	0.3129852060161995	65
2.195039192837255	0.3129852060161995	65
2.1933837697587366	0.3131474548940765	64
2.1922713703567056	0.3132565762691596	62
2.1922713703567056	0.3132565762691596	62
2.187036510118699	0.3137711152115906	64
2.187036510118699	0.3137711152115906	64
2.187036510118699	0.3137711152115906	64
2.183181571367822	0.31415110246767897	67
2.1480557419470228	0.31765638285093256	70
2.1480557419470228	0.31765638285093256	70
2.1480557419470228	0.31765638285093256	70
2.1480557419470228	0.31765638285093256	70
2.112828782973243	0.3212512058067139	69
2.094226340118734	0.32318256329032063	71
1.9910710025090315	0.33432840583227863	69
1.9910710025090315	0.33432840583227863	69
