13.017563384748428	0.07133907459894442	43
13.017563384748428	0.07133907459894442	43
13.01711373125087	0.07134136307751576	42
13.01711373125087	0.07134136307751576	42
13.01711373125087	0.07134136307751576	42
13.01711373125087	0.07134136307751576	42
11.156488619630784	0.0822605960725501	62
11.156488619630784	0.0822605960725501	62
11.156488619630784	0.0822605960725501	62
11.156488619630784	0.0822605960725501	62
7.761988395792842	0.11412934539837559	59
11.112529153744893	0.0825591408125383	62
6.266042635192963	0.13762649769718055	61
6.266042635192963	0.13762649769718055	61
5.6427170323214115	0.15054080960159955	60
5.2592267817615985	0.15976414257969412	39
4.482125565953905	0.18241099879404116	46
4.482125565953905	0.18241099879404116	46
4.285294291127963	0.18920422306069634	46
4.285006223579179	0.18921453593346335	46
4.285006223579179	0.18921453593346335	46
4.284678995013322	0.18922625214201474	46
4.279578304945855	0.18940906683081302	47
4.279507885577287	0.18941159321531256	47
4.079257923073749	0.19687915344035983	62
4.079257923073749	0.19687915344035983	62
3.7413245984273438	0.21091152466795698	50
3.621896328760698	0.21636140857969807	50
3.621896328760698	0.21636140857969807	50
3.0736080755228774	0.24548262411612654	52
2.8638494260596437	0.2588092572281733	45
2.8625039867658346	0.2588994091465841	43
2.822544821131433	0.2616058272153917	47
2.805317484535247	0.2627901624671226	47
2.805317484535247	0.2627901624671226	47
2.5703926239016517	0.28008124185155314	55
2.4770517110125922	0.2875999792677166	59
2.4760958476081365	0.2876790640534521	59
2.438939280275291	0.29078733833298415	60
2.438939280275291	0.29078733833298415	60
2.438939280275291	0.29078733833298415	60
2.438710438168489	0.2908066898859375	60
2.4379231747065377	0.2908732828462231	64
2.4270070014088945	0.29179981236947716	63
2.4270070014088945	0.29179981236947716	63
2.4270070014088945	0.29179981236947716	63
2.4270070014088945	0.29179981236947716	63
2.4270070014088945	0.29179981236947716	63
2.4270070014088945	0.29179981236947716	63
2.4270070014088945	0.29179981236947716	63
2.426815288302004	0.29181613710364374	63
2.426815288302004	0.29181613710364374	63
2.426815288302004	0.29181613710364374	63
2.426805857096247	0.29181694023581606	63
2.4267226300597473	0.29182402778323624	64
2.4267226300597473	0.29182402778323624	64
2.426606752781014	0.29183389637238233	65
2.333959287859287	0.29994367466979277	57
2.333959287859287	0.29994367466979277	57
2.3285477912863852	0.300431318011369	50
2.2419863129662243	0.3084528753253926	62
2.2369684538823824	0.3089310304524629	63
2.231654891738389	0.3094389820387271	67
2.231654891738389	0.3094389820387271	67
2.231654891738389	0.3094389820387271	67
2.231341245954719	0.30946901731653664	67
2.2147140742804687	0.3110696556190069	55
2.22455733068984	0.3101200870217019	53
2.2006969937477847	0.3124319490265376	52
2.2006969937477847	0.3124319490265376	52
2.181553187285176	0.3143118914360509	56
2.107690968395961	0.3217823168936747	60
2.1038276782992185	0.32218283475968057	62
2.102139856586744	0.3223581289788433	62
2.101739073963384	0.32239978159162364	63
2.101739073963384	0.32239978159162364	63
2.039467591056997	0.32900498855203875	67
1.9924314979909756	0.3341764049306955	61
1.9924314979909756	0.3341764049306955	61
2.0266860247494707	0.33039436262067307	63
2.0136967574802105	0.33181838800401153	62
2.0003981035392924	0.3332891054758342	60
1.9938362516030255	0.33401960426678584	58
1.9850668233724815	0.33500087574931264	60
1.9061438129725445	0.3440985939980553	67
1.9061438129725445	0.3440985939980553	67
1.7778974709427449	0.3599844884342065	69
1.7778974709427449	0.3599844884342065	69
1.75084891570672	0.36352414496129837	68
1.75084891570672	0.36352414496129837	68
1.7131083792651616	0.368580926454124	70
1.7131083792651616	0.368580926454124	70
1.7131083792651616	0.368580926454124	70
1.7131083792651616	0.368580926454124	70
1.7104463672304655	0.3689429210221931	72
1.7104463672304655	0.3689429210221931	72
1.7104463672304655	0.3689429210221931	72
1.7104463672304655	0.3689429210221931	72
1.7101467925062905	0.3689837033053178	72
1.7101467925062905	0.3689837033053178	72
1.7101467925062905	0.3689837033053178	72
