10.039889142345721	0.090580619706071	19
9.963013770998206	0.09121579347509548	17
10.039889142345721	0.090580619706071	19
10.039889142345721	0.090580619706071	19
10.039889142345721	0.090580619706071	19
9.503838813998675	0.09520328878878835	21
8.989801059115676	0.10010209353343445	15
8.764011534260868	0.10241692121021236	16
7.817850161193285	0.11340632713412699	26
7.724432809920288	0.11462063171177504	33
7.724432809920288	0.11462063171177504	33
7.377104623600922	0.11937298684114409	31
7.377104623600922	0.11937298684114409	31
7.3355126899728935	0.11996862546954527	28
7.26366667030558	0.12101165740304738	32
6.961945212658078	0.12559744802189518	33
6.961945212658078	0.12559744802189518	33
6.961945212658078	0.12559744802189518	33
6.961945212658078	0.12559744802189518	33
6.849366524405258	0.12739881580135148	37
6.846361719064045	0.12744760384552922	37
6.846361719064045	0.12744760384552922	37
6.798062730513224	0.12823697815190385	37
6.037162051544176	0.14210273867155984	42
5.722970914174363	0.14874376414326765	38
5.521790785106057	0.1533321188842365	42
5.338042928059722	0.15777741036950219	48
5.292734706961263	0.15891342104312167	42
5.265439117873281	0.15960573252516683	54
5.253345676963819	0.15991439649399472	55
5.246692016960016	0.1600847292110705	52
5.246692016960016	0.1600847292110705	52
5.246603008121512	0.16008701028380568	52
5.239388052093487	0.16027212791556897	49
5.241677179897325	0.1602133483001519	51
5.240524624963991	0.1602429379093701	51
5.23303514348554	0.16043548239017238	53
5.23303514348554	0.16043548239017238	53
5.23303514348554	0.16043548239017238	53
5.231039494980417	0.1604868659243096	48
5.218614019470664	0.16080753635279027	37
5.211584677503056	0.16098951425741198	47
5.205409083967813	0.1611497302544618	41
5.205409083967813	0.1611497302544618	41
5.20482727495584	0.16116484080648594	36
5.20482727495584	0.16116484080648594	36
5.201422530266387	0.1612533245589128	37
5.200831605022057	0.1612686916364733	38
5.198785128209158	0.16132193313964766	37
5.194679244651441	0.16142885862305328	36
5.193426652949444	0.16146150685804575	38
5.190746872445013	0.1615313984894126	43
5.014231943345758	0.16627227041125608	65
4.972771153622031	0.1674264716125238	69
4.972771153622031	0.1674264716125238	69
4.972771153622031	0.1674264716125238	69
4.972771153622031	0.1674264716125238	69
4.970564826447546	0.1674883413995179	67
4.930929575841583	0.16860763345990373	67
4.9304860223056854	0.16862024397980366	68
4.925441054284125	0.16876380860746135	68
4.923202629853867	0.16882758576582266	69
4.910768286779663	0.16918274435434272	68
4.903770628892951	0.16938327432743022	68
4.903770628892951	0.16938327432743022	68
4.873324682335373	0.1702613177520396	64
4.873324682335373	0.1702613177520396	64
4.898117421966297	0.1695456242148911	70
4.896808384652746	0.16958326178660263	72
4.8852122985451585	0.16991740472084632	69
4.8852122985451585	0.16991740472084632	69
4.855574079762759	0.17077744835575803	64
4.855574079762759	0.17077744835575803	64
4.855574079762759	0.17077744835575803	64
4.855574079762759	0.17077744835575803	64
4.840517431801522	0.17121770659479868	65
4.83973884006546	0.17124053444636414	61
4.834465804059874	0.17139529711600276	68
4.834465804059874	0.17139529711600276	68
4.829913221612484	0.17152913979796974	64
4.8284646381958  	0.17157177096806575	64
4.819951398197753	0.1718227407035851	64
4.819951398197753	0.1718227407035851	64
4.819951398197753	0.1718227407035851	64
4.819951398197753	0.1718227407035851	64
4.819848481333771	0.17182577917747158	64
4.819848481333771	0.17182577917747158	64
4.819848481333771	0.17182577917747158	64
4.819350702038864	0.1718404769194681	64
4.819350702038864	0.1718404769194681	64
4.817495544265322	0.17189527562006715	65
4.817583032791858	0.1718926905492056	64
4.817583032791858	0.1718926905492056	64
4.817583032791858	0.1718926905492056	64
4.817495544265322	0.17189527562006715	65
4.816292582879631	0.1719308280576392	67
4.816292582879631	0.1719308280576392	67
4.815705951571437	0.17194817075127297	65
4.815705951571437	0.17194817075127297	65
4.815705951571437	0.17194817075127297	65
4.815705951571437	0.17194817075127297	65
