13.017432108912704	0.07133974270252895	43
10.967934308916693	0.08355660836598605	22
10.967934308916693	0.08355660836598605	22
10.967934308916693	0.08355660836598605	22
10.81618858111831	0.08462965812833684	42
10.81618858111831	0.08462965812833684	42
9.833727220714712	0.0923043362295427	20
8.979022804141486	0.10021021292635796	30
8.92465226515848	0.10075919773135061	27
9.050029257962917	0.0995021978874014	31
7.098636769046553	0.12347757141326011	64
7.098636769046553	0.12347757141326011	64
6.998014523097209	0.12503103077796773	31
7.219019210043159	0.12166901846123668	25
7.219019210043159	0.12166901846123668	25
7.2157417405089435	0.12171755534492407	32
7.18193362563297	0.12222049771549424	39
6.662600105954158	0.13050400466846215	29
6.662600105954158	0.13050400466846215	29
6.655591777357846	0.13062347485110123	28
6.655591777357846	0.13062347485110123	28
5.560218310834344	0.15243395152696035	44
5.44702378668935	0.15511033200538507	44
5.326626620904793	0.1580621174475105	38
5.326626620904793	0.1580621174475105	38
5.298722097373396	0.15876236235553332	41
5.21573510920133	0.1608820167577076	44
5.1679033175786575	0.1621296490089231	37
5.161602801781003	0.16229543386194115	45
5.1595962453502215	0.1623483033899963	45
5.151924339661582	0.1625507637590696	44
5.1351596329858085	0.16299494386804217	49
5.1351596329858085	0.16299494386804217	49
5.028393219854005	0.16588168082775098	59
5.028393219854005	0.16588168082775098	59
5.012453196883532	0.16632146101666712	58
4.9069739680494875	0.1692914181455594	43
4.871459184241069	0.17031541370226821	48
4.747102483850476	0.1740007252019655	47
4.459631496918701	0.18316254504802726	57
4.406038810008597	0.1849783242674149	38
4.384918491249839	0.18570383221676215	35
4.376073835482245	0.18600935005765187	39
4.085649064236869	0.19663173517657095	49
4.085649064236869	0.19663173517657095	49
3.6569272464797686	0.2147338678644621	43
3.6569272464797686	0.2147338678644621	43
3.4065559154047773	0.2269345990831804	63
3.2531680187717873	0.23511885624701373	59
3.1920686164917673	0.23854571369990454	57
3.0664597894896075	0.24591414935041386	59
3.0664597894896075	0.24591414935041386	59
3.062441030332358	0.2461574192790652	60
3.01425670504345	0.24911212049384274	63
3.0141216268126936	0.24912050330523328	63
2.989282024034988	0.2506716732422299	61
2.9883551235823815	0.2507299297615679	62
2.9883551235823815	0.2507299297615679	62
2.9833477987568284	0.2510451134375191	63
2.9763211272880588	0.25148874248042	56
2.964800708742687	0.25221948679410894	61
2.9609354316987684	0.25246561506586324	62
2.953821095630783	0.25291989086331246	63
2.95550622409052	0.2528121416949426	62
2.9468318472443014	0.2533677741295731	63
2.93597156454709	0.25406687614499307	65
2.935494760714425	0.2540976575505506	65
2.93517172643555	0.2541185161710319	65
2.9346325924119667	0.25415333617896724	65
2.9176751998948567	0.2552534217300194	67
2.9208650814846706	0.25504575628533005	62
2.9208650814846706	0.25504575628533005	62
2.9147614423083135	0.25544340689387107	69
2.9093078744158554	0.25579975589654064	64
2.9093078744158554	0.25579975589654064	64
2.900004107906591	0.2564099863312121	64
2.899716657390752	0.25642888646917406	64
2.3561674160741335	0.29795891444823897	74
2.3542120923310645	0.2981326083363541	74
2.0593350211742982	0.3268684184892438	73
2.0516910641938213	0.32768716720156416	75
1.9782496159971774	0.3357676920794901	76
1.737310733231755	0.36532206148893026	89
1.7200458664928389	0.3676408594129244	92
1.71489189562028	0.3683387915420208	86
1.7054796930861078	0.3696202202350712	92
1.671596574854511	0.374308010952012	93
1.667535378735316	0.37487787714894416	94
1.658175302498307	0.3761979125530743	94
1.657997587190649	0.3762230653704026	94
1.6542740046738795	0.3767508547494011	94
1.64644871892098	0.3778648695704649	91
1.6415237431819802	0.3785693778377323	93
1.6321805985556475	0.37991314142681865	89
1.6319402423782134	0.37994783616226896	89
1.5779045136977137	0.38791196287003377	90
1.5779045136977137	0.38791196287003377	90
1.577553103053672	0.38796484883872323	90
1.577553103053672	0.38796484883872323	90
1.5685153526641373	0.3893299679765478	87
1.5685153526641373	0.3893299679765478	87
