9.313828795783206	0.09695720375044897	43
8.423365474373018	0.10611919942185356	35
8.113682472392872	0.10972513065154461	29
8.08169525250636	0.11011160055431508	28
6.06553109558758	0.1415321773368883	42
4.3792628860563765	0.18589907598531888	47
4.3353314664184435	0.18742977944185543	40
4.324903185219927	0.1877968415981066	40
4.224328573550984	0.19141215678176582	48
4.224328573550984	0.19141215678176582	48
4.224328573550984	0.19141215678176582	48
4.224328573550984	0.19141215678176582	48
4.223259291440569	0.19145134181615578	48
4.205252961097408	0.19211362204175628	49
4.205252961097408	0.19211362204175628	49
4.204745361933771	0.19213235815795224	48
4.188371091457846	0.19273871941164808	49
4.1619531241328716	0.19372512224585234	48
4.159080784165251	0.19383297952404555	48
4.126584719016578	0.19506163553497813	47
4.126584719016578	0.19506163553497813	47
4.117166334124376	0.19542065563344932	48
4.126553321056233	0.19506283020459608	44
4.126553321056233	0.19506283020459608	44
4.075252294576817	0.1970345397545171	51
4.077672563780128	0.1969406233740167	46
4.077672563780128	0.1969406233740167	46
4.03057589741792	0.1987843977293489	46
4.067852834798571	0.19732222552586148	52
4.011451399607478	0.19954299069493622	44
4.007228792962902	0.19971126572154796	45
4.007228792962902	0.19971126572154796	45
3.9709754061580838	0.20116776252024743	42
3.63121516728522	0.21592605048108612	45
3.627044188916668	0.21612069372394097	45
3.1702298676724987	0.23979493498715052	70
3.1699246873511804	0.2398124846315198	70
2.840986556923183	0.2603497786779677	65
2.6020088093930003	0.2776228634955829	78
2.5570135785236197	0.2811347153797096	74
2.3891964713282556	0.29505518740496367	67
2.322791471941335	0.30095177757746916	72
2.1070587583685287	0.32184779167970595	70
2.080065489202141	0.32466842133900203	65
2.0658411615744128	0.32617475834477555	70
2.001680592155419	0.3331467054200891	63
1.9968770433995116	0.33368069010453916	57
1.9217975697192247	0.34225505913337345	67
1.9139067902983253	0.343181876417406	66
1.886199016185774	0.3464764537691304	82
1.886199016185774	0.3464764537691304	82
1.8674240232748258	0.34874507288877377	70
1.8068009539480785	0.3562774904267395	81
1.74981131027054	0.3636613160564879	90
1.7426716475060873	0.364607991229756	89
1.6613240193636705	0.37575281804246546	88
1.5943939704133412	0.38544647089226747	89
1.5970032038998554	0.3850592092063363	90
1.5287826011738244	0.39544720037848036	89
1.5232031722999522	0.39632163235134144	81
1.5209996859234365	0.39666803831183434	87
1.519243313486105	0.3969445883399843	86
1.511382258422224	0.3981870926444507	90
1.4953074975963003	0.4007522122877793	92
1.4953075895749934	0.4007521975157869	92
1.4953075895749934	0.4007521975157869	92
1.4918513571523029	0.40130804637673245	88
1.4810367281293995	0.4030573141712252	89
1.4804342778709965	0.4031552091185899	83
1.348969099073665	0.42571866968976224	89
1.3479824012475756	0.42589757038581744	90
1.3458588855773745	0.42628310089243704	89
1.3452138486545242	0.4264003474880175	91
1.3410970926349361	0.42715016098477426	91
1.338517597819909	0.4276213276873577	94
1.338517597819909	0.4276213276873577	94
1.312390133916137	0.43245297812547523	94
1.312390133916137	0.43245297812547523	94
1.312390133916137	0.43245297812547523	94
1.2766402418435612	0.4392437512174639	101
1.254508549680893	0.4435556477004896	103
1.2468899226268881	0.4450596310614443	105
1.2290584515491887	0.4486199091392167	105
1.2290584515491887	0.4486199091392167	105
1.2290584515491887	0.4486199091392167	105
1.221342148512716	0.4501782855331598	101
1.2178444488083608	0.4508882489650238	104
1.2064941566948078	0.453207635726504	103
1.2045307593422245	0.4536112711343498	105
1.1977766795889806	0.45500528296943066	103
1.1952832353353153	0.4555220865827167	105
1.1897065969857776	0.45668218809613204	95
1.1895875712985846	0.45670701327872776	103
1.182368312130376	0.45821779689598946	98
1.1810735312158664	0.4584898150786038	96
1.1810735312158664	0.4584898150786038	96
1.175183434572575	0.45973134224263745	94
1.1689265897592667	0.46105755940360893	101
1.1050495394186186	0.47504820255972896	91
1.106477356120333	0.474726204435342	90
1.1050495394186186	0.47504820255972896	91
