8.050290470540848	0.11049369114229543	25
12.354350931253103	0.07488196207722131	38
11.01298018274505	0.08324329057300525	51
11.01298018274505	0.08324329057300525	51
11.13990687510722	0.0823729547753362	37
10.601748704233467	0.08619390278942182	42
7.936863617086399	0.11189607930103118	50
7.405471485082521	0.11897012580135859	40
7.405471485082521	0.11897012580135859	40
7.405471485082521	0.11897012580135859	40
7.137262618542331	0.12289144972675531	40
7.126592691981842	0.12305280182020897	36
6.701347493306295	0.12984740668683764	34
6.701347493306295	0.12984740668683764	34
5.729102958723156	0.14860821808405641	36
5.3678089188216305	0.15703988809153072	39
5.216913519589666	0.16085152171555425	41
5.216913519589666	0.16085152171555425	41
5.216913519589666	0.16085152171555425	41
4.82930773222541	0.17154695650597224	37
4.82930773222541	0.17154695650597224	37
4.824156553098954	0.17169868132543822	36
4.824156553098954	0.17169868132543822	36
4.824156553098954	0.17169868132543822	36
4.824156553098954	0.17169868132543822	36
4.638244097008239	0.17736018214085822	66
4.638244097008239	0.17736018214085822	66
4.638244097008239	0.17736018214085822	66
4.630866058173649	0.17759257451141475	66
4.618337646223388	0.17798859074840293	67
4.172696187352904	0.19332277864007782	54
4.083000675947152	0.1967341859173888	52
3.4088935053651546	0.22681427863546857	38
3.4088935053651546	0.22681427863546857	38
3.407570741114788	0.22688234829035875	38
2.636616046784065	0.2749809127868532	65
2.636616046784065	0.2749809127868532	65
2.5832743037486017	0.2790743647378213	65
2.5832743037486017	0.2790743647378213	65
2.5832743037486017	0.2790743647378213	65
2.511985175864076	0.28473924288531877	59
2.511985175864076	0.28473924288531877	59
2.4156040444078766	0.29277398287346224	64
2.3882752689641893	0.2951354068424625	68
2.209985854651842	0.31152785254515114	68
2.209985854651842	0.31152785254515114	68
2.193453112289826	0.3131406552210069	77
2.1279814127499046	0.31969499432570775	78
2.1279814127499046	0.31969499432570775	78
2.1279814127499046	0.31969499432570775	78
2.1279814127499046	0.31969499432570775	78
2.1279814127499046	0.31969499432570775	78
2.1279814127499046	0.31969499432570775	78
2.1279442433492255	0.3196987932653354	78
2.1170576719624736	0.320815366682134	72
2.0963738252428903	0.32295842053940516	73
2.0928203745470286	0.3233294788891382	71
2.0272027175187755	0.3303379698402368	76
2.074888430033129	0.3252150517829442	75
2.046163836007527	0.3282817516836704	73
2.030707132250064	0.32995599916563956	73
2.030707132250064	0.32995599916563956	73
2.030707132250064	0.32995599916563956	73
2.007509109663252	0.33250107099824183	76
2.007509109663252	0.33250107099824183	76
2.0064201108944073	0.3326215110044953	72
2.0064201108944073	0.3326215110044953	72
2.0046996039941365	0.3328119718426107	72
2.0046996039941365	0.3328119718426107	72
2.0046996039941365	0.3328119718426107	72
1.9918530018536715	0.3342410203243364	83
1.9918530018536715	0.3342410203243364	83
1.9894305014890798	0.3345118742522648	77
1.9857435779242423	0.3349249437874444	85
1.9854765673207253	0.33495489830537717	85
1.9511073321726835	0.33885585559633763	80
1.9511073321726835	0.33885585559633763	80
1.9511073321726835	0.33885585559633763	80
1.9511073321726835	0.33885585559633763	80
1.9511073321726835	0.33885585559633763	80
1.94993817907335	0.33899015480864253	83
1.9486220084851007	0.3391414691752115	84
1.940929398037655	0.3400285639863553	83
1.9157216029137503	0.34296827207394426	86
1.9108264548997576	0.3435450431325827	88
1.9108264548997576	0.3435450431325827	88
1.8732795502367716	0.3480343567397037	88
1.8732795502367716	0.3480343567397037	88
1.8732795502367716	0.3480343567397037	88
1.80375736161137	0.35666424409324843	85
1.80375736161137	0.35666424409324843	85
1.80375736161137	0.35666424409324843	85
1.786979145938735	0.358811439783189	87
1.786979145938735	0.358811439783189	87
1.7838672352379854	0.3592125326028749	86
1.7838672352379854	0.3592125326028749	86
1.7838672352379854	0.3592125326028749	86
1.7813725654481714	0.35953471765076783	89
1.7813725654481714	0.35953471765076783	89
1.7754269287398998	0.36030492809768205	84
1.7754269287398998	0.36030492809768205	84
