23395.679771365045	4.2741107275566925E-5	0
23395.679771365045	4.2741107275566925E-5	0
33112.04331055134	3.019957998488632E-5	0
33112.04331055134	3.019957998488632E-5	0
33112.04331055134	3.019957998488632E-5	0
15906.196228442137	6.286462967068927E-5	0
15906.196228442137	6.286462967068927E-5	0
15906.196228442137	6.286462967068927E-5	0
15906.196228442137	6.286462967068927E-5	0
3505.1084990124946	2.852165015091954E-4	0
3505.1084990124946	2.852165015091954E-4	0
531.4350722597211	0.0018781632768026997	199
531.4350722597211	0.0018781632768026997	199
531.4350722597211	0.0018781632768026997	199
531.4350722597211	0.0018781632768026997	199
531.4350722597211	0.0018781632768026997	199
531.4350722597211	0.0018781632768026997	199
531.4350722597211	0.0018781632768026997	199
531.4350722597211	0.0018781632768026997	199
531.4350722597211	0.0018781632768026997	199
531.4350722597211	0.0018781632768026997	199
531.4350722597211	0.0018781632768026997	199
531.4350722597211	0.0018781632768026997	199
531.4350722597211	0.0018781632768026997	199
531.4350722597211	0.0018781632768026997	199
531.4350722597211	0.0018781632768026997	199
531.4350722597211	0.0018781632768026997	199
531.4350722597211	0.0018781632768026997	199
531.4350722597211	0.0018781632768026997	199
531.4350722597211	0.0018781632768026997	199
531.4350722597211	0.0018781632768026997	199
531.4350722597211	0.0018781632768026997	199
531.4350722597211	0.0018781632768026997	199
531.4350722597211	0.0018781632768026997	199
531.4350722597211	0.0018781632768026997	199
531.4350722597211	0.0018781632768026997	199
531.4350722597211	0.0018781632768026997	199
531.4350722597211	0.0018781632768026997	199
531.4350722597211	0.0018781632768026997	199
531.4350722597211	0.0018781632768026997	199
531.4350722597211	0.0018781632768026997	199
531.4350722597211	0.0018781632768026997	199
531.4350722597211	0.0018781632768026997	199
531.4350722597211	0.0018781632768026997	199
531.4350722597211	0.0018781632768026997	199
531.4350722597211	0.0018781632768026997	199
531.4350722597211	0.0018781632768026997	199
531.4350722597211	0.0018781632768026997	199
531.4350722597211	0.0018781632768026997	199
531.4350722597211	0.0018781632768026997	199
531.4350722597211	0.0018781632768026997	199
531.4350722597211	0.0018781632768026997	199
