3868.571782127549	2.5842652787027117E-4	0
1350.5717821275482	7.39879311793467E-4	0
3818.4171795029956	2.6182005080946033E-4	0
3868.571782127549	2.5842652787027117E-4	0
1300.4171795030013	7.683931146366843E-4	6
1300.4171795030013	7.683931146366843E-4	6
6386.571782127536	1.5655401365476722E-4	0
1509.8325233471558	6.618867310220209E-4	0
1027.6248942696284	9.721716882129774E-4	64
1027.6248942696284	9.721716882129774E-4	64
954.9110246616253	0.0010461224676783923	93
954.9110246616253	0.0010461224676783923	93
954.9110246616253	0.0010461224676783923	93
954.9110246616253	0.0010461224676783923	93
954.9110246616253	0.0010461224676783923	93
954.9110246616253	0.0010461224676783923	93
954.9110246616253	0.0010461224676783923	93
954.9110246616253	0.0010461224676783923	93
954.9110246616253	0.0010461224676783923	93
954.9110246616253	0.0010461224676783923	93
954.9110246616253	0.0010461224676783923	93
954.9110246616253	0.0010461224676783923	93
954.9110246616253	0.0010461224676783923	93
954.9110246616253	0.0010461224676783923	93
954.9110246616253	0.0010461224676783923	93
954.9110246616253	0.0010461224676783923	93
954.9110246616253	0.0010461224676783923	93
954.9110246616253	0.0010461224676783923	93
954.9110246616253	0.0010461224676783923	93
954.9110246616253	0.0010461224676783923	93
954.9110246616253	0.0010461224676783923	93
954.9110246616253	0.0010461224676783923	93
954.9110246616253	0.0010461224676783923	93
954.9110246616253	0.0010461224676783923	93
954.9110246616253	0.0010461224676783923	93
954.9110246616253	0.0010461224676783923	93
954.9110246616253	0.0010461224676783923	93
954.9110246616253	0.0010461224676783923	93
954.9110246616253	0.0010461224676783923	93
954.9110246616253	0.0010461224676783923	93
954.9110246616253	0.0010461224676783923	93
954.9110246616253	0.0010461224676783923	93
954.9110246616253	0.0010461224676783923	93
954.9110246616253	0.0010461224676783923	93
954.9110246616253	0.0010461224676783923	93
954.9110246616253	0.0010461224676783923	93
954.9110246616253	0.0010461224676783923	93
1597.4982843882087	6.255871587517711E-4	0
954.9110246616253	0.0010461224676783923	93
954.9110246616253	0.0010461224676783923	93
954.9110246616253	0.0010461224676783923	93
954.9110246616253	0.0010461224676783923	93
