455.71950324530076	0.0021895276923676876	277
448.0716439620851	0.0022268161738674143	299
441.6524629949715	0.0022591086317108326	158
439.5526042455303	0.002269876492303463	158
439.5526042455303	0.002269876492303463	158
448.0716439620851	0.0022268161738674143	299
448.0716439620851	0.0022268161738674143	299
448.0716439620851	0.0022268161738674143	299
448.0716439620851	0.0022268161738674143	299
448.0716439620851	0.0022268161738674143	299
448.0716439620851	0.0022268161738674143	299
448.0716439620851	0.0022268161738674143	299
448.0716439620851	0.0022268161738674143	299
448.0716439620851	0.0022268161738674143	299
448.0716439620851	0.0022268161738674143	299
448.0716439620851	0.0022268161738674143	299
448.0716439620851	0.0022268161738674143	299
448.0716439620851	0.0022268161738674143	299
448.0716439620851	0.0022268161738674143	299
448.0716439620851	0.0022268161738674143	299
448.0716439620851	0.0022268161738674143	299
448.0716439620851	0.0022268161738674143	299
448.0716439620851	0.0022268161738674143	299
448.0716439620851	0.0022268161738674143	299
448.0716439620851	0.0022268161738674143	299
448.0716439620851	0.0022268161738674143	299
448.0716439620851	0.0022268161738674143	299
448.0716439620851	0.0022268161738674143	299
448.0716439620851	0.0022268161738674143	299
448.0716439620851	0.0022268161738674143	299
448.0716439620851	0.0022268161738674143	299
448.0716439620851	0.0022268161738674143	299
448.0716439620851	0.0022268161738674143	299
448.0716439620851	0.0022268161738674143	299
448.0716439620851	0.0022268161738674143	299
448.0716439620851	0.0022268161738674143	299
448.0716439620851	0.0022268161738674143	299
448.0716439620851	0.0022268161738674143	299
448.0716439620851	0.0022268161738674143	299
448.0716439620851	0.0022268161738674143	299
448.0716439620851	0.0022268161738674143	299
448.0716439620851	0.0022268161738674143	299
448.0716439620851	0.0022268161738674143	299
448.0716439620851	0.0022268161738674143	299
448.0716439620851	0.0022268161738674143	299
448.0716439620851	0.0022268161738674143	299
448.0716439620851	0.0022268161738674143	299
448.0716439620851	0.0022268161738674143	299
448.0716439620851	0.0022268161738674143	299
448.0716439620851	0.0022268161738674143	299
448.0716439620851	0.0022268161738674143	299
439.5526042455303	0.002269876492303463	158
