0.9968345216338435
1.02078983614305
1.046067653744032
1.0731857746334899
1.1025004405697787
1.1335963865992142
0.021793424244828545
0.045312656181252006
0.07039862300123513
0.09722906840270414
0.12608244374142663
0.15711576691655482
0.1905771956551675
0.2269712633859774
0.26651753860681227
0.30952620168624934
0.35689861887543756
0.4090445626911235
0.4663212747460075
0.5303049536903899
0.601914123255197
0.6815734302155171
0.7720193597606925
0.8754459755086775
0.9925732695897906
1.1282914219185802
1.288018207168806
1.4739191056362553
1.6957099734446195
