0.8857053067887698
0.8868866321636505
0.8880357545245159
0.8891542789090114
0.8902436880508392
0.8913053544531473
0.8923405510118338
0.8933504603922522
0.8943361833303227
0.8952987460023651
0.8962391065859124
0.8971581611154896
0.8980567487221033
0.8989356563324519
0.8997956228931778
0.9006373431764604
0.9014614712156398
0.9022686234130869
0.9030593813570366
0.9038342943793939
0.9045938818825053
0.9053386354594175
0.906069020829176
0.9067854796061386
0.9074884309200464
0.9081782729016667
0.9088553840471323
0.9095201244726359
0.9101728370698513
