0.8611739807114457
0.8578305400173571
0.8539303898416375
0.8495557700100359
0.8447291674774158
0.8394189000790886
0.8336799041781312
0.8276208226777265
0.821235371821641
0.8146113676136227
0.8078496158045176
0.8010104661918497
0.7941845851528282
0.7874487046065376
0.7808897619242668
0.7745964161119088
0.768597963943727
0.7629719655168729
0.7577913106763554
0.7530643553075088
0.7487750806292693
0.7450126600470259
0.7417639035436392
0.7389361558678059
0.736623877183938
0.7347984788673075
0.7333102000661602
0.7322774450918201
0.7316464765235294
