0.02946800340057151
0.03148317285964573
0.03632307166671375
0.040809804793428876
0.04500338344761484
0.04896396054029588
0.052704225651415776
0.05627202821468283
0.05971537312659796
0.06303763276378344
0.06626780017236668
0.06944256970579861
0.07256213014750139
0.07564806103078663
0.07871797426164485
0.0817795449752191
0.08484502030045868
0.08792268416213998
0.09102194773206698
0.0941524944579809
0.09731643562061489
0.10052181177701541
0.10377794200814563
0.10708748698440769
0.11045242485245248
0.1138833264615519
0.11738047343544726
0.12094728062778332
0.1245926769558303
0.12831598796461627
0.1321196824587999
0.13601111142231406
0.13999144746161066
0.1440623889745818
0.14822796302682217
0.152488139153067
0.15684886061930262
0.1613080602603882
0.16586910815053982
0.17053906862980053
0.1753075737810083
0.18017059032421517
0.18514555207492478
0.19022815670746518
0.19540271368875267
0.20068231731576655
0.20606503967366274
0.2115221435944524
0.21709685441306567
0.22275486730719066
0.22846169306618927
0.23428170359475314
0.24017676779914365
0.24609950745707734
0.25208957265025933
0.25817550997276856
0.2642695672389073
0.270360239988766
0.27653789030168746
0.28270103221948134
0.2888703969352456
0.2950823343536218
0.3012568897370272
0.3073760170628655
0.31350198285946224
0.31961445515908515
0.3256440858455704
0.33171454998261346
0.33769204203134795
0.3435344539001382
0.349443209483418
0.3552402740165324
0.36089539536846765
0.3666036665149583
0.3722058935165008
0.37765313360462827
0.38313265966957316
0.388546766913891
0.39380278828108106
0.3989783719884906
0.4042056008185501
0.40926253424696357
0.414155084912369
0.41907144135275054
0.42386548990869205
0.42851954828311656
0.4331660219088516
0.4376188661462272
0.44184103739930825
0.4460583205925888
0.45003718091096767
0.4537324897433726
0.4572986998342231
0.4606608761662502
0.4636357695756384
0.46633257094295616
0.4687742618073055
0.47074008984136984
0.47234780728872233
0.47354093492137844
0.47419012271006966
0.4744007866999602
0.47410113061610243
0.4731697953867389
0.47160505651602475
0.46950296911612727
0.4667274067426025
0.4632719108016502
0.45921627887209493
0.4544486666625128
0.4489745638859671
0.4428676421316506
0.4361297726211366
0.42873049676049113
0.42072526678614297
0.41215148717035655
0.4030338037655539
0.3934308028906647
0.38334781648222155
0.3728876652838109
0.3621251782481144
0.35099212997128076
0.3397013593901042
0.32830175062912015
0.31672173104338086
0.3051758521342248
0.2936430353333104
0.28210338933866513
0.3833315727225065
0.3823159952758897
0.3813831806511154
0.38055518754046574
0.3798730544416827
0.37923390055009004
0.3786926393321654
0.37829651224612404
0.3778447822767805
0.3774869618961957
0.377256058303353
0.37692399212358285
0.376648315532988
0.3764813139008982
0.376208390297148
0.3759203928798085
0.375712370746313
0.3754996405297189
0.3751290243652383
0.3748328629236606
0.37460039628008585
0.37421716025023094
0.37383853028066183
0.3734578217544406
0.37291297334626144
0.3724302963000129
0.3720269824646024
0.37141430963175853
0.3708036485915521
0.3702779236903683
0.3696752803776064
0.3689061366136174
0.3682680749543293
0.3676487058973161
0.366805558994829
0.36611573879846504
0.36547172539993455
0.3646460994204494
0.36397205725242304
0.3632482543502761
0.36250074153527134
0.3619017513882979
0.36131928294365556
0.3605996616882083
0.3600914168707066
0.35981173255534676
0.3594238018868502
0.3591345262307484
0.3590866297579529
0.3591179904161077
0.3592659116818172
0.3597536668654046
0.36022495128056786
0.36100794658241775
0.362254608302437
0.3635101041179384
0.3651473971445074
0.3673448867225453
0.3697168159971976
0.3724567849805124
0.3758154230277129
0.3797119144916845
0.3838839093279716
0.38880937660085385
0.3944957533586482
0.40064475505606323
0.40756650910988906
0.4152708300472044
0.4235828826214292
0.4328656720489088
0.4431475771771594
0.4541041663567714
0.4659928700317464
0.4789208916614735
0.4927250716728583
0.5072938175857373
0.5228495980541378
0.6106038010182103
0.6186377087285796
0.6272425791849056
0.6363717178918131
0.6459416357784649
0.6559781507752764
0.6664021549347751
0.6771459426145493
0.6881516261390789
0.6993354351540402
0.7106243059641861
0.7219180449485044
0.7331148710636956
0.7441604574374678
0.7549608751110839
0.7654180822766408
0.7755203133500976
0.7851483644076389
0.794229931081418
0.802851514353956
0.8108787903317505
0.8182836437754191
0.8251917410479827
0.831505584345016
0.8372128294566722
0.8424600576295063
0.8471775974313611
0.8513474594543881
0.8551126350585299
0.8584774445072738
0.8613818874263522
0.8638527956571198
0.8660234259090338
0.8677901477894133
0.8691755071608851
0.8702604013301648
0.8709403312882411
0.8711966693889149
0.8710862382678872
0.8705993840302283
0.8696388289510273
0.8682468680051455
0.8664014268258147
0.8640146710102413
