0.7823787857027992
0.7777281295498574
0.7718107033360799
0.7644435842658038
0.7554400861811191
0.7446151069987462
0.7317915550972214
0.7168077356491022
0.6995254772099355
0.6798386707322669
0.6576817873038014
0.6330378497272705
0.6059452705919433
0.5765029496698111
0.5448730579446349
0.5112810312820624
0.47601245371492346
0.43940672025337435
0.40184761516544254
0.36375119963903496
0.3255516439547217
0.2876858345704339
0.2505777106409626
0.2157760102129883
0.7723016089745557
0.7727514425696514
0.7732457164238135
0.7737421276103646
0.7742206018906137
