-0.07270591967399063
-0.044258159587489965
0.04065631312688623
0.09725810686015587
0.10129190097223863
0.08328868523159086
0.0741526918469131
0.08174131475744642
0.10032827657264243
0.12063340827052943
0.13290787715782848
0.13322164794608723
0.12809098444650435
0.1276392965822933
0.13451506408361047
0.14301071082346326
0.14748971889106388
0.14738380811550444
0.1572538087558289
0.15429210636784713
0.15087210260268752
0.1420315228282717
0.12845630477618597
0.1164405205220937
0.11167250949752536
0.1125980400432373
0.11203900416124868
0.10704635258730236
0.1038065706584122
0.10962594721386879
0.12421210495922584
0.1403615735114767
0.149535557374029
0.1479303748025539
0.13932689984743823
0.1317772704854305
0.1314837840189651
0.13878245484783497
0.14732912576825485
0.15052774794463575
0.15032377837251232
0.15441754551484482
0.16667349000297424
0.1842551187257889
0.20004760531566534
0.2075752193241544
0.20657009963813766
0.20298117089790488
0.20368821896187372
0.21177326900978063
0.2240441997514578
0.23299052918134316
0.23517990123790797
0.2355940032929293
0.24139883287441052
0.2545534525995768
0.27063023573097383
0.28252986005533437
0.28658186807844926
0.28553208926867124
0.2858099631327118
0.2922820286635666
0.30437484574382906
0.31605357058083067
0.3214255214340893
0.32097284049199976
0.3208559516693479
0.3263514052862127
0.33692138970754726
0.3472988234367491
0.35269290543532794
0.3527893034522969
0.3514888552668026
0.35360865961916643
0.36085375366973726
0.37011562179498236
0.37618073918814277
0.37664325974536794
0.37401693119967405
0.3732117142640441
0.3767068298071254
0.3824184560010323
0.3863366705557892
0.3864295447137738
0.3839678720285078
0.38228713610275966
0.38406921812837064
0.38886989544496786
0.3933660317325734
0.3943707037733178
0.3916342481356506
0.3880269969097939
0.38684937352554183
0.38861420026107996
0.39085872252223547
0.3908824039970081
0.38812461547871707
0.3843960513072125
0.38233652959923436
0.3831201090798621
0.38531408215103896
0.38608656279022574
0.3837495229765819
0.3793329779889036
0.3756791496940634
0.3746917558066383
0.37559245240110867
0.37591751384028
0.37392071960028284
0.37001039601650726
0.36619979528103874
0.36425938068462793
0.36420951246324634
0.36432272647187713
0.36263818418104576
0.35885705869975
0.35473329572160484
0.35236325630684545
0.3522305646121354
0.3529421832885624
0.3525941784919972
0.3504719340666851
0.3475115792959611
0.34518230477779444
0.3441456496640849
0.3438475368702047
0.3430312054006702
0.34091442809906725
0.33810082738866265
0.3360285293809363
0.335574986797153
0.3364109425191629
0.3373792469555531
0.33746370542163895
0.33662834193421926
0.3356060000389714
0.3756852865550523
0.3757901433267164
0.37631873076702194
0.3759117720940381
0.37416690599787455
0.37206261845242145
0.37092754443398646
0.37123159488027274
0.37227983195945524
0.3728469621615692
0.37230781660943374
0.3711892325965075
0.37052692668477716
0.37090975518347874
0.37207785484728934
0.37312924068914843
0.37327560066738563
0.3726509485933596
0.37221430070862077
0.3728199301362735
0.374477083639488
0.37635167427277894
0.37749490214683795
0.3777485401502488
0.37785249791778985
0.3786790237991933
0.38050361429196855
0.3828139965808807
0.3469420039865066
0.34732170807924473
0.34758455899781004
0.3483805507551974
0.35008677172630426
0.3525066106179179
0.35499477393837603
0.35701425827128735
0.3586162223457135
0.3602901852179777
0.36244080891924585
0.36503685943954
0.3676298249742094
0.36976956331214195
0.3715377470766612
0.3736279825615134
0.37687152529716267
0.38178690411155336
0.3890933498723721
0.3913016493049258
0.40008868540247183
0.4087579080437778
0.41790530836152046
0.42776628158811864
0.4380113425906826
0.44803196431097014
0.45749485724834016
0.4666735349608836
0.4762163000476415
0.48654933680958234
0.4974714874522184
0.5083297160488361
0.5186228897420871
0.5284395887706332
0.5383177942022005
0.5487159618314555
0.5596069928754006
0.5705228695519652
0.5809766367075043
0.5908889450168826
0.6006502775270078
0.6107560894239422
0.621331987103842
0.6320010491131357
0.6422347174479093
0.6518396923390559
0.6611091533552402
0.6705259608045078
0.6803215921503083
0.6902900355588582
0.699992454322615
0.709144675980259
0.7178532108567164
0.7265072110101205
0.7354106050227373
0.7444833468336305
0.7533282417417303
0.7616045170120596
0.7693397611853043
0.7768891876059745
0.784600725729999
0.7925087243684084
0.8003248145181472
0.8077057385881228
0.8145507904844386
0.8210811514071801
0.8276349853250677
0.8343526486359248
0.8410437377730456
0.8473695446833949
0.8531669749812231
0.858598478472125
0.863989888509451
0.8695264556125485
0.8750963220195125
0.8804042144800597
0.8852352211600151
0.8896394513862284
0.8938836606599405
0.8982137045842784
0.9026404896171719
0.906944431447673
0.9108954246491434
0.9144785204028513
0.9179030448133851
