0.8688854401968841
0.8742149030584919
0.880294648811086
0.8863515251524854
0.8921794000671218
0.8971211418397063
0.9038527258354234
0.909073752745396
0.9159257010729959
0.9215919955426322
0.9279025987851789
0.9330265268168809
0.9396345134813491
0.9459294887912254
0.9522665553975916
0.9579740202108431
0.9642786914056484
0.9705953588762256
0.9765549611042178
0.9822043667513085
-0.011223857896089514
-0.004827389190057353
0.001259707910966839
0.006956441792413233
0.013315097492517934
0.01955095772201254
0.02474470109005026
0.030755005152149024
0.037486078361052146
