1.0864250663005934
1.1037020004091869
1.1208974375406193
1.1379627322461938
1.1548460385320523
1.171492393489791
1.1878438461171281
1.203839635591317
1.219416422940803
1.2345085795916442
1.2490485356320333
1.2629671898301378
1.2761943824535043
1.2886594307724502
1.3002917257941597
1.3110213872848542
1.3207799725194977
1.3295012324878706
1.337121907526148
1.3435825525890515
1.348828380689885
1.3528101114831632
1.3554848106179276
1.3568167044221138
1.356777953758707
1.3553493705853281
1.3525210609021647
1.3482929784250048
1.342675374488673
