0.9259180403248473
0.9297700463876917
0.9334290719427087
0.9368939093981976
0.9401634875229151
0.9432368695112603
0.9461132509898533
0.9487919579695978
0.9512724447471977
0.9535542917599796
0.9556372033977649
0.9575210057754104
0.9592056444695344
0.9606911822228182
0.9619777966191773
0.963065777732974
0.9639555257553419
0.9646475486005887
0.9651424594955216
0.9654409745544669
0.9655439103426184
0.9654521814302772
0.9651667979404328
0.9646888630920446
0.9640195707412846
0.9631602029229126
0.9621121273938729
0.9608767951810859
0.9594557381353632
