0.08964443305552888
0.0837430819337084
0.07376135254103822
0.06443434915931394
0.057208778446957605
0.05232060301655584
0.04957602557303508
0.04865851472762347
0.0492473550395994
0.05105870083841827
0.05385504423870656
0.0574425960418593
0.061664831985442516
0.06639556342727809
0.07153276262082275
0.07699346912134562
0.08270974454990637
0.08862552169693079
0.0946941725284599
0.10087663623866422
0.10713997617810776
0.11345626227626632
0.11980169956497719
0.12615594273752362
0.1325015516846149
0.13882355435157165
0.14510909181447557
0.1513471268395693
0.1575282019082032
0.16364423617866802
0.1696883534354131
0.17565473498442147
0.181538492868248
0.18733555982623962
0.19304259321090356
0.19865689066073422
0.2041763157747045
0.20959923237186895
0.21492444617878742
0.220151152988064
0.22527889248805572
0.23030750708771683
0.23523710515960686
0.24006802820427772
0.2448008215049645
0.2494362078959605
0.2539750643137593
0.25841840083877493
0.2627673419686051
0.26702310989243905
0.2711870095611252
0.27526041536923607
0.2792447592846975
0.28314152027854483
0.28695221492249573
0.290678389035478
0.29432161027228215
0.2978834615582779
0.30136553528377175
0.3047694281802575
0.30809673680858196
0.311349053596052
0.3145279633657976
0.3176350403073711
0.32067184534266246
0.3236399238457953
0.3265408036798111
0.3293759935166616
0.3321469814103904
0.33485523359639874
0.3375021934924194
0.3400892808792582
0.34261789124158615
0.34508939525104115
0.34750513837569447
0.34986644060154803
0.3521745962531808
0.3544308739019772
0.35663651635153587
0.3587927406909348
0.36090073840747383
0.36296167555138154
0.36497669294574725
0.36694690643564215
0.36887340717101674
0.37075726191853364
0.37259951339800296
0.37440118063954797
0.37616325935804545
0.37788672234175097
0.37957251985236434
0.38122158003408513
0.3828348093294844
0.38441309290026243
0.3859572950511832
0.3874682596556706
0.3889468105817393
0.390393752117081
0.3918098693922791
0.39319592880125376
0.39455267841815145
0.39588084841000004
0.39718115144454536
0.39845428309276404
0.39970092222563086
0.40092173140477316
0.4021173572667232
0.403288430900512
0.4044355682184128
0.40555937031967976
0.40666042384715867
0.4077393013366933
0.4087965615592666
0.40983274985585477
0.4108483984649897
0.411844026843042
0.41282014197726524
0.4137772386916482
0.41471579994564073
0.41563629712582834
0.4165391903306439
0.41742492864821057
0.41829395042741774
0.41914668354233997
0.41998354565011636
0.4208049444424012
0.4216112778905168
0.42240293448442723
0.42318029346566166
0.42394372505431677
0.42469359067026347
0.4254302431486929
0.42615402695012466
0.42686527836501426
0.42756432571307945
0.4282514895374791
0.428927082793969
0.42959141103515913
0.4302447725899953
0.4308874587385863
0.43151975388249897
0.43214193571063275
0.43275427536079636
0.4333570375770934
0.433950480863231
0.43453485763186217
0.4351104143500605
0.43567739168104047
0.43623602462222133
0.43678654263972816
0.43732916979943776
0.43786412489465476
0.4383916215705145
0.4389118684452003
0.43942506922806746
0.4399314228347494
0.44043112349934144
0.4409243608837318
0.44141132018416657
0.4418921822351194
0.44236712361054464
0.44283631672258256
0.4432999299177898
0.4437581275709623
0.4442110701766159
0.44465891443819083
0.4451018133550434
0.44553991630728207
0.44597336913851154
0.44640231423653987
0.4468268906121027
0.4472472339756648
0.4476634768123424
0.4480757484550074
0.4484841751556131
0.44888888015479844
0.44928998374981044
0.4496876033607954
0.45008185359549713
0.4504728463124129
0.450860690682439
0.4512454932490541
0.45162735798707465
0.4520063863600236
0.45238267737614435
0.45275632764310153
0.453127431421399
0.45349608067655006
0.45386236513003236
0.4542263723090604
0.4545881875952019
0.4549478942718773
0.4553055735707568
0.4556613047171007
0.45601516497405353
0.45636722968593024
0.45671757232051624
0.4570662645104025
0.4574133760933891
0.45775897515197056
0.5699493486510883
0.6523698275287984
0.6525708123497764
0.6527729690275871
0.6529762869736293
0.6531807551988073
0.6533863623365231
0.6535930966648485
0.6538009461279002
0.654009898356447
0.654219940687767
0.6544310601847789
0.6546432436544748
0.6548564776656668
0.6550707485660765
0.6552860424987849
0.6555023454180592
0.6557196431045833
0.6559379211801027
0.6561571651215085
0.6563773602743739
0.6565984918659628
0.6568205450177261
0.657043504757304
0.6572673560300459
0.6574920837100685
0.6577176726108632
0.6579441074954697
0.6581713730862279
0.6583994540741231
0.6586283351277393
0.6588580009018279
0.6590884360455127
0.6593196252101359
0.6595515530567614
0.6597842042633447
0.6600175635315825
0.6602516155934496
0.6604863452174388
0.6607217372145071
0.660957776443746
0.661194447817777
0.66143173630789
0.6616696269489267
0.6619081048439228
0.6621471551685129
0.6623867631751121
0.662626914196875
0.6628675936514481
