0.05532953496805078
0.06015911060653226
0.06320932289813541
0.06482083252031828
0.06534941724703046
0.06512074960032199
0.06441495199247299
0.06346431412525928
0.06245640427738671
0.06153913093586516
0.06082624477865763
0.06040262949066314
0.06032911752783238
0.06064674527185374
0.061380444532707155
0.06254220460440707
0.06413375437236754
0.06614881845498181
0.06857500054102557
0.07139534374654882
0.0745896133974262
0.07813534289370802
0.08200867861602457
0.08618505538791622
0.09063972990375639
0.09534819580647438
0.10028650075843581
0.1054314828813733
0.11076094132654073
0.11625375344867497
0.12188994906887549
0.12765075059347725
0.13351858628007154
0.13947708268077963
0.14551104122109726
0.15160640296624903
0.15775020486432872
0.16393053011685968
0.17013645479516526
0.17635799237958422
0.18258603753429423
0.18881231013146688
0.19502930029423945
0.2012302150296763
0.20740892686288037
0.21355992475517238
0.2196782674873085
0.22575953960839834
0.23179980998859373
0.23779559296551364
0.2437438120380061
0.24964176603395125
0.2554870976595615
0.26127776432441896
0.2670120111281121
0.27268834588971386
0.2783055160996294
0.28386248767390715
0.2893584253933083
0.2947926749129135
0.3001647462323743
0.3054742985218811
0.3107211262042272
0.3159051461988837
0.3210263862395947
0.3260849741825528
0.33108112822768015
0.3360151479807965
0.34088740628956016
0.3456983417908831
0.3504484521121215
0.35513828767267486
0.3597684460366919
0.3643395667713958
0.3688523267690956
0.3733074359942625
0.37770563362012716
0.3820476845221066
0.3863343760980088
0.39056651538739984
0.39474492646477477
0.39887044808325167
0.4029439315474091
0.4069662387956594
0.4109382406741666
0.4148608153857897
0.41873484709892306
0.42256122470233237
0.4263408406932566
0.4300745901870829
0.433763370037879
0.4374080780599487
0.4410096123413887
0.444568870641366
0.448086749863519
0.45156414559849767
0.4550019517292465
0.4584010600931326
0.4617623601955113
0.4650867389697587
0.4683750805791863
0.47162826625662524
0.4748471741778029
0.47803267936492183
0.4811856536171481
0.4843069654649454
0.48739748014544554
0.4904580595962273
0.49348956246508413
0.3562796535806375
0.36050837330891816
0.3646816706740395
0.3688019552490537
0.3728715549483365
0.37689272056807127
0.38086763001764107
0.38479839226480667
0.3886870510154871
0.392535588147067
0.39634592691247017
0.40011993493071524
0.40385942697827537
0.40756616759429926
0.41124187351163466
0.41488821592452585
0.4185068226029411
0.4220992798625952
0.42566713439896575
0.4292118949928725
0.4327350340945202
0.4362379892923136
0.4397221646721762
0.4431889320726124
0.4466396322402465
0.4500755758901652
0.45349804467495125
0.45690829206593647
0.4603075441498407
0.4636970003436251
0.4670778340300843
0.47045119311640976
0.4738182005176655
0.47717995456686957
0.48053752935310723
0.48389197498886966
0.48724431780757343
0.4905955604919842
0.27894969238494416
0.2822558383319813
0.28553897630806585
0.2888011497568586
0.29204436025481834
0.29527056923201783
0.29848169956712717
0.30167963706360107
0.3048662318136081
0.3080432994558199
0.31121262233278435
0.31437595055322504
0.31753500296429826
0.32069146803851517
0.32384700467975047
0.32700324295252525
0.33016178473846775
0.3333242043236665
0.33649204892039636
0.3396668391265078
0.34285006932557754
0.34604320803072947
0.3492476981748751
0.3524649573499231
0.35569637799736287
0.358943327552421
0.36220714854383784
0.3654891586511085
0.36879065072083883
0.37211289274365367
0.375457127792884
0.3788245739259792
0.38221642404935363
0.3856338457470443
0.38907798107321895
0.39254994630821016
0.3960508316772851
0.3995817010308801
0.40314359148447165
0.40673751301558086
0.41036444801469135
0.4140253507859779
0.4177211469927703
0.4214527330415078
0.4252209753966265
0.4290267098172518
0.43287074050477514
0.43675383914826404
0.440676743852194
0.4446401579280586
0.4486447485280121
0.45269114509462693
0.45677993759607066
0.4609116745102994
0.4650868605151092
0.46930595383273727
0.4735693631680315
0.4778774441674857
0.5879559279539689
0.5912655755482614
0.5946203869444985
0.5980207240000704
0.6014668826261172
0.6049590850758568
0.608497470912239
0.6120820863868337
0.6157128719009418
0.6193896471434011
0.623112093402878
0.6268797324295569
0.6306919010640729
0.634547720649425
0.6384460599796616
0.6423854901972904
0.6463642296016848
0.6503800757342666
0.6544303213081035
0.6585116494713165
0.6626200024222383
0.6667504153642455
0.6708968049542714
0.6750516973924432
0.6792058755570343
0.6833479162319206
0.6874635761124769
0.691534966660567
0.6955394292854705
0.6994479774343182
0.703223099952946
0.7068156006754391
0.7101599456313955
0.7131672298535889
0.715714215299535
0.7176256200808713
0.7186442555290435
0.718378007568934
0.71619954231373
0.7110408438802388
0.7009270108211303
0.6817697148440268
0.7077009271519414
0.6769714207752372
