0.0470135906262125
0.060328896731459816
0.06844841691581183
0.06541850280924395
0.0597887062836275
0.07629646213434665
0.08481973776601072
0.09034762448555238
0.09768976705102962
0.09635808889502692
0.07986339674911463
0.07465891698308728
0.08595434337881697
0.0938856535695237
0.10547253365549139
0.12794927834558473
0.1390039084947039
0.14163638999283035
0.1410182971104945
0.13510629802562182
0.12002040324711102
0.1094164701938132
0.10922805142652739
0.09983830776354856
0.09324901661180728
0.10338320684994297
0.1050061518897546
0.10241078101335942
0.12506689209068256
0.14800454637334856
0.15720016151907312
0.17887963599924764
0.17390639318900683
0.15874449865512355
0.13998159374577174
0.11553819204214547
0.10133530310110424
0.10198195851788205
0.11398122423866083
0.11738275845471328
0.14711698756550154
0.1732914810495068
0.19628442307774244
0.21641634582014285
0.24022152901845142
0.25537098571724076
0.25914535863349825
0.26186906220560935
0.27282336622137443
0.273589961607829
0.27511632289063054
0.2785434072813257
0.2833362886791919
0.2654570060732188
0.25645386849106233
0.2377240541476476
0.22014535746668243
0.21097202873106516
0.21478519832916762
0.23394845293184088
0.26525982959586314
0.3004569202376945
0.3261147238170394
0.35079670943799685
0.3575185997360744
0.36186816473998923
0.3542579808151097
0.34578816105364396
0.337209911882246
0.32712649280194633
0.31486219032307994
0.3061448218948832
0.2946941545499416
0.29175134350822296
0.3089262910426243
0.326104744387607
0.3470298835444277
0.3574691873370479
0.36037690702966046
0.34220096479138806
0.31894726156919945
0.30036318327232603
0.28615177208519404
0.2982507657528177
0.32377300372135726
0.34913622933495436
0.3755370772885197
0.41428129202738884
0.41864867482009044
0.41977142115792315
0.41888774202192103
0.41549011931693414
0.4055835422249009
0.4186099036249847
0.4315888486007573
0.4603218378280246
0.5075673558231492
0.5560831955920125
0.5949379039040807
0.6346076245932161
0.642297554529525
0.6141667759594615
0.5915722418111394
0.5575011515057066
0.49443635384971557
0.43841533341150374
0.4036018241644292
0.3679280769393765
0.3299495220581513
0.3204476038363063
0.33049852450979783
0.3467824818046772
0.33882751572831526
0.35520958423630244
0.38619193295185755
0.4092103511634382
0.3965756216481447
0.40099651173587375
0.38004515158280006
0.34420977505032285
0.3024675004476991
0.2743196024133326
0.24053841064867046
0.22287250857975463
0.23519920862702534
0.2496300158003655
0.2670106143209617
0.29877825882809217
0.34216650965995254
0.34796835095407874
0.35680182303856856
0.37968934541934246
0.3843715280852377
0.37699326456834503
0.4056536976214888
0.43349796181215033
0.46843247600165544
0.5062393425046862
0.5371497255771176
0.5298724955944408
0.5242624289665682
0.5105732633102255
0.4925710184235676
0.4536478510125175
0.4125634807042121
0.366995548780866
0.3246582797083918
0.3210412688549768
0.31625225756847997
0.3169116505082051
0.34093577596991304
0.35511423662265323
0.33550003471234113
0.3309369343618443
0.35026746338421627
0.3410942578124142
0.32721895990978195
0.3303841969730844
0.3518365281846984
0.3490126527004488
0.3429145120673395
0.34181273383402166
0.3173249551189533
0.28953941708344855
0.2589230906205128
0.2407628678081479
0.24649906345865263
0.2835489018141779
0.3111294859381551
0.35241846120087666
0.3805828640233113
0.39059219343232143
0.3777124809862199
0.3645025386326294
0.34672061469965215
0.3488508797960637
0.3494213585613188
0.35384348943328076
0.3650595473538753
0.38252352669412315
0.3874961306638832
0.3794288047165963
0.3708404784038318
0.35818669577833506
0.341156314246225
0.3421728864778666
0.3664190897881789
0.38984169401589264
0.41254734602871096
0.4351253523060081
0.4395438206372088
0.43652959800019153
0.4277670794025619
0.41603232840508353
0.41144043884837633
0.4248320342674083
0.441521371128682
0.46849986917985414
0.4926623058338028
0.5070443959934391
0.5126111904855062
0.528182676053632
0.5508199940320522
0.5710174998378053
0.5934435607664347
0.6172176277660423
0.6194442287265952
0.6264233515170035
0.6441134146721642
0.6688754387343898
0.6783573242711085
0.6932224012000681
0.7059997133156419
0.720384949480908
0.73147532597923
0.7544582380036067
0.7840791142084116
0.8058124108023816
0.81438244208323
0.8209854642801858
0.8177554184376327
0.8027135015557306
0.7813429036520958
0.7624067456793872
0.752704656732546
0.7525021891129287
0.7611421593969959
0.7674386166083561
0.7875055308692631
0.7998004477788845
0.8120182932636513
0.8266097505532821
0.8571704179957276
0.8801907994163299
0.8953807679542451
0.9083626261618137
0.9169583086740772
0.9130050339758536
0.8938451572495163
0.8771253284746239
0.8650293822567539
0.8503055210142164
0.8376864532754256
0.851334242139751
0.8734413153749607
0.8819893427391243
0.8883015971251064
0.8944873053170714
0.8943283298619733
