0.8814713293395784
0.8744509402047568
0.882501563606966
0.8909721071180476
0.8892995916211853
0.8943118693019596
0.893705793428293
0.8738596349993191
0.8480856788254737
0.8363623139123849
0.8340543993726985
0.8365175617854497
0.8405195929019807
0.8617256913474195
0.8761353823378223
0.8646224810599846
0.8570215946728273
0.855802223399331
0.8477670048326401
0.84685493395315
0.8672590413105906
0.8968529622878033
0.9209703636424876
0.9424871868038283
0.9602566697166642
0.775499844104825
0.579432959142079
0.3876963432538644
0.19601774579403952
