8.668185703513762E-5
6.46163952803559E-5
7.526729918051494E-5
7.70160822718687E-5
3.1154312491662143E-4
4.661691896034729E-4
5.438895440734131E-4
2.7565411779052133E-4
2.7248254773732994E-4
2.7452995089125736E-4
4.279763066243641E-4
6.135242183351469E-4
5.705408178043458E-4
3.5509169994414125E-4
3.873611239312115E-4
6.79876342961504E-4
3.0786989428276346E-4
7.490809661431255E-4
8.229407977071647E-4
9.871158397182533E-4
2.781253609589801E-4
1.3206123104774284E-4
1.2904754769463324E-4
2.158850682914602E-4
2.702271058154787E-4
3.840576139314158E-4
2.781579546810488E-4
3.7443416223037224E-4
7.743102550531041E-4
9.757131971736509E-4
0.0012560896148569372
0.001370108340580093
0.0010880756772737306
0.0010947840486932232
7.444284923206557E-4
6.998151132559216E-4
1.4819543749052596E-4
3.3450367613317543E-4
0.0010020708592970416
9.912852909951578E-4
0.0014332194304723148
4.472529036592647E-4
1.0013831083331864E-5
0.06525152448481754
0.12056424339517897
0.15480308368322276
0.16280728846546821
0.1678367404944655
0.19060799440026027
0.19262979293370946
0.19544808508967113
0.20218765456485296
0.21174092647936443
0.17474865090718023
0.15529952564538474
0.11369615869442196
0.07085832532262473
0.046323150081522324
0.05816088480901048
0.10391163955847327
0.1735387793970222
0.24317082675408497
0.2890783348348155
0.32965073844233794
0.3402069888684946
0.3467354934347976
0.334682509557134
0.3211197340278337
0.30721977816273477
0.2901981560504051
0.2688218872216886
0.25304539525973024
0.23143926835718778
0.22576208189738184
0.2578671640635501
0.2880867232937769
0.3227212475259997
0.3392141183896895
0.3435295639475289
0.31452137456970297
0.27525950320016046
0.2418972045870704
0.21465233389339652
0.2378603334603466
0.28342818190210756
0.3254386415917695
0.3661668177014251
0.4210861804341345
0.42691689934334953
0.42837505700297285
0.42708942517701964
0.42243919608097735
0.40891478321043195
0.42661595757660453
0.44367945062379416
0.47965502888945055
0.5341877727756569
0.5851430820930997
0.6228623623497757
0.6589309852380404
0.6656572115415279
0.6405975225129151
0.6195992655630181
0.5863752876354456
0.5192202884658164
0.4519902018887011
0.40579906723349474
0.3540612804131608
0.29320714722631364
0.2767430988385315
0.2938811025000913
0.32075608566682745
0.30788801124168713
0.3342335882976069
0.3809344340231178
0.4132115496629567
0.39559818308869077
0.4017687869126265
0.37181517886570914
0.316513922249137
0.24425143580842487
0.18981750710066284
0.11613890832728309
0.07342019421799288
0.10379336909406729
0.13709193977977702
0.17442905435175443
0.23730165775936815
0.31287446571984096
0.32220392615581295
0.3362248828061755
0.37103340902874204
0.37786126879347387
0.3670194413851868
0.4078903461670545
0.44494039146424363
0.488252946621394
0.5316548185103286
0.5647865734311945
0.557145225050634
0.5511580368588
0.5363237946574245
0.5162339218690691
0.4702230805465719
0.41719199222395553
0.3517632872983656
0.28328519272314623
0.2768877699532051
0.26843432031211983
0.26963724843998904
0.3105475384670691
0.33327189462670825
0.30153500299477715
0.2937856749415773
0.3254439465690228
0.3106129115684707
0.2874965883296973
0.29284737169167574
0.3279950529850233
0.3234404341052062
0.3135034633991537
0.3116904647505068
0.27022310491031315
0.21905217793902937
0.15656382047605893
0.11628544223801823
0.12897962350396502
0.20715186269333144
0.25908704388156206
0.3287707774589846
0.3717077507185582
0.38620792577211854
0.36739851562616055
0.3474601663298678
0.3195136202351889
0.32300370510550314
0.3238927818642784
0.3309234389449726
0.34830103807525026
0.37436785088352875
0.3815825530544065
0.3698636009779453
0.35707723372625383
0.33766440955907867
0.3104167696510584
0.31199485173134606
0.35024801882427775
0.38491209476576216
0.41657937759735747
0.4463480812213815
0.45197751026931043
0.4480846192025498
0.436727763670489
0.42118452990784866
0.415013261996587
0.4329063502119434
0.4544342581651896
0.48754677496375476
0.5156377497100577
0.531720850405378
0.5378388423427648
0.5545700301254153
0.5780199100159287
0.5981269503760641
0.6196431497370479
0.6415959759512719
0.6436115738913946
0.6498794808210434
0.66544065635858
0.6865134176430748
0.6943648357145984
0.7064746753966192
0.7166832995656323
0.72796276115127
0.736499357261787
0.7537833605358149
0.7752981934346501
0.7905749305388865
0.7964842907893964
0.8009986389686575
0.7987915262333402
0.7884026965874433
0.773301470162939
0.7595727926254414
0.7524056961566357
0.7522548851310058
0.7586373017558862
0.7632361477923181
0.7776541708264503
0.7863034265756461
0.794772802747411
0.8047276994097962
0.8250248848634016
0.8398365617249576
0.8493928305418427
0.8574298547825732
0.8626885474365947
0.8602682297524565
0.8484089191937393
0.8378478446409937
0.8300753993524238
0.8204648180683553
0.8120964781925019
0.8211275942969561
0.8354601064905618
0.8409031883423156
0.8448834422083802
0.8487523408205575
0.8486441336557022
