0.873001924915879
0.8661685855758765
0.8739509677860422
0.8820838106316465
0.8804521435398746
0.8852581994775447
0.8846664933829085
0.8654679774486554
0.8404385544945618
0.8290457260617352
0.8267659694849759
0.8291645973371877
0.8331518619958628
0.8539200423396788
0.8678764676743516
0.8566321937495113
0.8492748718282108
0.8480741022537118
0.8401237851935777
0.8391778956622774
0.8591345635568133
0.8879504457502159
0.9114087503508129
0.9322491331525273
0.9495009836736787
0.7700256885909129
0.5797574884861642
0.3932537802188575
0.2066314707832937
