0.05342755144232753
0.06399313392787322
0.0713698288408967
0.07193752816888312
0.07959980185240484
0.08872248044698429
0.09696245260828643
0.09458049836685281
0.10074580744916134
0.1011102515743613
0.08913727517193411
0.08791055446914106
0.095539944390968
0.09742067485318985
0.108200043596822
0.13390368211029766
0.13835257526874195
0.1462803575769841
0.14462991651757706
0.1414342925854761
0.11863255364176499
0.10514019477949366
0.10702025262786317
0.09986028295456308
0.09366062575092278
0.10448545239528775
0.10425075300122638
0.10319590845194233
0.12937533576221202
0.15169145867134134
0.16305158309044027
0.17960228962563277
0.17338575216428312
0.15850070212114872
0.1415415635033768
0.11918470409843726
0.09738753466489275
0.10160504847310876
0.12090147504759279
0.12357203336367599
0.15421952901648553
0.16848102200888992
0.1916728672967107
0.2139000797593087
0.23569511470541268
0.252833414480866
0.2618392774770778
0.26638092517677586
0.2752428074534737
0.2614428902039572
0.26370046404652925
0.2663508800314493
0.270772138556535
0.25596334654081565
0.2469375040313262
0.2298851306918405
0.21269881192069706
0.20329486474222083
0.21022715637320788
0.23224889353047773
0.26041939362026634
0.2932774857045195
0.3110875475934796
0.33542554608585734
0.3481186395852245
0.36700523877468694
0.35582888252283107
0.34458191138488237
0.32441890693476616
0.31092293186216463
0.3000327256150137
0.2932199982410736
0.2824636749865325
0.27936210597767963
0.299582694300625
0.3105652231074427
0.3311490612802276
0.3413566739417415
0.3430682380189308
0.33087612104327224
0.3198150328752353
0.3014417386628099
0.27990907782436436
0.289715686087168
0.3213012869171709
0.33921754292545314
0.35676274366092386
0.3948444200105764
0.4085706481054226
0.41843102910825825
0.42363088564444984
0.41934208496418535
0.38547900633279925
0.39649786483890515
0.4085151595512743
0.4356163671245197
0.4801077794113517
0.5246940272897351
0.5655603148228382
0.6052853900921003
0.6270310891508025
0.62617352540895
0.594553801412207
0.558249838255344
0.47657225588440466
0.417704805298644
0.4042334945768914
0.3770931904998889
0.339245154459545
0.34087816263537674
0.3576887301465512
0.37470510420873643
0.3453814324970394
0.3369565971508623
0.36544667931374986
0.3889758243421933
0.38353673108456726
0.3893570412895605
0.36924231966368953
0.3407323766818455
0.3086176668272801
0.2857380901735587
0.24932659583473488
0.24721870215133193
0.2543783130753117
0.24083311308497166
0.26065667148406074
0.296493510259356
0.33600359224490606
0.35428911583848893
0.3741068743243084
0.39408547543471
0.3810808174111374
0.3640316939094989
0.3919578960512624
0.41960869507001763
0.4478623799636106
0.48048615587562005
0.5086570682977363
0.5204012578842229
0.5279006255779121
0.5339179681281534
0.49343467909820177
0.43032849477274765
0.39468204682680413
0.3526932254677638
0.30766021182532965
0.3076918363456706
0.3229941422209413
0.3503340146388564
0.3751932200581464
0.35670324889315935
0.33352930428036676
0.32904103011035923
0.34684760091962663
0.3390175639105877
0.3244798795622867
0.32115386302227433
0.34326038163555933
0.3375561593223286
0.3292514978649465
0.327294701951076
0.30440156772247756
0.2778172665314551
0.24840626123690562
0.23253835202732742
0.23824949028588002
0.2875028454384838
0.3070103709371961
0.3421705427293515
0.3643608457222333
0.3782082889796133
0.38512085752440967
0.3808510580507651
0.3544142310219731
0.3336459401681034
0.33037707846871034
0.33661006131250465
0.34891487891322526
0.3623182250676385
0.36757816279314226
0.36020487552041164
0.35199350493936876
0.3393997400269317
0.32252086368079896
0.32368560779221056
0.34857495627083007
0.3741597444838036
0.3975400051474165
0.4147539135102415
0.41957111493555377
0.4293946305670568
0.42048433710265254
0.4028864757594107
0.388563874640649
0.40018411724001196
0.4153242229682277
0.4425875579897111
0.4677437981260138
0.4804593215537524
0.49231294806504783
0.5171241638187405
0.5392191139807337
0.5456746680667643
0.5593826840994639
0.5817215255022505
0.59213946192019
0.609311843212989
0.6223400759939819
0.6365655784239782
0.6396634647660471
0.6534929868550934
0.6680336851043427
0.6824012623797467
0.6948044342277689
0.715630277701651
0.7385584883071638
0.7597694311665126
0.768866591500445
0.7784090917922306
0.7765083938110152
0.7616433175156119
0.7407453845497182
0.7198621861473697
0.7092937805214673
0.7098944734245919
0.7191187356792479
0.7249170858934956
0.7479813028486667
0.7560845196904076
0.7674718689916663
0.7840522010254259
0.8121081554795582
0.8286532391849537
0.8432788151129316
0.8571112908741911
0.869324743390939
0.8672630652983273
0.8475539323769119
0.8281209424954206
0.813880877452669
0.7991928987459851
0.7873894134192411
0.8067792974099484
0.8318957984824914
0.8382865147579095
0.8393569766832695
0.8413459789858304
0.8431222045708366
