0.051145381031726805
0.06494224533428916
0.07286365167526487
0.07358770482851723
0.0736640957198443
0.07979861866444399
0.08829793880708038
0.09366190982052519
0.10094893915291503
0.101477032961142
0.08375766093375533
0.07662341338401962
0.08821822630900755
0.09603667086076285
0.1078208005041065
0.13221939594879772
0.14282112689531937
0.1456542336747339
0.14288091112216852
0.13695563277593364
0.12185680151845821
0.10950804332679334
0.11161709695295553
0.10235718911257971
0.09450220982073015
0.10464891663482062
0.10625644735064917
0.10347980358255254
0.12718755920294728
0.15030079435720334
0.1602216499084511
0.17814362390753288
0.17397533664864223
0.15707965815258984
0.14191440004159553
0.11705413783780341
0.1011183277956543
0.10279560677614023
0.1147391608288077
0.1181966801877854
0.14890582965087806
0.17502155983607348
0.19891531076368535
0.21981985191369738
0.2426773434960789
0.2580020262120043
0.2617219319651335
0.2640867291631702
0.27506377213526473
0.27606017532926225
0.27745513983998027
0.28081966164315303
0.2856588602595094
0.2673715384682702
0.2582311988859854
0.23971470442076506
0.22203518854461113
0.21250293046788293
0.21704985077227046
0.23555638139528984
0.2667936246666095
0.3021759057100649
0.3280325711078546
0.35272012345337617
0.35944252423744466
0.3636639529009076
0.3559086139871399
0.34737940173107895
0.33885018947501794
0.3286901972119808
0.31636136709593227
0.30755980460351884
0.29590188604054324
0.29291267626294337
0.3102235229358014
0.3274513358950554
0.3483758051206838
0.35880482640454214
0.3615847915837772
0.3433041124192078
0.32002481003335087
0.30148838729690686
0.28715014393277805
0.29931954944389555
0.3247344761582007
0.3500730119811788
0.3765241980407143
0.4153839263231566
0.4197382086936572
0.4208342522657366
0.4198677409895565
0.4163902935549623
0.4064395460858972
0.4195123574308145
0.43251209909993593
0.46125501287731957
0.5085077784932539
0.5570259761283997
0.5958989898597886
0.6356056611603202
0.6432978946317074
0.6151030027381672
0.5924315064630028
0.5582548736031241
0.49507626198284893
0.4389887205455453
0.4041810320882194
0.3684599741504999
0.33046379515941016
0.3208750742669712
0.3308623564761306
0.34715355027262895
0.33925539341840816
0.35562297810623356
0.38660115639454024
0.4095748950194816
0.396874074484606
0.40127817704414753
0.3803470651918494
0.3445296882871865
0.30276046233400256
0.2746751748563524
0.24076424941054936
0.22305484161657807
0.23550656140185613
0.24995773039740624
0.267218756685616
0.299020628505257
0.3422944235806563
0.34805363449968313
0.35689173173219085
0.37981565016809127
0.38448213892617705
0.37709879043123656
0.40569556505263576
0.433488574218317
0.46840254568039474
0.5062094079531287
0.5371111955457156
0.5298208448021872
0.5241778809257203
0.5104540862989537
0.4924391147440671
0.4535395301147847
0.41250099974591553
0.3669487624016148
0.32465144244459665
0.3209581075893608
0.31614215826415204
0.3168230338550332
0.34087288817204486
0.35501185097561716
0.3354225622294648
0.33080589366042
0.3500763333923173
0.34091274432327767
0.32710591598290717
0.3302512289542996
0.35167722109026156
0.3488241862352307
0.3426796992528228
0.34157037023179665
0.31715516831823476
0.2894186219682641
0.2588157555099231
0.24082735465732247
0.2463573930979753
0.28332395517489717
0.31090107711554404
0.3521654589428631
0.38027399590726807
0.3902645995275659
0.37735453419871834
0.3641355836978167
0.3463829983414741
0.3485518361944855
0.34910650070499855
0.3535238887134868
0.36468360558166
0.38208744981032305
0.3870495382915161
0.37902184914139603
0.37045278073410226
0.3578117444260758
0.3407931760651866
0.34175636593022835
0.3659556804231485
0.3893611938893734
0.4120492968290157
0.43458129657486533
0.43897875631212996
0.43593308371881934
0.4271680561621075
0.4154569961945598
0.41089679044122546
0.4242585586869731
0.44091177906009765
0.4678113466253945
0.49191434215137125
0.5062691923755852
0.5118390867718636
0.5273862995351004
0.5499747620966607
0.5701120727266563
0.5924780052409052
0.6162023677213851
0.6184276683901071
0.6253991701193805
0.6430487938821099
0.6677463102654396
0.6771888920018942
0.6920153730230172
0.7047660139425409
0.7191275065978172
0.7301909044990472
0.7531148231305547
0.7826581807569105
0.8043365950536087
0.8128824139741476
0.8194719610511784
0.8162436143661818
0.8012178525888951
0.7798682513442601
0.7609531955623191
0.7512615128806598
0.7510589107133575
0.7596811207208306
0.7659551399991379
0.7859629181376271
0.7982153573623485
0.8103980483224125
0.8249555003227143
0.8554520839719109
0.878415858559044
0.8935578671832834
0.9064945034100244
0.9150602504061796
0.9111078505679308
0.8919868714031564
0.8752971162899377
0.8632140657079554
0.8485038317293924
0.8358993301614602
0.8495101991568054
0.8715672466946074
0.88009313753953
0.8863804422667837
0.8925348932869996
0.892362183233122
