0.8845870870259158
0.8775479167635309
0.8856662758477825
0.8942383097039728
0.8925442643926331
0.8976064963541299
0.8969899775626229
0.876995587323494
0.8511135124541865
0.8393420118231869
0.8370366105427013
0.8394848539431764
0.8434211463219993
0.8645876051667529
0.8790909005838972
0.8675777219715538
0.8599164870684375
0.8586834624524687
0.8507070413721767
0.8498291263477771
0.8702210196544782
0.8998860800042486
0.9240679350498083
0.9457005789680633
0.9635337045467313
0.7780434160483849
0.5811751025187679
0.3889438293455286
0.19673827506621389
