0.9055439445958263
0.8972738225143081
0.9045068621751846
0.913403554897332
0.9128137545660108
0.9191210526551599
0.9184855349060351
0.8967279243550796
0.8675528045330664
0.8542699297943174
0.8526793391996592
0.8565554242635381
0.8610132050127729
0.8836545062076021
0.8979235588059405
0.8844649735583338
0.8767655217203493
0.876840018149325
0.8685872639567875
0.8675311760328293
0.8885802464963761
0.9190662323745794
0.9450470076776927
0.9695423329686469
0.98940218638385
0.7905633320064119
0.579019772288804
0.3712382485038532
0.16454935660284806
