8.802044479940026
6.815309530568025
3.9667698599572367
3.894988077867687
3.060910243713469
2.7873930626761747
2.4162716544432974
2.103210586123779
2.1200347230965706
2.052541963775618
2.0248564391623582
1.9168685808032102
1.8328670744964015
1.7750128328252384
1.8052552691400865
1.7509711295742885
1.6805135560758788
1.6734155799435981
1.6186303635245163
1.5962181853773525
1.5902589547431436
1.568962609479192
1.5500123111769637
1.5493236880070538
1.5476567652336781
1.5298409772614878
1.4670752629722645
1.3896381160582982
1.3055586835144184
1.2138180608685247
1.1869755995607851
1.1791672791169183
1.1640683559077911
1.1411126898248345
1.1086640032248394
1.1070830874041877
1.1022531338405006
1.10580129344763
1.093084041381681
1.0976607034262917
1.0950082170453515
1.1040650922961557
1.0871709438110715
1.0343075388577687
1.0364239285861072
1.0339702696392843
1.0827049049117166
1.085610066892356
1.077546032677337
1.0668650147226957
1.0746832026803113
1.08011632855353
1.078349124149023
1.0782582469180326
1.0792948491420373
1.0745104070712335
1.0727891031186358
1.072385903703919
1.0743484438634539
1.0726629127830802
1.0726919675478004
1.069249086033778
1.0707424020612428
1.0709240503740483
1.0688828584237633
1.0694656689139541
1.0696293057123785
1.06860902026449
1.066594374571347
1.065377798389965
1.0439580082809066
1.0657732921202154
1.0672309327115936
1.0672953035983386
1.068459483701843
1.0694095813801332
1.065971454317022
1.0665144273706242
1.06264509998996
1.060846130416318
1.0639262186545344
1.0606667474143834
1.070006102451612
1.0575260743299526
1.061742097827586
1.0612533338919037
1.0611708830740705
1.0755747999806766
1.0609007673584228
1.0601374713039455
1.0588691857344883
1.0588516042689937
1.0572062115083676
1.056332124658995
1.0575096604686658
1.0564740815578735
1.0555985610389906
1.0520268840560667
1.0521414760664776
1.0519052253998817
0.891951917374309
