0.6525441259176067
0.6818957529973015
0.6772743806205723
0.6722628543630885
0.6745330558569747
0.6744310166862899
0.674439423249243
0.673462144725224
0.6743855389635616
0.6697877340126335
0.6767101818289428
0.6765481454144899
0.6681860479866117
0.6726754803085708
0.6741068772780017
0.676221632947472
0.674191507884869
0.675945841616904
0.6789306088733649
0.677999605446612
0.6760302938211222
0.675547611950556
0.6754850814796873
0.6781287366390089
0.6765913545060964
0.6738003440556365
0.6783505340861271
0.6809751269114629
0.6752609668297748
0.6765579230372809
0.6784974056307914
0.6763472400432082
0.6804639578482325
0.6741826217765492
0.675383518756637
0.6703816134963296
0.6742007697540491
0.6734562782715707
0.678083384460922
0.6802050845113873
0.6802771632672883
0.6791987321503951
0.678891764693218
0.6692472605711474
0.6764941997172688
0.6740579046739508
0.6746610866066012
0.6777988641280391
0.6766415226121859
0.6789442853003541
0.6695617307203839
0.6735982387298864
0.6817148613789764
0.676786779306594
0.6774780578251998
0.6705130384855902
0.674661929183326
0.680786193151529
0.6761125215937457
0.675778808775303
0.6718206357797827
0.680462066985914
0.679713823056605
0.6798332715008144
0.679036630181249
0.6776986461322687
0.6793195994250236
0.6793414278981609
0.673220080733778
0.6786854441336903
0.6734875355956516
0.6791674304597438
0.6827784423504524
0.6817525024771114
0.6785460281714132
0.6810717623964019
0.6816706417383683
0.6740809291115337
0.6773429700718119
0.6736380917321048
0.6810041311775585
0.6797276106800723
0.6744835021911431
0.6736919336464368
0.6749011756360882
0.6783127293002796
0.6779670521724235
0.6799887163261031
0.676456349294576
0.6782058043807908
0.6759136088981221
0.6796412472737237
0.6743451590450384
0.6750763101113468
0.6777819382626233
0.6755408042955173
0.677869721127261
0.6739848789860724
0.675621668017734
0.6770171883670613
0.7017138935313749
