0.828309318
0.845273262
0.834866439
0.841265274
0.855115425
0.83598514
0.835368394
0.836751348
0.853351086
0.8637494968712874
0.878203019
0.860612421
0.847723925
0.843847536
0.828542101
0.825123959
0.837985698
0.829895352
0.808235875
0.82358666
0.827990637
0.838633367
0.866601671
0.872332768
0.880768785
0.890903
0.894486897
0.897651452
0.89876522
0.894971554
0.896326583
0.902820452
0.904188803
0.906673825
0.9118893872599543
0.927315051
0.9438397688298032
0.943228659
0.938481757
0.950917173
0.951436854
0.9557481068398759
0.956582129
0.967916336
0.9700325437318196
0.9657548165675215
0.9648245306664109
0.964796207
0.949947388
0.953256169
0.947049001
0.925577305
0.925410699
0.9375221943830336
0.948530075
0.950317607
0.96246097
0.958495931
0.958016621
0.960116449
0.955667433
0.955838255
0.960842657
0.963297233
0.951267202
0.958349045
0.960097892
0.94807381
0.949864067
0.94385552
0.937091532
0.916392295
0.93783323
0.951295982
0.952539291
0.930318107
0.9087318091899123
0.922670561
