# Data Deleted: 35
0.808234159
0.841588029
0.835785878
0.854219688
0.83778451
0.83155663
0.820701816
0.80812624
0.845942191
0.869048823
0.8768391502365132
0.9009840841940451
0.9041798045348723
0.90166624819739
0.883566096
0.907861873269538
0.9097588249192082
0.9113954111487416
0.932873331
0.9504656832411819
0.9451745278165125
0.9575954921447216
0.945408118
0.957909764
0.9552549592985763
0.9586298067557906
0.929506588
0.9573388338752119
0.950517715
0.9633491155099365
0.9675909976989541
0.9631137939811034
0.9606139241498998
0.94941048
0.90979729
