0.81239658
0.834235918
0.809707344
0.812617214
0.826101176
0.824738168
0.828181224
0.835486388
0.839867623
0.857772137
0.861672122
0.836578519
0.840655584
0.826239281
0.825413193
0.808838892
0.824827729
0.805914963
0.80256994
0.812288977
0.813707307
0.808610129
0.849994196
0.870661659
0.871717064
0.880108429
0.892898993
0.895244327
0.895098626
0.882662394
0.886551364
0.900296991
0.903125665
0.904718533
0.905154029
0.903622095
0.936670787
0.9405047085121674
0.937980667
0.938106143
0.950194067
0.948342782
0.947677675
0.959624185
0.962404078
0.958198229
0.95730097
0.948758791
0.947906438
0.95122689
0.929756215
0.912420219
0.90779101
0.929634052
0.933313903
0.949961915
0.954263506
0.95585468
0.950091548
0.9569526012533458
0.9548023444320889
0.953165444
0.953159513
0.952183458
0.928236212
0.929267806
0.94634153
0.93330543
0.926367981
0.930159202
0.911709359
0.903911931
0.920098912
0.933160547
0.933992566
0.902712197
0.901417822
0.912756585
