0.5347641916554212
0.46668640810126494
0.4768176361547612
0.4895259455663493
0.4831260200530559
0.4838246679835529
0.4832104431018693
0.48554359796626867
0.48342657420130664
0.4975606003662721
0.47808357041432376
0.47840838746473463
0.49972011146934453
0.4873364722186455
0.4841828557568201
0.4792140667277424
0.48414562943013156
0.48022257459081885
0.4731365056119242
0.4751405552407265
0.47963474282160234
0.4809007272428044
0.48125474677020563
0.4747559361583362
0.47830189275523677
0.48486599098585603
0.4747621822418
0.46881213915926523
0.4816842539161896
0.47852284480024815
0.47406711605287155
0.4791012727826575
0.4701231833653517
0.484300555069
0.4827603706189498
0.49435859826895945
0.4846517513643797
0.4864866498243444
0.47549094901837236
0.4705471642771034
0.470545722972027
0.47324271772989357
0.4735296332264083
0.4975608735451429
0.47955274515373025
0.4846366071511765
0.4836969711385818
0.4756469564149611
0.47843752839823467
0.47328942048915845
0.49539918461695126
0.48601040100326864
0.46705765334789817
0.4785218358050571
0.4766053214908129
0.49378824320653597
0.48312529769344914
0.46935248916485695
0.4807552079897272
0.48111851750810636
0.491035834059642
0.4700832631349184
0.47163103420615726
0.47207381329140424
0.4735728731946306
0.4763609900138027
0.47260773593294764
0.4724197366440239
0.486781339897899
0.4738906667584158
0.4860803550858274
0.4727713788375656
0.46914479806041065
0.4673454508601873
0.4747033759341808
0.46858618128461405
0.46736438926370444
0.48510824714295386
0.47803451161945165
0.4857819620909041
0.4687508218690131
0.472368706837933
0.48433561905000655
0.48533226291660636
0.4826752146359986
0.474946249733176
0.47537287864595995
0.47088489530043837
0.4792387584187228
0.47547397248391937
0.4806885723992872
0.4718478843146066
0.4842086754243745
0.48275244683218893
0.47621694823624783
0.48143207916251257
0.47576358118913065
0.48600142018176457
0.48109690023570745
0.4776861705869129
0.4274849745312004
