0.8453120829367288
0.8399513337635313
0.8439092873993435
0.8487568400928216
0.8479820632996287
0.8555063100734923
0.8559903438377896
0.8618002524290522
0.8651635349808948
0.8704984287856764
0.8591184602203119
0.8471371900315763
0.844096194969745
0.8304945570945896
0.8266699498900236
0.8329269127741796
0.8283580545162404
0.8312269270668076
0.8533981121913753
0.8556997026930586
0.8661703210766113
0.883608731548593
0.8874786497685287
0.8930483074143554
0.8965952826721297
0.8974851832069641
0.8988832954456385
0.9039938867727505
0.9029519913964517
0.9039453129484676
0.9062181668983408
0.9209850733002514
0.9305584468312651
0.9320649648839436
0.9377828777533148
0.9503576717566752
0.9497963729090595
0.9490291340254039
0.9561018933885345
0.9612223127217406
0.9616420092782226
0.9630231590485432
0.9669901314738805
0.9665773498710333
0.9651047958982147
0.964579573425166
0.9642410492680143
0.9518647896881955
0.9530228639472316
0.9464646824128753
0.9407983887814705
0.942113999433813
0.9503982228639929
0.9549929359474453
0.9556185721485836
0.9598687491999807
0.9584809855482025
0.9577375532397193
0.9616479773822626
0.9609095998162134
0.9611164416743796
0.962867982373478
0.9630507728274692
0.9571636451209597
0.9597455592593802
0.9591148120385016
0.94839019599453
0.941700009599262
0.9395970173760739
0.9455311867352718
0.9396166538490636
0.9471209803809926
0.9518329437986928
0.9522057415183778
0.9350884834159163
0.928347487510413
0.9337214650340083
0.9449754230761848
