0.9088489616170286
0.9088489616170286
0.9088489616170286
0.9403122686170285
0.9403122686170285
0.9345901236170285
0.9297339406170285
0.9297339406170285
0.9297339406170285
0.9297339406170285
0.9297339406170285
0.9265927046170285
0.8919542016170285
0.8520180446170286
0.8520180446170286
0.8520180446170286
0.8520180446170286
0.8520180446170286
0.8919711806170285
0.9123128116170285
0.8895091306170285
0.8895091306170285
0.8895091306170285
0.8895091306170285
0.8895091306170285
0.9002572536170285
0.9060133586170285
0.9191046746170285
0.9607727566170285
