0.051325274617028516
0.051325274617028516
0.051325274617028516
0.051325274617028516
0.051325274617028516
0.06268466561702851
0.06268466561702851
0.09212739361702851
0.09582895961702852
0.09582895961702852
0.09582895961702852
0.09582895961702852
0.09582895961702852
0.13060329961702852
0.13060329961702852
0.09236510861702851
0.09236510861702851
0.09236510861702851
0.09236510861702851
0.09236510861702851
0.1551219266170285
0.1730524456170285
0.1730524456170285
0.15887443061702852
0.15887443061702852
0.13990815261702852
0.13990815261702852
0.13990815261702852
0.11153514361702851
0.11153514361702851
0.11153514361702851
0.11153514361702851
0.11153514361702851
0.12696965261702853
0.1544087806170285
0.1544087806170285
0.20095002461702852
0.17964055261702852
0.14636042261702853
0.14636042261702853
0.11540650561702852
0.11540650561702852
0.11540650561702852
0.11540650561702852
0.11540650561702852
0.16456261661702853
0.1852777996170285
0.1852777996170285
0.1852777996170285
0.2724004266170285
0.2980736696170285
0.30213180861702854
0.30213180861702854
0.30213180861702854
0.3072257056170285
0.3072257056170285
0.3072257056170285
0.3072257056170285
0.27691701561702853
0.2604976856170285
0.2604976856170285
0.2439085596170285
0.2439085596170285
0.2439085596170285
0.2439085596170285
0.2439085596170285
0.29846420261702855
0.3001621676170285
0.3551083426170285
0.3894751706170285
0.3894751706170285
0.38514535861702853
0.38514535861702853
0.3827682056170285
0.3375343956170285
0.3375343956170285
0.3375343956170285
0.3274484786170285
0.3274484786170285
0.3274484786170285
0.3274484786170285
0.3274484786170285
0.3674865136170285
0.3807646066170285
0.33257633561702854
0.33257633561702854
0.33257633561702854
0.3074634216170285
0.3074634216170285
0.3074634216170285
0.3074634216170285
0.3074634216170285
0.4439119556170285
0.4625046816170285
0.4661722876170285
0.4661722876170285
0.4661722876170285
0.45525436761702853
0.45525436761702853
0.45525436761702853
0.45525436761702853
0.45525436761702853
0.5330042236170285
0.5345663516170285
0.6220625316170285
0.6613874206170285
0.5672352146170285
0.5672352146170285
0.5570134606170285
0.41457110561702853
0.37465192961702853
0.37465192961702853
0.37465192961702853
0.36276616861702854
0.36276616861702854
0.36276616861702854
0.36276616861702854
0.36276616861702854
0.3643962156170285
0.3643962156170285
0.3643962156170285
0.3643962156170285
0.38691124261702853
0.3394361176170285
0.3394361176170285
0.3296218756170285
0.26406341461702854
0.2135489306170285
0.2135489306170285
0.2135489306170285
0.2135489306170285
0.2135489306170285
0.24890057961702852
0.3523066986170285
0.3523066986170285
0.3523066986170285
0.37612915961702853
0.3999855796170285
0.3999855796170285
0.3999855796170285
0.3999855796170285
0.3999855796170285
0.43238276761702854
0.5801057956170285
0.5428354456170285
0.5428354456170285
0.5428354456170285
0.5011673636170285
0.3914957506170285
0.3330347866170285
0.3290445666170285
0.3290445666170285
0.3290445666170285
0.3290445666170285
0.3290445666170285
0.3365156166170285
0.3365156166170285
0.3365156166170285
0.3365156166170285
0.34327352061702854
0.34327352061702854
0.34327352061702854
0.34327352061702854
0.3632925376170285
0.3632925376170285
0.3632925376170285
0.3576213316170285
0.2734022266170285
0.2734022266170285
0.2639954956170285
0.2639954956170285
0.2639954956170285
0.2639954956170285
0.2639954956170285
0.2817731976170285
0.3858924636170285
0.42547204661702853
0.39638589161702853
0.38441523261702853
0.3841944976170285
0.3841944976170285
0.3841944976170285
0.3841944976170285
0.3841944976170285
0.4189688376170285
0.4189688376170285
0.3987630446170285
0.3751613186170285
0.3751613186170285
0.3751613186170285
0.3751613186170285
0.3751613186170285
0.37684230561702853
0.3861641376170285
0.46685147461702853
0.4893325416170285
0.4893325416170285
0.4500076536170285
0.4329600766170285
0.4329600766170285
0.4329600766170285
0.4329600766170285
0.4329600766170285
0.4780410686170285
0.5514271526170286
0.5514271526170286
0.5514271526170286
0.5514271526170286
0.5514271526170286
0.5861165946170285
0.6591291256170285
0.6591291256170285
0.6591291256170285
0.6657681716170285
0.6829006476170285
0.6829006476170285
0.7386448656170285
0.7493590306170285
0.7556754626170286
0.7556754626170286
0.7586978426170286
0.8038297746170285
0.8227790726170285
0.8485881536170286
0.8664677336170286
0.8563648376170285
0.8329159286170286
0.8055107606170285
0.7697685796170285
0.7697685796170285
0.7697685796170285
0.7697685796170285
0.7697685796170285
0.8327291526170285
0.8375853346170286
0.8375853346170286
0.8375853346170286
0.8720540416170285
0.8953671126170285
0.9176104646170286
0.9514169646170285
0.9727773746170285
0.9727773746170285
0.8916995066170286
0.8874545916170286
0.8874545916170286
0.8874545916170286
0.8874545916170286
0.8874545916170286
