0.9157128343596312
0.9157128343596312
0.9157128343596312
0.9471761413596312
0.9471761413596312
0.9414539963596312
0.9365978133596312
0.9365978133596312
0.9365978133596312
0.9365978133596312
0.9365978133596312
0.9334565773596312
0.8988180743596312
0.8588819173596313
0.8588819173596313
0.8588819173596313
0.8588819173596313
0.8588819173596313
0.8988350533596312
0.9191766843596312
0.8963730033596312
0.8963730033596312
0.8963730033596312
0.8963730033596312
0.8963730033596312
0.9071211263596312
0.9128772313596312
0.9259685473596312
0.9676366293596312
