0.9228940918018836
0.9228940918018836
0.9228940918018836
0.9567558971129816
0.9567558971129816
0.95059754383016
0.9453711662182623
0.9453711662182623
0.9453711662182623
0.9453711662182623
0.9453711662182623
0.9419904687642975
0.9047114171740156
0.8617308629300692
0.8617308629300692
0.8617308629300692
0.8617308629300692
0.8617308629300692
0.9047296905103936
0.9266219966380423
0.9020799544935729
0.9020799544935729
0.9020799544935729
0.9020799544935729
0.9020799544935729
0.9136474241332306
0.9198423262412715
0.9339316142381773
0.9787761209002032
