0.0
0.0
0.0
0.0
0.0
0.012225335578826397
0.012225335578826397
0.0439125299148703
0.04789627222263787
0.04789627222263787
0.04789627222263787
0.04789627222263787
0.04789627222263787
0.08532151588510234
0.08532151588510234
0.04416836631024755
0.04416836631024755
0.04416836631024755
0.04416836631024755
0.04416836631024755
0.11170923711127315
0.1310066283074669
0.1310066283074669
0.11574780050440649
0.11574780050440649
0.09533569273988704
0.09533569273988704
0.09533569273988704
0.06479976379738812
0.06479976379738812
0.06479976379738812
0.06479976379738812
0.06479976379738812
0.08141087015154182
0.11094172684890981
0.11094172684890981
0.16103088445921132
0.13809695726121235
0.10227982962144998
0.10227982962144998
0.0689662459263259
0.0689662459263259
0.0689662459263259
0.0689662459263259
0.0689662459263259
0.12186960603824032
0.14416394063344878
0.14416394063344878
0.14416394063344878
0.23792806509962142
0.2655584205536907
0.26992591799264
0.26992591799264
0.26992591799264
0.27540813092368327
0.27540813092368327
0.27540813092368327
0.27540813092368327
0.2427889609167155
0.2251179590796019
0.2251179590796019
0.2072642174213181
0.2072642174213181
0.2072642174213181
0.2072642174213181
0.2072642174213181
0.26597872451009175
0.26780612810295173
0.3269409380718947
0.3639276044415802
0.3639276044415802
0.3592677239344976
0.3592677239344976
0.3567093567520303
0.30802730093065106
0.30802730093065106
0.30802730093065106
0.2971725183155276
0.2971725183155276
0.2971725183155276
0.2971725183155276
0.2971725183155276
0.34026271688266874
0.35455302018958595
0.30269128007179025
0.30269128007179025
0.30269128007179025
0.2756639683952921
0.2756639683952921
0.2756639683952921
0.2756639683952921
0.2756639683952921
0.4225141927945494
0.4425242720915091
0.4464714655740573
0.4464714655740573
0.4464714655740573
0.4347212550369977
0.4347212550369977
0.4347212550369977
0.4347212550369977
0.4347212550369977
0.5183981071504102
0.5200793186710878
0.6142454726810518
0.6565681609858296
0.5552385814479132
0.5552385814479132
0.5442376067606072
0.39093664278170026
0.3479743640265951
0.3479743640265951
0.3479743640265951
0.3351825324191852
0.3351825324191852
0.3351825324191852
0.3351825324191852
0.3351825324191852
0.3369368405140698
0.3369368405140698
0.3369368405140698
0.3369368405140698
0.3611682241015647
0.31007399424613225
0.31007399424613225
0.2995115968516053
0.22895550931518696
0.17459022525275292
0.17459022525275292
0.17459022525275292
0.17459022525275292
0.17459022525275292
0.21263678710539827
0.3239257202602704
0.3239257202602704
0.3239257202602704
0.34956420563668755
0.37523923876209236
0.37523923876209236
0.37523923876209236
0.37523923876209236
0.37523923876209236
0.4101061163183212
0.5690903074620512
0.5289787789575467
0.5289787789575467
0.5289787789575467
0.484134272295521
0.3661022164928658
0.3031846795261667
0.2988902786614245
0.2988902786614245
0.2988902786614245
0.2988902786614245
0.2988902786614245
0.30693085877493503
0.30693085877493503
0.30693085877493503
0.30693085877493503
0.3142039286260823
0.3142039286260823
0.3142039286260823
0.3142039286260823
0.33574902737153706
0.33574902737153706
0.33574902737153706
0.3296454962503129
0.23900623391895937
0.23900623391895937
0.22888241274097992
0.22888241274097992
0.22888241274097992
0.22888241274097992
0.22888241274097992
0.24801533745238155
0.3600717819458486
0.4026685799823818
0.3713651407775196
0.3584819392595246
0.358244377276757
0.358244377276757
0.358244377276757
0.358244377276757
0.358244377276757
0.3956696209392215
0.3956696209392215
0.3739235079599868
0.3485225845663373
0.3485225845663373
0.3485225845663373
0.3485225845663373
0.3485225845663373
0.3503317158990509
0.3603641660902136
0.447202428087433
0.4713972628497085
0.4713972628497085
0.42907457562116225
0.410727434508502
0.410727434508502
0.410727434508502
0.410727434508502
0.410727434508502
0.45924502276885754
0.5382254455499682
0.5382254455499682
0.5382254455499682
0.5382254455499682
0.5382254455499682
0.5755593193018474
0.6541377125391667
0.6541377125391667
0.6541377125391667
0.6612828636545096
0.6797213757539865
0.6797213757539865
0.7397150648196463
0.751245987786548
0.758043931519697
0.758043931519697
0.7612967123903205
0.809869123888505
0.8302629572404148
0.8580395058428982
0.8772820748774945
0.866409018925993
0.8411725620171356
0.811678254144987
0.7732113894121722
0.7732113894121722
0.7732113894121722
0.7732113894121722
0.7732113894121722
0.8409715477833557
0.8461979243190219
0.8461979243190219
0.8461979243190219
0.8832942360881335
0.9083844998485769
0.9323234982154752
0.968707121883821
0.9916958701671857
0.9916958701671857
0.9044373063660287
0.8998687946932996
0.8998687946932996
0.8998687946932996
0.8998687946932996
0.8998687946932996
