0.917676052766781
0.917676052766781
0.917676052766781
0.951346403583282
0.951346403583282
0.9452228696021627
0.9400260419057248
0.9400260419057248
0.9400260419057248
0.9400260419057248
0.9400260419057248
0.9366644588999262
0.8995961828993004
0.8568586405153145
0.8568586405153145
0.8568586405153145
0.8568586405153145
0.8568586405153145
0.8996143529183169
0.9213828800457995
0.8969795984969916
0.8969795984969916
0.8969795984969916
0.8969795984969916
0.8969795984969916
0.9084816657154471
0.9146415418748927
0.9286511691009715
0.9732421251244667
