0.022512049068848038
0.0183263575729519
0.017524410242265774
0.017581933852620052
0.03212526580000243
0.05210627441900442
0.0661623471858712
0.0742325768774103
0.07497023317278347
0.07504805925729599
0.08129783449668085
0.08995683554024451
0.09542158211098103
0.10284551644157681
0.10338353180748801
0.08533125723710794
0.0780629750755372
0.08987562544432931
0.09784095895295675
0.10984648282625219
0.1347034666639661
0.14550437753553103
0.14839071128314632
0.14556528495800572
0.13952868549800018
0.12414618508373565
0.111565424708333
0.11371410216057512
0.10428022388472445
0.096277669239901
0.10661500721722898
0.10825273940195904
0.10542392946398024
0.12957709433039657
0.15312456918275053
0.1632318127186614
0.18149049564346215
0.17724389672509128
0.1600307908208756
0.14458061555917764
0.11925329140226813
0.10301808747192187
0.10472687831620581
0.11689482178348494
0.12041729925639996
0.15170339658952026
0.17830977582127008
0.20265243038006928
0.22394971540938993
0.24723664190980718
0.2628492369647711
0.26663903041386366
0.2690482562180425
0.28023153028649356
0.28124665339655897
0.28266782579050703
0.2860955585168718
0.2910256735338176
0.27239477884849206
0.26308271521830856
0.2442183422794455
0.22620667265738187
0.21649532736755675
0.2211276728963698
0.23998189479743595
0.27180600749646744
0.30785303282759113
0.33419548009456607
0.3593468496082922
0.3661955474367808
0.3704962861533855
0.36259524387935327
0.35390578912455223
0.34521633436975113
0.33486546134322354
0.32230500344197915
0.3133380816732036
0.3014611400698163
0.29841577054033774
0.3160518445897561
0.333603324930421
0.3549209124338999
0.3655458688615637
0.36837806261166295
0.3497539353512961
0.3260372732807175
0.30715259766841396
0.2925449746857186
0.3049430127936971
0.3308354222156347
0.3566500055530598
0.38359814303337936
0.42318794811229404
0.42762403652376557
0.4287406720046221
0.4277560024065119
0.4242132224594386
0.41407552541157255
0.42739394208234843
0.44063791628145
0.46992083729355627
0.518061363819567
0.5674910966574972
0.6070944367856115
0.6475470968169693
0.6553838480556886
0.6266592448836518
0.6035618080756173
0.5687430820325028
0.504377502813225
0.4472362171943631
0.4117745796024259
0.37538241260917654
0.3366723807461782
0.3269035118459988
0.3370784300300608
0.35367569448385283
0.3456291510785925
0.362304241616897
0.39386442215187134
0.4172697796851175
0.4043303425983897
0.4088171871952567
0.3874928322668192
0.3510025367148991
0.30844857180385654
0.27983563223969
0.24528760558630927
0.2272454824522905
0.2399311388113226
0.25465380901472645
0.272239126679467
0.3046384758806057
0.3487252769927489
0.35459268903524754
0.36359683194021913
0.3869514332880698
0.3917055936618323
0.38418353057328347
0.4133175668413234
0.4416327369173571
0.4772026543050443
0.5157198126635393
0.5472021673132834
0.5397748491705671
0.5340258681608975
0.520044237865705
0.501690810194354
0.4620603999678405
0.42025085857784755
0.3738428089831172
0.3307508285068813
0.3269881051561878
0.3220816762262385
0.3227753437611748
0.34727703450040165
0.3616816329407968
0.3417243106080735
0.33702090641970667
0.35665338936518026
0.34731763944871813
0.33325141544477227
0.3364558209553962
0.3582843537263872
0.3553777175046136
0.3491177910281497
0.34798762049809345
0.323113718197624
0.2948560717319445
0.2636782541945741
0.24535189642233998
0.25098583041058325
0.28864690144087607
0.3167421283125719
0.3587817643432641
0.3874183901937094
0.3975966921898918
0.38444407912450246
0.37097677770966025
0.3528906658152045
0.3551002506899214
0.35566533595494954
0.3601657156010161
0.37153509554972963
0.3892659143456983
0.3943212280197139
0.3861427187317072
0.37741265902858967
0.3645341293643365
0.3471958248030509
0.3481771105890407
0.37283106948589007
0.39667631382637675
0.4197906692964489
0.4427459887853756
0.44722606575800183
0.44412317261816897
0.4351934721848717
0.4232623907832506
0.41861651020523793
0.43222931255202607
0.44919540515350465
0.47660034810310237
0.5011561784412809
0.5157807202852963
0.521455259022574
0.5372945649061167
0.5603074080053977
0.5808230481781903
0.6036091804488924
0.6277792641766288
0.6300463726616999
0.6371488514171665
0.6551300673279928
0.6802915880787981
0.6899115722349113
0.7050166056352013
0.7180067991066069
0.7326381081762987
0.7439093595663415
0.7672639611134743
0.797362364306184
0.8194480616169914
0.8281544350338302
0.8348677831674518
0.8315787839480744
0.816270725806202
0.7945200191197235
0.7752495968969777
0.7653758318138867
0.7651694232601838
0.7739536229608174
0.7803455153200277
0.8007291894107919
0.8132118212275238
0.8256233943847018
0.8404543443838557
0.8715238823247583
0.8949190886209254
0.9103455775963447
0.9235252607601332
0.9322519366511303
0.9282252811363797
0.9087450667470929
0.8917417530094184
0.8794316922230315
0.8644450898555706
0.8516037813275135
0.8654703644019972
