0.0
0.0
0.0
0.0
0.0
0.012260910571130306
0.012260910571130306
0.04407415390323834
0.04808015376225091
0.04808015376225091
0.04808015376225091
0.04808015376225091
0.04808015376225091
0.08583386756019139
0.08583386756019139
0.04433136340075109
0.04433136340075109
0.04433136340075109
0.04433136340075109
0.04433136340075109
0.11263327267733067
0.13235877605494722
0.13235877605494722
0.1167517026215544
0.1167517026215544
0.09598328588506848
0.09598328588506848
0.09598328588506848
0.06510210370405284
0.06510210370405284
0.06510210370405284
0.06510210370405284
0.06510210370405284
0.0818766435520367
0.1118511328473825
0.1118511328473825
0.16331374577318747
0.13963785456867148
0.10303578275702066
0.10303578275702066
0.06930471901009139
0.06930471901009139
0.06930471901009139
0.06930471901009139
0.06930471901009139
0.12300413366296435
0.14588095644207572
0.14588095644207572
0.14588095644207572
0.24455699199298842
0.2746321207704234
0.2794367802353813
0.2794367802353813
0.2794367802353813
0.28548844196661066
0.28548844196661066
0.28548844196661066
0.28548844196661066
0.24980944547498954
0.23078895664254104
0.23078895664254104
0.21176888673021896
0.21176888673021896
0.21176888673021896
0.21176888673021896
0.21176888673021896
0.27509386721722184
0.2771030040272918
0.34360422102010457
0.38687158749203865
0.38687158749203865
0.3813408667264068
0.3813408667264068
0.3783145044639633
0.32200244931637767
0.32200244931637767
0.32200244931637767
0.309751560708234
0.309751560708234
0.309751560708234
0.309751560708234
0.309751560708234
0.3590256010288458
0.3757692192166543
0.3159671910677743
0.3159671910677743
0.3159671910677743
0.2857714251243584
0.2857714251243584
0.2857714251243584
0.2857714251243584
0.2857714251243584
0.4586059181024506
0.48413606874688375
0.4892401100538625
0.4892401100538625
0.4892401100538625
0.4741129333833796
0.4741129333833796
0.4741129333833796
0.4741129333833796
0.4741129333833796
0.5866196070925127
0.5890037643863458
0.6536241434809474
0.6986600975471253
0.6401357569146331
0.6401357569146331
0.6238686715059152
0.4194165176160729
0.36803462031837403
0.36803462031837403
0.36803462031837403
0.3531239298162235
0.3531239298162235
0.3531239298162235
0.3531239298162235
0.3531239298162235
0.3551589790014352
0.3551589790014352
0.3551589790014352
0.3551589790014352
0.3835936453715422
0.32432409699810966
0.32432409699810966
0.3123827711620436
0.23490247567838624
0.1774163503103739
0.1774163503103739
0.1774163503103739
0.1774163503103739
0.1774163503103739
0.2174726298198531
0.3401379259052479
0.3401379259052479
0.3401379259052479
0.3698996173910482
0.4003983516207824
0.4003983516207824
0.4003983516207824
0.4003983516207824
0.4003983516207824
0.44305227555539406
0.6609848922080934
0.6017140827791232
0.6017140827791232
0.6017140827791232
0.539148519654446
0.38946082533219006
0.3165241879459658
0.31168339430759734
0.31168339430759734
0.31168339430759734
0.31168339430759734
0.31168339430759734
0.3207602593616878
0.3207602593616878
0.3207602593616878
0.3207602593616878
0.3290204278413945
0.3290204278413945
0.3290204278413945
0.3290204278413945
0.3537807438180946
0.3537807438180946
0.3537807438180946
0.346720859921889
0.24572064780628725
0.24572064780628725
0.23482403591801637
0.23482403591801637
0.23482403591801637
0.23482403591801637
0.23482403591801637
0.255474681833234
0.3822934825089557
0.4338264699159556
0.3957492192314718
0.3804105828869296
0.38012946776443907
0.38012946776443907
0.38012946776443907
0.38012946776443907
0.38012946776443907
0.42520919921898653
0.42520919921898653
0.39881746506530275
0.36867742199498627
0.36867742199498627
0.36867742199498627
0.36867742199498627
0.36867742199498627
0.37080091387864533
0.3826400630772078
0.49018783042146163
0.522017671839669
0.522017671839669
0.4669139107863564
0.4438262355193419
0.4438262355193419
0.4438262355193419
0.4438262355193419
0.4438262355193419
0.505917322066651
0.6150838589584356
0.6150838589584356
0.6150838589584356
0.6150838589584356
0.6150838589584356
0.6708666779379047
0.6960738354501649
0.6960738354501649
0.6960738354501649
0.7036770551489984
0.7232976420545556
0.7232976420545556
0.7871374672935538
0.799407626347212
0.8066413795413822
0.8066413795413822
0.8101026929821025
0.8617890338251716
0.8834902956981375
0.9130475714073267
0.9335237625442566
0.9219536457108342
0.8950993044658789
0.8637141456362154
0.8227812081842873
0.8227812081842873
0.8227812081842873
0.8227812081842873
0.8227812081842873
0.8948854034080358
0.9004468377833242
0.9004468377833242
0.9004468377833242
0.9399213574742136
0.9666201332723485
0.9920938371892197
1.0308099790488507
1.0552725132875291
1.0552725132875291
0.962419889112757
0.9575584946672487
0.9575584946672487
0.9575584946672487
0.9575584946672487
0.9575584946672487
