0.023216498582040467
0.01889982796791124
0.018072786013231534
0.018132109658721984
0.0331305331474917
0.053736789683806886
0.06823270662424197
0.07655547083008359
0.07731620994730873
0.0773964713742097
0.08384181526714014
0.09277177472285085
0.09840752474377096
0.10606376964321662
0.10661862064507759
0.08800145231517217
0.08050573026952847
0.09268802339169052
0.10090260899173831
0.11328381103730044
0.13891862234466662
0.15005751650607954
0.15303416972648914
0.15012032985031112
0.1438948324566731
0.12803098114914374
0.11505654223764077
0.11727245634082524
0.10754337210932766
0.09929040064519996
0.1099512157384299
0.11164019601864628
0.10872286664924528
0.13363183500472509
0.1579161600276664
0.16833968053893458
0.18716971617616826
0.18279023221780744
0.16503849191217984
0.14910484806845478
0.12298497850094153
0.10624174078520615
0.10800400330035942
0.12055270739168762
0.12418541061675152
0.15645051594548362
0.18388946491978772
0.20899385249992644
0.23095757451263063
0.2549731980759761
0.27107434417098547
0.2749827282531275
0.27746734381590776
0.2890005661253796
0.2900474545793517
0.29151309845601636
0.2950480921715099
0.3001324808893102
0.28091858620024096
0.27131512845168837
0.2518604494819162
0.23328515671483183
0.22326992294106912
0.22804722433519373
0.24749143461977882
0.2803113909503719
0.3174864037591741
0.3446531617806594
0.3705915707129601
0.37765457874646496
0.38208989665157506
0.37394161409450005
0.36498024796667355
0.356018881838847
0.3453441081561706
0.33239060702607814
0.32314309135598646
0.31089449519085166
0.30775382962341713
0.32594177363992477
0.34404247683204914
0.3660271366261639
0.3769845703578824
0.3799053894260246
0.3606984739289195
0.33623966746272976
0.3167640505060288
0.30169932417980455
0.31448532305861276
0.3411879606013616
0.3678103367172094
0.39560173827675144
0.4364303918865099
0.4410052948640115
0.4421568722250362
0.44114139023766175
0.4374877492311873
0.4270328222533215
0.4407680002820497
0.45442640637709986
0.48462565177126227
0.5342725969432328
0.5852490904126995
0.6260917026119044
0.6678102117260923
0.6758921914457129
0.6462687348348218
0.6224485304961352
0.5865402530516339
0.5201605390546332
0.4612311820472322
0.4246598749950763
0.38712892031333135
0.34720756987963536
0.3371330124603822
0.34762632530232784
0.36474295317919353
0.35644461645350367
0.3736415057572703
0.40618927092952645
0.43032703148259394
0.41698269210870187
0.42160993953972975
0.3996183005536509
0.3619861466635945
0.31810057840652545
0.28859227959339234
0.25296317229367404
0.23435647305999205
0.2474390903717707
0.2626224639889758
0.280758063346439
0.31417125654297295
0.3596376266799828
0.36568864242485416
0.3749745439590258
0.39905996005856703
0.40396288814115483
0.3962054438278794
0.42625114556020405
0.4554523570496613
0.4921353322008342
0.5318577737111301
0.5643252776620035
0.5566655430638164
0.5507366643086672
0.5363175193019101
0.5173897741551061
0.4765192447770083
0.43340139462361027
0.3855411392414265
0.3411007197769783
0.33722025287372914
0.33216029143056236
0.33287566528622525
0.35814406562442525
0.37299941434206246
0.3524175852858989
0.3475670016568375
0.36781382641595056
0.35818594118724634
0.343679555356106
0.34698423347608365
0.3694958270931664
0.3664982360913463
0.36004242330771064
0.3588768873572394
0.333224628172722
0.30408274032875515
0.2719293030990398
0.2530294749256104
0.25883970659529704
0.2976792719986457
0.3266536577968466
0.3700088027377245
0.3995415290310093
0.41003833157169606
0.3964741454929934
0.38258542380242744
0.3639333593071832
0.3662120867545993
0.3667948547298349
0.3714360607503092
0.3831612125856989
0.40144686611177693
0.40666037121678156
0.39822593911744136
0.38922269742679383
0.37594117139713323
0.35806031470430133
0.35907230699293463
0.38449774028067735
0.40908915262729434
0.43292680504865033
0.4566004449174632
0.46122071295100886
0.4580207237380838
0.44881159413759025
0.43650716402570616
0.43171590404213506
0.4457546796957978
0.463251677131276
0.4915141785670368
0.516838412646468
0.5319205872608799
0.5377726942878694
0.5541076454716177
0.5778406089859209
0.5989982268253559
0.6224973852509204
0.6474238018945878
0.6497618529874943
0.6570865832886308
0.6756304693835994
0.7015793472066053
0.7115003609640208
0.7270780627292849
0.7404747467622215
0.7555639003630793
0.7671878529901575
0.7912732692952168
0.8223135150279872
0.8450903204059248
0.8540691346164208
0.860992557577534
0.857600638633173
0.8418135590538036
0.8193822268636216
0.7995087924711569
0.78932605644611
0.7891131889332634
0.7981722647761785
0.8047641729334645
0.825785695193731
0.8386589348969226
0.8514588923651771
0.8667539340813991
0.8987957034176158
0.9229229950799781
0.9388322114435514
0.952424314701147
0.9614240666930534
0.9572714086314673
0.9371816172329331
0.9196462339333751
0.9069509653721731
0.8914954005966311
0.8782522604310505
0.8925527581468266
