0.07190518515043628
0.07198133056411907
0.07204262071980709
0.07209353543556775
0.07213684270193545
0.08277681211962522
0.08281464238513173
0.1103528275999472
0.11385227441019016
0.11388993314268755
0.1139243094560235
0.11395588599864302
0.11398504946648831
0.14655475823031253
0.14658718223057174
0.11081799581928907
0.11083951984818577
0.11085978875429116
0.11087892942766917
0.11089705109824229
0.16971973436000676
0.18654880567200566
0.18657501515962327
0.1733090983288741
0.1733313226740008
0.15556853196603784
0.15558685696467356
0.15560445972284798
0.12900787955865767
0.1290213955534723
0.1290344263658998
0.1290470028490522
0.12905915319568728
0.1435553431421524
0.1693203779861393
0.16933483034750108
0.21303643922141818
0.19304904186437152
0.16181956757363292
0.16183182386191497
0.13277880577536233
0.13278831897917623
0.13279758095247113
0.13280660359177116
0.1328153979484032
0.17899600594795842
0.19846615309860108
0.1984783592230503
0.19849028064002305
0.28035558557222406
0.3044936387667856
0.30832386574367165
0.3083407875916289
0.3083573503290299
0.31316071214906965
0.3131768432439697
0.31319264919340944
0.31320814193155394
0.2847341224391209
0.26931328177250313
0.26932584994679154
0.25374274732222923
0.25375415526296347
0.2537653581556585
0.25377636264362574
0.25378717513242466
0.3050966892597702
0.3067059144713189
0.35838864949212484
0.39072210130839696
0.3907373969328709
0.38668029727315206
0.38669495494676415
0.38447352378317196
0.34194088404380585
0.34195325333592375
0.34196543729120465
0.33248964788986035
0.33250114688152954
0.3325124800188342
0.33252365155475444
0.33253466413776933
0.37021551411362064
0.3827206010785361
0.3373916753586852
0.3374022472590703
0.3374126779888487
0.3137916544257521
0.3138011034836473
0.31381043066974323
0.31381963860017964
0.3138287297267046
0.4422549767982964
0.4597663384524039
0.4632310972524832
0.46324386904297654
0.4632564882201101
0.45299224175612485
0.4530042918213576
0.45301620139539805
0.45302797486847046
0.45303961187550734
0.5262442672901267
0.527728087194386
0.6101135687032121
0.6471514785351196
0.5585242492359832
0.5585376818273763
0.5489268771839638
0.41482277088909214
0.37724553671304345
0.3772542309752417
0.3772628320151372
0.36607924321095114
0.3660874219250113
0.36609551892650777
0.3661035359950569
0.36611147383254783
0.36765441809218413
0.3676622344428
0.36766997586880773
0.367677644610006
0.3888903754723242
0.3441843280035321
0.3441913059895932
0.3349543906909844
0.2732117076870232
0.22563669304034745
0.22564110231938647
0.22564547271045898
0.2256498043190623
0.22565409753800766
0.25895983439254494
0.35637572981554755
0.35638233488930515
0.35638888351066267
0.37883794510085056
0.40131975601667247
0.4013269453221789
0.4013340768274821
0.40134114782798425
0.4013481602288558
0.43187896395147457
0.5710698693426164
0.5359631769449981
0.5359722452343334
0.5359812416404777
0.4967281798103006
0.39339597661329667
0.3383154364301538
0.33456094857706675
0.33456634657770595
0.33457170550625026
0.33457702444618426
0.3345823034749235
0.3416280889707109
0.34163339901178447
0.34163866998033715
0.3416439030715702
0.3480179824272662
0.348023235772115
0.3480284516281006
0.3480336302709416
0.3669065206814458
0.3669119032116128
0.36691724835124245
0.3615772603863184
0.28220207602253883
0.2822061017164914
0.2733435713324001
0.2733474175611554
0.2733512384518937
0.2733550345972307
0.2733588046830051
0.29012049009394714
0.3882725723247721
0.4255880610414098
0.398174943411024
0.38689564765386114
0.3866926892348246
0.3866977825772901
0.3867028433844204
0.3867078719483777
0.38671286851790726
0.41950178944430583
0.4195071422107888
0.40046270684088225
0.3782160773697545
0.37822081506151123
0.3782255228679915
0.37823020246582106
0.37823485514379196
0.37982440795578104
0.3886182826310267
0.46470144043423656
0.4859042195300883
0.4859100188594269
0.4488358113261507
0.4327665241524896
0.43277159924901987
0.4327766455728107
0.43278166314368055
0.43278664874929185
0.4753020512474667
0.5445098185824849
0.5445159871827046
0.5445221216330226
0.5445282197669777
0.5445342810178337
0.5772539409922626
0.6461150031004004
0.6461220828194596
0.6461291223327651
0.6523972986852479
0.6685618621884613
0.6685690279129302
0.7211493284755275
0.7312617632153001
0.7372267166449554
0.7372344472352493
0.7400927041993532
0.7826671816388164
0.8005477363509029
0.8248986580670131
0.8417709850059888
0.8322504725260799
0.8101416085573439
0.7843006327281865
0.7505953615572043
0.7506028517302811
0.7506102963180168
0.7506176964712677
0.7506250653441267
0.8100216884131127
0.814610329753186
0.8146182027285694
0.8146260306359951
0.8471486252899084
0.8691484498404147
0.8901395635091987
0.9220390197812864
0.9421980136986086
0.9422068237039555
0.8657293877460512
0.8617328453889588
0.8617407974471101
0.8617487232474393
0.8617566082716542
0.8617644322036864
