0.054937321685402586
0.05528481797690373
0.056595905247935285
0.05497207858887774
0.055549868740385866
0.05611869665593143
0.056123498428077
0.056667598773706904
0.05685237701397798
0.056479546779373425
0.05629687551123759
0.05657849196848663
0.05652979534271294
0.05677141637843687
0.056687581531596073
0.0567155361414274
0.05672129990921804
0.05651903288737099
0.056609012861180905
0.0568972153701562
0.057007367788060814
0.05708683195861085
0.05667676747205368
0.05707805213974827
0.056942448136213984
0.05709010016907186
0.05707641075966744
0.05697484386387327
0.05698987953245027
0.056924207255634116
0.05692395815410343
0.0571679524581841
0.056766429439993174
0.05696350117742057
0.05716837602155852
0.057202049107159335
0.057472167719290576
0.0576787070705602
0.05742720427284379
0.05756483169384855
0.057493023529542275
0.05771989110834036
0.05755992822579431
0.05759770203805513
0.05730508757935491
0.05772095975798212
0.05748545978464947
0.05765338289853404
0.05772178353715583
0.05766149624793308
0.057273614949898466
0.05732937229120986
0.05796832481230416
0.05758660882481681
0.057671544643027775
0.057718350196875504
0.05763534528720164
0.05778337608034569
0.05762646494755517
0.05771660528861979
0.05764938928715713
0.057650207090195436
0.05756880420751066
0.057648524035745795
0.05752904680875339
0.05757955733258764
0.05765833953188441
0.05759142132174196
0.05772722481853698
0.05750687835019906
0.05765625437413073
0.05760391223737177
0.05777157772943033
0.05824860611303465
0.05810712137751818
0.058889717176058655
0.05885571026319962
0.05896386788273165
0.05889847513652602
0.05892405155228868
0.05891176803021665
0.058891436991903114
0.05896819241405352
0.05908707708372417
0.0589696262647514
0.05879950069993754
0.05880666506921478
0.0588333270838723
0.05890540645044447
0.058841600592138166
0.05902343207506272
0.05895671750199864
0.05880989221395866
0.05889003020859451
0.05899720105873342
0.05897252244580575
0.058696244655453055
0.058982766323685376
0.05890265384247573
0.05900614445131286
0.06194093652292328
