0.9028609842002621
0.9028609842002621
0.9030333068736192
0.9343242912002621
0.9343242912002621
0.9283773664078757
0.9235211834078757
0.923745963200262
0.923745963200262
0.923745963200262
0.923745963200262
0.920604727200262
0.8882531130598612
0.8520050406974619
0.8501352363610079
0.8477767667422247
0.8502638186309159
0.8520050406974619
0.885983203200262
0.906324834200262
0.883521153200262
0.883521153200262
0.883521153200262
0.883521153200262
0.883521153200262
0.894269276200262
0.905987350777895
0.9190916706974618
0.9578702626719316
