17.276518497120957
17.179039294928508
16.762404294919286
17.26018533920347
17.085643786798403
16.914610051926275
16.91434604668241
16.75841113029297
16.688862771760533
16.815906822061187
16.894926764192814
16.809637522219354
16.824110665990407
16.750026702032724
16.77733943592083
16.766298010711957
16.772733459430796
16.83761732108531
16.797504227535942
16.717403033658982
16.689327007977724
16.6641565018105
16.796506384103147
16.680635336891093
16.6993498182303
16.658794756831217
16.672129519427067
16.6956229259688
16.683125095350036
16.716160548957596
16.713542107149113
16.637386376661944
16.769178190002588
16.699248119553793
16.63168194975624
16.631114101549606
16.55051286038691
16.483401897449983
16.558287321407068
16.526325519352753
16.544410746135497
16.471161680792893
16.53147813358145
16.514702543664196
16.60218455736217
16.487492625361643
16.564750192248077
16.505682142820966
16.481554491943772
16.503544591812904
16.622640579659468
16.606157045099604
16.424353710716602
16.52554084545396
16.496931966542128
16.48097324919136
16.517302365419983
16.469145864535
16.51194654718564
16.484101002106723
16.514444059983525
16.505050684012687
16.526506746300857
16.499977534626943
16.55119343366975
16.525861573381963
16.500962216565988
16.522435412410594
16.476290522208842
16.55113279209262
16.50606969382911
16.517357877689797
16.467476778612358
16.31237956601101
16.36442190023242
16.126867117315534
16.145416837140466
16.114273560932062
16.146331443705073
16.133494802693214
16.129834233502493
16.137712342802292
16.11496666789641
16.08256808377762
16.125955137246546
16.164660486223408
16.15669478825251
16.14725015036128
16.12643474645509
16.154414453607878
16.09923838655208
16.124819884652496
16.165044979725096
16.138986237489966
16.10678727944687
16.1100818935718
16.204914756160573
16.11198151366353
16.13149567866953
16.105112961319126
15.249157326835093
