0.4711244976672298
0.4908490371622116
0.506332843261147
0.5190401514202905
0.5288894708459813
0.53692587739
0.5441585402834864
0.5500560099043733
0.5556270645631562
0.561099611864735
0.5663943615582435
0.5711056113695231
0.5757425228212415
0.5797722528149699
0.5834452946527209
0.5870747085776767
0.5906077047383976
0.5939736653564673
0.5974704610105239
0.6011482527371301
0.6046651370933781
0.6081466187698578
0.6115044810282053
0.6147151781184149
0.617943800358526
0.6211017240955173
0.6241469740930664
0.6270590217492831
0.6298281021820352
0.6323882159682088
0.6348592483104402
0.6373528923230977
0.6397361163229991
0.6422666157740051
0.6449368084306186
0.6473758372421469
0.650012761133735
0.6525357720361693
0.654886337137111
0.6571625802506679
0.6596257424696531
0.6617769455709952
0.6640033255608018
0.6662899876777416
0.6684473256487756
0.6706639555736288
0.6726397962659378
0.6749820830284461
0.6773146357300494
0.6792676214213638
0.681777126353671
0.6840853964350526
0.6856113067646673
0.687015073814026
0.6886047961701143
0.6894186072656256
0.6901215180893494
0.6911606948308837
0.6919750048788992
0.6926244471324293
0.6931717699680678
0.694082034569576
0.6950798658924554
0.695862300948181
0.6969348756672705
0.6983786626407172
0.6997932671836045
0.7010000192210665
0.702810305002552
0.704180774871252
0.7055361934611488
0.7064755723417928
0.7077169397825323
0.7084110168746869
0.7094354858934336
0.7098630281669162
0.7111055578033254
0.7119915684718584
0.7132104564609192
0.7142061086073083
0.715294082426077
0.7154417344532813
0.7155319806533309
0.7154323026539626
0.7165477448896497
0.7172610758396758
0.7190143699757564
0.7213134003360177
0.7235442778683011
0.7246528308694264
0.7257673190006273
0.7265007648934958
0.7268076703737422
0.7270908165153365
0.7270142300558124
0.7274377138081852
0.7282274383994213
0.7285810576161906
0.7283943676233791
0.7286381996755817
0.7285974587413679
0.7277669592518227
0.7275438492539688
0.7277475792748461
0.7280294175907422
0.7281471514494168
0.7282036487575726
0.7283319183699799
0.7280858955762131
0.727792422152479
0.7277905254009238
0.7283826717118448
0.7288378245488414
0.7297676520441451
0.7301503793301289
0.7312066322395853
0.7318162470647963
0.7332573126362619
0.7341340397100653
0.7357786505283472
0.7378738692612531
0.73970546298302
0.7397865579868101
0.7404787393307486
0.7413308468142885
0.7417993070342925
0.7418393112888655
0.7431813923520277
0.7440178733680529
0.7437861143080358
0.743876754473292
0.7461874430954164
0.7478692707008435
0.7505501114835054
0.7533432418531476
0.7546895526884272
0.7541681750811013
0.754259554084201
0.7535195172430944
0.7533458035271137
0.7535443625181084
0.7536035277022854
0.7528256982568806
0.7519921364073451
0.7510045590244092
0.7495285326078703
0.7486378819226682
0.7480268889061783
0.7478661523521533
0.747583284781677
0.747683313961199
0.7478135256438085
0.7480166034366357
0.7479821896644648
0.7481318849818824
0.7485535362152861
0.7489366750847186
0.7494805234542279
0.7501202521938682
0.7507363962662001
0.75085932260382
0.7508629854554013
0.7509025164962414
0.7513298816370708
0.7518681660985529
0.752829599326949
0.754219612588243
0.7554303708069834
0.7561121068988021
0.7570613724540158
0.7590519745170123
0.7608505132724852
0.7628949696730447
0.7650733156378724
0.767193639891589
0.7681439436801872
0.7687836731864311
0.7693928686855313
0.7706309165631033
0.7712638876075549
0.7720844915285423
0.7731961648296165
0.7739646481449292
0.7737090186674396
0.7736093823476712
0.77362705041706
0.7729820759696089
0.771924191077443
0.7707017972005215
0.769593477440739
0.7681115342540208
0.7666998098892311
0.7656501560895572
0.7645428186838531
0.7634845322661216
0.7634931993852214
0.7641916532491415
0.7653017797150956
0.7672493776996826
0.7687943228907984
0.7698659136890899
0.7712424690901037
0.7721004734254603
0.7729420659454183
0.7745250189798402
0.7755282853801257
0.7765540280905819
0.7784155069413295
0.7799344219225567
0.7797180390215124
0.7793670158737006
0.7782509455518447
0.7770206897749171
0.7750793552910279
0.7743877957645375
0.774016891361426
0.7739244773040657
0.7730070981080623
0.7731132977374153
0.7728298287103007
0.7724126071480621
0.7719680282442182
0.7713766163396982
0.7708103064532869
0.7709186261806739
0.7709903011020922
0.7709604320365249
0.7714591565293867
0.7711942205580478
0.7712476794096678
0.7709063982523315
0.7705718630726267
0.7702815679825304
0.7702220712280813
0.769322056177665
0.7687510796587376
0.7682054367885418
0.7675610131593218
0.7674748254212316
0.7671637422881452
0.7669766844275403
0.7668149531125549
0.7666137457653217
0.7660376537476308
0.7659539766551676
0.7664140526380668
0.767289823941892
0.7682634675688129
0.7696081277815049
0.7700972901864515
0.7702490955033231
0.7702308987601899
0.7706345556903154
0.7711805765815316
0.7724563017716595
0.7732300215489798
0.7738285806612395
0.7727446058137621
0.7711901846372707
0.7695168576288844
0.7680572306955487
0.7662901165588034
0.7652140072291316
0.7641844634285143
0.7632172309390421
0.7622501512258888
0.762108682458994
0.7623576391935197
0.7627863712585292
0.7628803452216701
0.7635581301272126
0.7637462768058234
0.764084061875454
0.7649756530832
0.7658215408251015
0.7659389267721917
0.7662483714683839
0.7663541238930731
0.7659039064490988
0.7660985712774381
0.7674565565288094
0.7698336088331471
0.7725162552104248
0.7746314398043277
0.7773046524266494
0.7788362259288717
0.7797062257227498
0.7816588794108092
0.7836563807116808
0.7849405634048559
0.7859227483685091
0.7857330724071183
0.7842977501151963
0.7823916731575699
0.7805610369586224
0.779191945648263
0.7779623202515141
0.7768478546686755
0.7768354373873593
0.7763386845947496
0.7762074190980073
0.7761654370969174
0.7761364047306214
0.7756800919799359
0.7752947060851569
0.7745959738994103
0.7749129495368722
0.7742203449335706
0.7737410211017214
0.7733098380458292
0.7729497838139336
0.7721110672282308
0.7724495852011294
0.7726891235884293
0.7740900245214993
0.7757717100828573
0.7765976341634528
0.7768095895604568
0.7774213299023501
0.7767066305094384
0.7759303350204896
0.7759659672596319
0.7759922589880278
0.7759586444035819
0.7763692130644149
0.7764380975362288
0.7758777226388518
0.7753791564634721
0.7743300680596441
0.773258504201604
0.7730186233685392
0.7740040146868592
0.7752382597673684
0.7759147069033911
0.7776250052721676
0.7791902333602359
0.7796084279309545
0.7797219861032405
0.7799067689025377
0.7791287895732475
0.7777328868663276
0.7765453467378408
0.775750245652576
0.7755879530967723
0.7758688268317743
0.7760076852649365
0.7760619496511232
0.7758885234423445
0.7758003416308991
0.7753988925978964
0.7752133319206819
0.7758725552880988
0.7762485283365617
0.7764115950786247
0.7762439652443613
0.77573253686239
0.7746340032040485
0.7743912384320994
0.7749306765485491
0.7754593784082825
0.7763040810914774
0.7777538289855961
0.7781923985221868
0.7779472781590335
0.7776014407048804
0.7770942500292051
0.776215749000874
0.7756967961392619
0.7751892672637855
0.7747781274765064
0.7747201887926156
0.7744368071656222
0.7740233127466549
0.7733521734077482
0.77269158931534
0.7719337099248194
0.7716377030065343
0.7721646674608644
0.7729555181382369
0.7737143064451368
0.7743735389332125
0.7742488748609754
