0.8308523327400786
0.8308363869403329
0.8308260692312885
0.8308318222019566
0.8308428617990152
0.8308577571890482
0.8308756107390353
0.8308940315698196
0.8308857704333147
0.8308806050564365
0.8308631876170348
0.8308501208651955
0.8308479654585759
0.8308512632818414
0.8308643249102472
0.8308841219693109
0.8308871137098052
0.8308769515134831
0.8308669033623538
0.8308665830057116
0.8308572056798268
0.8308638816214997
0.8308644590535462
0.8308761816095096
0.8308709335564887
0.8308921611052872
0.8309055343847478
0.8309326595566553
0.8309599755246379
0.831018866106933
0.8310678969634075
0.8311136010709624
0.8311646902787718
0.8312101126683955
0.8312327199041523
0.8312338995687124
0.8312387811948657
0.8312319817381196
0.8312181223175802
0.831191525531815
0.8311864619824157
0.8311664599824856
0.8311376323132827
0.831111406899482
0.8310849740753633
0.8310570000839126
0.8310386825341872
0.8310253344993823
0.8310163504783679
0.8310176305511692
0.8310131795148947
0.8310193646447447
0.8310274148854372
0.8310377960864801
0.8310384745624586
0.8310423158493897
0.8310526941313832
0.8310586845200214
0.8310657167136326
0.8310840457996508
0.8310967277900215
0.831090212741842
0.8310865748342712
0.8310704176060161
0.8310468119013448
0.8310378750557607
0.8310502547087966
0.8310499510901633
0.8310858600676919
0.8311066120701585
0.8311209840139944
0.831126872786589
0.8311695539384789
0.8311874802930759
0.8312014534102321
0.8312131134212737
0.8312467257267733
0.8312339628659478
0.8312509895494804
0.8312963599216627
0.8313579328198473
0.8313954122716095
0.831467079573944
0.8315117292583452
0.8315273107807596
0.8315250936469668
0.8315064679481387
0.8314859016414353
0.8314459546646706
0.8314156241034144
0.83138511099802
0.8313562371320476
0.8313163156334867
0.8312751087503779
0.8312270127069771
0.8311813590760688
0.8311507796430871
0.8311076069665748
0.8310782516815539
0.8310653350127492
0.8310463450873619
0.8310288774443088
0.8310211962834775
0.8310162976934955
0.8310149503317765
0.8310161307688477
0.8310136290415763
0.8310110682111803
0.8310091955416112
0.8309970501571525
0.8309854012273775
0.8309778159907506
0.8309688402060174
0.8309629593347497
0.8309704545920459
0.8309690340154245
0.8309642439607445
0.8309618267313684
0.830953985800502
0.8309512710491432
0.830962870433573
0.8310022803254051
0.8310344534607722
0.8311005289301794
0.8311651029982109
0.8312339040573435
0.8312530201642998
0.8312407782165906
0.8311983314212851
0.8311326986267614
0.8310503946428545
0.8309932668820847
0.83097232407464
0.8309552621218568
0.8309572613997674
0.8309795637519501
0.8310014177779051
0.8310550328014635
0.8311184114879399
0.8311574449710322
0.831153656922377
0.8311657456388716
0.8311571717000534
0.8311395548519461
0.8311570461372683
0.8312118190970366
0.8312348266553192
0.8312490747159477
0.8312575825753035
0.8312278480834873
0.8312010032474305
0.8311900687063952
0.8312045974495306
0.8312391444689554
0.8312762466918142
0.8313221512721936
0.8313516986452031
0.8313317627370566
0.8312948002223766
0.8312586924748289
0.8312060958269607
0.8311780961748836
0.8311642473771258
0.8311515442109981
0.8311475335246469
0.8311343598403531
0.8311107016308974
0.8311004879695747
0.8310934872352491
0.831082736196544
0.8310779981804175
0.8310678532259856
0.8310549521353862
0.8310392493052261
0.8310434607715257
0.8310326102285732
0.8310366516727771
0.8310508491803666
0.8310609155100002
0.8310873748753607
0.8311151665338686
0.8311634089326804
0.8312048708954208
0.8312278822885623
0.8312398518222288
0.8312444624456974
0.831232313726394
0.8311993004749333
0.8311972294613073
0.831169414600797
0.8311612734956073
0.8311512435375499
0.8311835905703547
0.8312095582649923
0.831246270035448
0.8312605704474961
0.8312824694883248
0.8312870456289222
0.8312831615026995
0.8312726189198003
0.8312836236770268
0.8312764429319722
0.8312585597586712
0.8312379974881647
0.8312332912593512
0.8312234110907691
0.8312096741318439
0.8312009875084763
0.8312223279686296
0.8312207011570056
0.8312305345505931
0.831239324847791
0.8312459366154615
0.8312288682415759
0.8312315378829013
0.8312218542505633
0.8312249744639005
0.8312449067926809
0.8312521328602482
0.8312524434684788
0.8312694080873224
0.8312872097163085
0.8312835001067442
0.8312733428281348
0.831273425241072
0.8312653925011116
0.8312513452420671
0.8312289285284152
0.8312255015638357
0.8312135073941173
0.8311977251429578
0.8311834878870187
0.8311838121191124
0.831189732047742
0.8312120227581378
0.8312261105013959
0.8312409078475014
0.8312644088481235
0.8312815569379421
0.8312864444914336
0.831295611036682
0.8313147975445414
0.8313294721770657
0.8313525190882112
0.831373537749835
0.8313816634692212
0.831374172494572
0.8313729682943981
0.8313736019806981
0.8313656509885717
0.8313728944189649
0.8313696891768699
0.8313634924890513
0.8313417257988256
0.8313265741042701
0.8313268399685737
0.8313458635835643
0.831353388634808
0.8313940845177401
0.8314346609854035
0.8314520624974617
0.8314659198289786
0.8314871189875492
0.831476338682217
0.8314860318722722
0.8315032128172598
0.8315032144266452
0.8314843626363427
0.8314667493258211
0.8314306264857927
0.831391870581261
0.8313708131192568
0.8313643694108093
0.8313763009654005
0.8313928229906922
0.8314227704739163
0.8314618007518929
0.8315106058862982
0.8315330037644724
0.8315420357468124
0.8315430956631009
0.8315366636683534
0.8315277014471574
0.8315353002608551
0.8315519960222583
0.8315765636632695
0.8316002758441384
0.8316010415189526
0.8316130557483363
0.8316243348875437
0.8316269948384536
0.8316218196495304
0.8316284321640125
0.8316229583802894
0.8316284569845095
0.8316583453819635
0.8317272193943905
0.8318344121510368
0.8319431596052607
0.8320010432365097
0.8320193232658432
0.8320114913829695
0.8319789528988508
0.8319593664187427
0.8319571864493671
0.8319736409040895
0.8320032536507155
0.8320063925412458
0.8319976928970875
0.832000107785907
0.8319984219106177
0.8319857333614554
0.8319814110325575
0.8319565961180598
0.8319389841917749
0.8319430569110438
0.8319366871289335
0.8319529665810452
0.8319791944624552
0.8320053257654604
0.8320102063190128
0.8320370383631934
0.832051995874831
0.832052993269025
0.8320508078784687
0.8320443629568745
0.8320066251795005
0.8319686853423106
0.8319354418044902
0.8318923575348695
0.831857739288896
0.8318378704096875
0.8318216529301089
0.8318223569097374
0.8318182790176972
0.8318117210828372
0.831807153235241
0.8318003344545972
0.8317867984557263
0.8317667542310584
0.8317413414692806
0.8317181554406944
0.8316966366552128
0.8316592785549772
0.8316438435014055
0.8316444151547256
0.8316328964608918
0.8316129909625517
0.8316090332202277
0.8316038305884532
0.8315897403502829
0.831597718836188
0.8316096034139706
0.8316217938855607
0.831649793575988
0.8316933470562641
0.8317104009533283
0.8317286760596528
0.8317280046041703
0.8317117907451509
0.831677148568371
0.8316592879261485
0.8316406099364385
0.8316374240127503
0.8316349017082159
0.8316430055202282
0.8316386098721212
0.8316453509660933
0.8316678421223992
0.8316663325244328
0.8316672190817521
0.8316886034792925
0.8317047645695977
0.8317002709292926
0.8317374948520726
0.831760979199001
0.8317649999013352
0.8317508248554772
0.8317570273779166
0.8317666990232389
0.8317751364649885
0.8317829835444264
0.8317931220770205
0.8317911059918515
0.8317684973421091
0.8317415849817352
0.8317317112937165
