0.552569038279552
0.5703949130213832
0.5827852606315113
0.5558028542718602
0.5616147364833782
0.5656284281780056
0.5683463652465491
0.5701333198786693
0.5712587430726871
0.5719238894021776
0.572280008307629
0.5724409974757049
0.5724924668059647
0.5724983876656147
0.5725060655641777
0.5725499168515705
0.5726543722873205
0.5728361304749201
0.5731059190821313
0.5734698782195433
0.5739306504799659
0.5744882411772402
0.5751406972901839
0.5758846426211077
0.5767156984874148
0.5776288130634154
0.6151817650647038
0.6162826292615449
0.6174509119271502
0.618680653934483
0.6199660348572499
0.621301436884299
0.6226814894148813
0.6241010984833577
0.6255554643558511
0.62704008998732
0.6285507824965236
0.6300836493852037
0.6316350908778889
0.6332017894749813
0.6347806975819732
0.6363690238918391
0.6379642190477135
0.639563960992276
0.6411661403134054
0.6427688458181707
0.644370350505507
0.6459690980589647
0.6475636899423327
0.6491528731507027
0.6507355286460744
0.6523106604885441
0.6538773856604334
0.6554349245704912
0.656982592217855
0.6585197899901947
0.6600459980669249
0.6615607683961819
0.6630637182131102
0.6645545240666555
0.6660329163223185
0.667498674109019
0.6689516206792532
0.670391619152979
0.6718185686170622
0.6732324005536151
0.6746330755720934
0.6760205804215603
0.6773949252610576
0.6787561411675077
0.680104277862015
0.681439401636802
0.6827615934663345
0.6840709472874192
0.6853675684342251
0.6866515722152724
0.6879230826204509
0.6891822311470815
0.6904291557349149
0.6916639998007859
0.692886911364392
0.6940980422573757
0.6952975474085253
0.6964855841985164
0.6976623118781544
0.6988278910445949
0.6999824831704725
0.7011262501813011
0.702259354076901
0.7033819565929629
0.7044942188991937
0.7055963013307868
0.70668836315024
0.7077705623367958
0.7088430554010137
0.709905997222191
0.710959540906556
0.7120038376643192
0.7130390367038469
0.7140652851413629
0.715082727924721
0.716091507769922
0.7170917651091555
0.7180836380492599
0.7190672623395833
0.7200427713483224
0.7210102960464886
0.7219699649987341
0.7229219043603295
0.7238662378796523
0.7248030869055972
0.7257325703993757
0.7266548049502134
0.727569904794507
0.7284779818380278
0.72937914568081
0.7302735036443844
0.731161160801054
0.7320422200049339
0.7329167819245022
0.7337849450764354
0.73464680586052
0.7355024585954504
0.7363519955553467
0.7371955070068356
0.7380330812465559
0.7388648046389656
0.7396907616543331
0.7405110349068159
0.7413257051925334
0.7421348515275508
0.7429385511857047
0.7437368797362031
0.7445299110809407
0.7453177174914825
0.7461003696456672
0.7468779366637908
0.7476504861443389
0.7484180841992337
0.7491807954885716
0.7499386832548303
0.7506918093565248
0.7514402343012974
0.7521840172784288
0.75292321619076
0.753657887686019
0.7543880871875415
0.7551138689243868
0.7558352859608454
0.7565523902253338
0.7572652325386839
0.7579738626418221
0.7586783292228452
0.7593786799434966
0.7600749614650462
0.76076721947358
0.7614554987047073
0.7621398429676907
0.7628202951690057
0.7634968973353408
0.7641696906360427
0.764838715405018
0.765504011162099
0.766165616633882
0.7668235697740499
0.7674779077831849
0.7681286671280855
0.7288217044040692
0.7294635518154351
0.7301020715087726
0.7307372954894015
0.7313692551453315
0.7319979812630755
0.7326235040430564
0.733245853114616
0.7338650575506338
0.7344811458817653
0.735094146110308
0.7357040857237035
0.7363109917076857
0.7369148905590804
0.7375158082982668
0.7381137704813097
0.7387088022117674
0.7393009281521861
0.7398901725352864
0.7404765591748519
0.7410601114763233
0.7416408524471112
0.7422188047066279
0.7427939904960521
0.7433664316878275
0.7439361497949057
0.744503165979739
0.7450675010630294
0.7456291755322396
0.7461882095498739
0.7467446229615323
0.7472984353037482
0.7478496658116093
0.7483983334261723
0.7489444568016767
0.7494880543125586
0.7500291440602758
0.7505677438799443
0.7511038713467947
0.751637543782451
0.7521687782610383
0.7526975916151226
0.7532240004414891
0.75374802110676
0.7542696697528608
0.7547889623023359
0.7553059144635179
0.7558205417355557
0.7563328594133054
0.7568428825920863
0.7573506261723068
0.7578561048639635
0.7583593331910178
0.7588603254956512
0.7593590959424052
0.7598556585222082
0.7603500270562897
0.7608422151999915
0.7613322364464705
0.7618201041303035
0.7623058314309914
0.7627894313763688
0.7632709168459201
0.8035926526194567
0.8040651950378476
0.8045355885535541
0.8050038462897144
0.8054699812289055
0.8059340062160543
0.8063959339612694
0.806855777042597
0.8073135479087002
0.8077692588814683
0.8082229221585535
0.8086745498158413
0.8091241538098521
0.8095717459800805
0.8100173380512701
0.8104609416356277
0.8109025682349791
0.811342229242866
0.8117799359465883
0.8122156995291907
0.8126495310713974
0.8130814415534949
0.8135114418571655
0.8139395427672721
0.8143657549735954
0.8147900890725264
0.8152125555687126
0.8156331648766647
0.8160519273223162
0.8164688531445468
0.8168839524966632
0.8172972354478438
0.8177087119845434
0.8181183920118642
0.8185262853548894
0.8189324017599835
0.8193367508960596
0.8197393423558137
0.8201401856569273
0.8205392902432403
0.8209366654858942
0.8213323206844453
0.8217262650679507
0.8221185077960274
0.8225090579598846
0.8228979245833299
0.823285116623751
0.8236706429730729
0.8240545124586922
0.8244367338443869
0.8248173158312062
0.8251962670583366
0.8255735961039479
0.8259493114860191
0.8263234216631441
0.8266959350353176
0.8270668599447031
0.827436204676383
0.8278039774590888
0.8281701864659179
0.8285348398150293
0.8288979455703275
0.8292595117421261
0.8296195462878008
0.8299780571124229
0.8303350520693827
0.8306905389609949
0.8310445255390931
0.8313970195056103
0.8317480285131448
0.8320975601655167
0.8324456220183103
0.8327922215794031
0.8331373663094879
0.833481063622578
0.8338233208865068
0.834164145423413
0.8345035445102169
0.8348415253790882
0.8351780952179004
0.8355132611706803
0.8358470303380439
0.8361794097776276
0.836510406504507
0.8368400274916096
0.8371682796701184
0.8374951699298677
0.8378207051197317
0.8381448920480042
0.8384677374827725
0.8387892481522828
0.8391094307453003
0.8394282919114605
0.8397458382616161
0.8400620763681758
0.8403770127654374
0.8406906539499159
0.8410030063806645
0.8413140764795894
0.8416238706317613
0.8419323951857194
0.8422396564537704
0.8425456607122841
0.8428504142019813
0.8431539231282194
0.8434561936612717
0.8437572319366027
0.8440570440551387
0.8443556360835348
0.844653014054436
0.8449491839667361
0.8452441517858315
0.8455379234438711
0.8458305048400032
0.8461219018406172
0.8464121202795835
0.8467011659584881
0.8469890446468658
0.8472757620824276
0.8475613239712876
0.8478457359881838
0.8481290037766985
0.8484111329494743
0.8486921290884267
0.8489719977449556
0.8492507444401517
0.8495283746650028
0.8498048938805945
0.850080307518312
0.8503546209800347
0.8506278396383332
0.8508999688366605
0.8511710138895419
0.8514409800827629
0.851709872673555
0.8519776968907788
0.8522444579351051
0.8525101609791935
0.8527748111678702
0.8530384136183033
0.8533009734201751
0.853562495635854
0.8538229853005632
0.8540824474225498
0.8543408869832494
0.85459830893745
0.8548547182134559
0.8551101197132475
0.8553645183126404
0.8556179188614438
0.8558703261836157
0.8561217450774186
