0.5604759321607117
0.5640646951644678
0.5657093746995169
0.5653671016754382
0.5664815303031747
0.5682255576162905
0.5683364730916601
0.5707351058594204
0.571684862323645
0.5700464770121545
0.5660254496792534
0.5633774271168066
0.5570217308021327
0.555546826779371
0.5601989835220782
0.5649072785023463
0.570672503073185
0.5782627298389965
0.5820854020658491
0.5817104668490478
0.5830690117977263
0.5839743680468092
0.5860673026573531
0.5895723685796013
0.5916260065239262
0.5937490516528049
0.5964925091190314
0.5999780118707281
0.604136322448016
0.6094796597123768
0.6145824532801447
0.618533052478531
0.6226534271892046
0.6248834753194602
0.6254831336114738
0.6274192214067853
0.6273877500888457
0.6278109981949282
0.6291055793576193
0.6305255358174561
0.6302394010309382
0.6317901765867814
0.6324604327379846
0.6323990208265322
0.6328981406658433
0.6327074409832524
0.6338034971150731
0.6322527215592301
0.630512607120401
0.6309749819678808
0.627613663838694
0.6253079143003258
0.6278227362173475
0.6307805397361191
0.6322961012247048
0.6381421307525786
0.6441581059177087
0.6479154535589692
0.6525936380209025
0.6578231678855679
0.6632578572546001
0.6665970601385537
0.6693025817381661
0.6728690593717198
0.6748600947299562
0.6749412399369292
0.6750392267152439
0.6759995305272518
0.6739981181463481
0.6739627339541218
0.6738894140954281
0.6756557263784523
0.6759012034989991
0.6785728722312531
0.6796075166517684
0.6832524176929382
0.6830942100781009
0.6844542857512061
0.684228201876389
0.6849193823980427
0.6851141650798893
0.6893992119540748
0.6938057216514132
0.698905963344646
0.698663037898487
0.7000804426839361
0.6969562659521097
0.6913764675901172
0.6859744404138076
0.6854295595597499
0.6847946874006259
0.6857764257578443
0.6885605410901888
0.6913681322672248
0.6956479054675186
0.6976950790633158
0.6981144144952588
0.7003391887514758
0.7047861857896692
0.7073403043729101
0.7110216101559732
0.7178971803552925
0.7221677674077019
0.7246264510871628
0.7267153030987451
0.7294209950234736
0.7323226603046845
0.7348846042362046
0.7388978060206792
0.7430418269011599
0.7459734323755897
0.7465089569567941
0.7475514267255887
0.7466787326692285
0.747939460764414
0.7464972191345219
0.746792540068924
0.7437486579192256
0.7429138997294794
0.7389697650797677
0.7331482321463992
0.7283184745431251
0.7305733595178241
0.7303107007761446
0.7293662177856647
0.7299554990550109
0.732259887593627
0.7292328470152704
0.7282335867869815
0.73157142887133
0.7335611032298146
0.7264543456067554
0.7218479500789419
0.7129969952179448
0.7035058945239322
0.700068704861664
0.7045966771820084
0.7064713532660145
0.7118368055754619
0.7147644985758989
0.716098376404809
0.7179926158595136
0.7233527946952164
0.7288880225169511
0.7349994325858611
0.7430351926278106
0.7486228161379354
0.7530385117830112
0.7556159362861212
0.7586586273608896
0.7601491820802101
0.7615005819803379
0.7625432218741017
0.7645146938616396
0.7657347644910012
0.7658550364393713
0.7661117412074302
0.7657106081464339
0.7649085121494104
0.7641821175604993
0.765413926012133
0.7671070885614324
0.7686408526211118
0.768609381103025
0.7681182569371094
0.765911854976661
0.7619507086306386
0.7586768299319833
0.7575246357627485
0.7552619254397703
0.7486932440723032
0.7428405800709329
0.7358838646646405
0.7282623365057115
0.7207753699919593
0.7182500009273015
0.717042859195142
0.715949354737709
0.7120901078441411
0.7108475821199021
0.7087587303084669
0.7053530119641384
0.7034392093388822
0.7060715812047701
0.7079933793032748
0.7093806735703888
0.7136813711411331
0.7197562063431808
0.726488198874408
0.732666124403693
0.7403818965916192
0.7477251151121629
0.7534864268087148
0.7594462637362842
0.7651606235433067
0.7664370023350512
0.7648481207876249
0.7615284810742229
0.7546612463979427
0.7494174268364705
0.7461367437394966
0.7415145273901552
0.7390837428045794
0.7367000802335021
0.7310552977360024
0.7278969276867325
0.7246063777418512
0.7175436800839959
0.7119271367301719
0.7141316673159616
0.7169305827200202
0.723140149692214
0.7297998429144142
0.7395109033846546
0.743688607207672
0.7464536693440781
0.7480007023507504
0.7530982222446267
0.7537701796455198
0.7561102926263005
0.7590129784571783
0.7620194349150224
0.7656376279372372
0.7691323168368183
0.7697539200489492
0.7705240343531262
0.7717180772632616
0.770661147872838
0.7728406714892155
0.7736611399821548
0.7761487433051674
0.7785980705116278
0.7808512542366367
0.7821228699295436
0.7869242182641727
0.7903251733095166
0.7936070474814204
0.7972876729647547
0.7986348199408048
0.800910458960838
0.8026638425468072
0.8043058000823524
0.806105114808037
0.8094480604413083
0.8107480854028601
0.8097954368141624
0.8071089682103416
0.8039953388262986
0.7993032047173493
0.7981768679422246
0.7984619821790756
0.7994573297332247
0.7986707141076441
0.7972744036174676
0.7927690567171164
0.7903711042490852
0.7887061808434617
0.7942254179188466
0.8017045590843193
0.8096282129762632
0.8166036413285561
0.8248081563331259
0.8301142382307488
0.8352063145259114
0.8400231432319832
0.8448212593923489
0.8462468297760151
0.8460785853884485
0.8451716980146449
0.8456250566390622
0.8436870974690918
0.8437451068811646
0.8431847452553699
0.8403410895863788
0.8376689106793648
0.8379955330068847
0.8375234616366136
0.8378893808304996
0.8405516930897533
0.8405428469916598
0.8357015214909356
0.8265509925713118
0.8159922450141234
0.807726658548186
0.7969319604684199
0.7909993419347127
0.7879328345651679
0.7800210890207593
0.7717990521451187
0.7667200748721271
0.7629761663028285
0.7645961791184035
0.7718939768741386
0.7812423505249037
0.7901514851230895
0.7969401262667843
0.803069568581672
0.8086597437661848
0.809438703968308
0.8123185942542235
0.8136065409434181
0.8145039019193997
0.8153418924835565
0.8180271704127416
0.8203989250365777
0.8241144243372315
0.8234491014098346
0.8271273451436031
0.8298793084579851
0.8324181165946049
0.8346468037251088
0.8389107563040218
0.8381515293974191
0.8378095966232785
0.832484972104771
0.825900640040745
0.822983834437882
0.8227276400447302
0.82072180461478
0.8245010971761576
0.8285345428312069
0.8290358740949677
0.8295749711003736
0.8303714531735678
0.8292347393757759
0.8295799043241804
0.832658489966082
0.8354608076693735
0.8406324982469352
0.8458775086831906
0.8475403905891862
0.8439375080135921
0.8392343163820999
0.8369238035447469
0.8300795345383982
0.8238075351050852
0.8225719841042807
0.8226811985301077
0.8224714456515781
0.8265256453519618
0.8332814541779651
0.8390846144152708
0.8431519129376784
0.8444584022477576
0.8438350979860838
0.8438264220129594
0.8441836652337209
0.8455308124099182
0.8465042150439501
0.8488382037259941
0.8502299210421548
0.8479444151742143
0.8468845936593177
0.8467502023392567
0.8480585630239948
0.8508641129015498
0.8562128939647714
0.8578363090795791
0.8560643828727255
0.8543305626574549
0.8512070664255045
0.8454039061881986
0.8440274993186586
0.845665204130273
0.8477436789190412
0.8505274538013008
0.8549312414991354
0.8577497200737455
0.8605118902858259
0.8628486009673738
0.8636454232905056
0.865420581671623
0.8677574622779929
0.8712053692128662
0.8745986690348998
0.8784021181409918
0.8802112997145837
0.8784774794993133
0.8755955477137699
0.8728381408006741
0.8705002394444906
0.8715675458575813
