0.8387267779298393
0.8397016567807924
0.8403932728240713
0.8404551457846258
0.840322760685247
0.8400323301074467
0.839600099670885
0.8391268560252025
0.8397783863455668
0.8402696465850251
0.8412012730951314
0.8419148327066311
0.8422234884283206
0.8423521344086221
0.8421655710349576
0.8417290512790777
0.8418689084992078
0.8424533610680973
0.8429926681605561
0.843214423252945
0.8436950924167427
0.8437074179993969
0.843884949892834
0.8437597362468284
0.8440978030745052
0.8436982671569551
0.8435109195364725
0.8428755915252305
0.8421596739828345
0.8400552594958189
0.8379805479560344
0.8357258401815104
0.8327354292378886
0.829690956175618
0.8282344520725317
0.8285838183052585
0.828616526243721
0.8296265013759418
0.8311612343840389
0.8335305429189775
0.8342483366283006
0.8359019972057654
0.8379235883499608
0.8395824929005531
0.8410655920313157
0.8424421019747393
0.8433161135636038
0.8439479626799196
0.8444090311363212
0.8445494627013688
0.8448434244444174
0.8448403279648911
0.8447837824431963
0.8446504904108166
0.8448016535608495
0.8448622762474486
0.8447258498047524
0.8447183260556184
0.8446822695383535
0.8442847412678822
0.8440491697061793
0.8444445423999553
0.8447277351124836
0.8453546468280323
0.8461038444240635
0.8464364662763904
0.8462875806022884
0.8464269469225276
0.8456929905424342
0.845266294136653
0.8450010200052317
0.8449838746023207
0.8437086740052171
0.8432137796613784
0.8428481827820631
0.8425567340518407
0.8412284088825615
0.8420586344231796
0.8414744245296338
0.839307278306447
0.8355705637076791
0.8329603337638032
0.8265240063078488
0.8218018940790448
0.8202915371490295
0.8210479902567507
0.8237951577251956
0.8265553033882588
0.8309628345566089
0.8339540828785668
0.8365958534879401
0.8387999286633743
0.8413205612024716
0.8434553796940909
0.8454034746921409
0.8468269161604343
0.8476017884303995
0.8483785643050955
0.8487657751407639
0.8489228543554332
0.8490683350156217
0.8491529583198292
0.8491879770176338
0.8492030614265973
0.8492147057508371
0.8492309449552178
0.8492336574696907
0.8492309365226935
0.8492303860330398
0.8491710307159311
0.84908331098973
0.8490079211506905
0.848899447943402
0.8488030029312776
0.8488569205813739
0.848809126548675
0.8487108773850611
0.8486399971069858
0.848483853294272
0.8483878359253235
0.8485182966016509
0.8489939026853214
0.8492666000770351
0.849531134152415
0.8493504666082512
0.8486262947581298
0.8483782935548981
0.8486667421969144
0.8492616270155332
0.8496227326212218
0.8492521340459448
0.848441203943491
0.8479778291968673
0.8475260709925078
0.8474909587049133
0.8479182706379208
0.8482978738633408
0.8491025848575453
0.8496486684176658
0.8497740942725408
0.8497803684645548
0.8498032230077663
0.8497998635320767
0.8497390193844963
0.8498081150766844
0.8498216660555633
0.8497481119271607
0.8496879515276039
0.8496617310052567
0.8498740989045863
0.8499364327338226
0.8499305088140294
0.849964127736106
0.8499378157557599
0.849757860757161
0.8492964850479736
0.8488735215059722
0.8492743994016384
0.8497688235291343
0.8500234448643378
0.8500080459342232
0.8498236407322933
0.8496720835312912
0.8494900594393205
0.8494029480920008
0.849163509742244
0.8486714271268958
0.8483885377301791
0.8481574039285835
0.8478046813931737
0.8475914236707804
0.8472074978585372
0.8466949740564782
0.8460302743541862
0.8460710872420842
0.8455325424138448
0.8455641146170794
0.8459932559264967
0.8462508057590024
0.847053804462363
0.84780621075071
0.8489158887995296
0.8496075137910293
0.8498883904463316
0.8500026401332874
0.850028839299325
0.8498651426280692
0.8493185984184208
0.8492309991235173
0.8485710285588354
0.8482996371117745
0.8479474473617375
0.8487208266489169
0.8492323404786214
0.8498217095491893
0.8499873318808132
0.8502169740966806
0.8502444294127274
0.850185395442961
0.8500407722649386
0.8501515681189274
0.8500363714669441
0.8497406203571974
0.8493181139336737
0.8491657138746986
0.8488842828120104
0.8484697389591423
0.8481499390973529
0.8486703531889886
0.8485631079288789
0.8487538262338836
0.8489134258611875
0.8490176144046053
0.8485121299991322
0.8485170065063291
0.8481663315093348
0.848183399802741
0.848681918855412
0.8488123887546606
0.8487564692884598
0.849126369642648
0.8494821585507483
0.8493509267045263
0.8490523949385084
0.8489975863676337
0.8487217545264369
0.84823676917204
0.8473998028028609
0.8471810626369437
0.8466059713050219
0.8458116088966474
0.8450103213170528
0.8448927181943394
0.8450586116675584
0.8459959238398701
0.846500601748342
0.8470067715547226
0.8477987366516743
0.8482956186110937
0.8483770415435001
0.8485929544504774
0.8490791698086333
0.849401500785179
0.8498797068710882
0.8502423105426387
0.8503460572797171
0.8501868385141397
0.8501298615454093
0.850103605714155
0.849904433180273
0.8500155592646643
0.8499056744496258
0.8497234494542748
0.8491122473272821
0.8485891808250552
0.8485278277562132
0.8490501495565477
0.8492037439937271
0.8501351732487795
0.8507789044655537
0.8509610523795005
0.8510744176212153
0.851202984717199
0.8511391286774975
0.8511935101083298
0.851265396104393
0.8512687383573354
0.851171314347404
0.8510064186406582
0.8504601883523141
0.8495439523799942
0.8488659029686905
0.8485854119176095
0.8489114116942162
0.8493545314449512
0.8500803025742193
0.8507893894612371
0.8512987376090029
0.8513945299671085
0.8514128574562464
0.8514208812634994
0.8514160984853049
0.851382542923082
0.8514149692431986
0.85145988028528
0.8514363711647452
0.8513146766358345
0.8513346831053064
0.8512516174689777
0.8511538220159043
0.8511544024727627
0.851245855933009
0.8511988234956721
0.8512906014810452
0.8512609514805052
0.8508644840754099
0.8491087466050998
0.8434091867320771
0.8321804547612587
0.8231163421192865
0.8198767241411157
0.8216794083144254
0.8276795103999348
0.8309246785827407
0.8314505805660322
0.8292053327924764
0.8244925919186752
0.8241752297501782
0.8259556864803673
0.825778367880004
0.8263064104023993
0.8286329491917427
0.8295343851490183
0.8333445390839769
0.8357990091633727
0.8354757937699568
0.836428615177307
0.8345797579140304
0.831133643215165
0.8272125194977314
0.8266073314750769
0.8219243920741784
0.8191617109098603
0.8192174596052961
0.8199332736244392
0.8214938738408505
0.8285411385522521
0.8343460125526362
0.8385350652575725
0.8428220332050947
0.8455271417903353
0.8468519357534111
0.8478092066153194
0.8478538265008906
0.8481344542067301
0.8485160369268715
0.848788398030173
0.8491418605583895
0.8497159250155925
0.8504080021751177
0.851080143990236
0.8515231110971996
0.8517931595308077
0.8519526841205022
0.8519153920621984
0.851916583545907
0.8518384327251468
0.8516186962676223
0.8515471523144262
0.8514482041185606
0.8511699445704916
0.851298925566262
0.8514830337131867
0.8516483433390353
0.8519292741725945
0.8520267822666111
0.8519608008114778
0.8518199049921132
0.8518492040214053
0.8520027718183687
0.8520648873660606
0.8519679601929362
0.8517701103942485
0.8517149489355101
0.8516615770613833
0.8517610725801597
0.8516854527277131
0.8517646852326212
0.852000345287804
0.8519823694470305
0.8519825877385624
0.8521237930224101
0.8521683890289576
0.8521666277037335
0.8520865936062003
0.8518756163402855
0.8518475964433199
0.8520332208543574
0.8519929796005365
0.8519018223023049
0.8518087330896686
0.851713377421233
0.8515614575545577
0.8516308164683292
0.8519988354162662
0.8522285467285223
0.8522632510907836
