0.8596779059686247
0.8607872836303007
0.8629304323013778
0.8636030430089644
0.8636866191651187
0.8637878404390666
0.8649955866507579
0.8666242462928251
0.8651517750475286
0.863623947750368
0.8599309183093043
0.861597517660822
0.8656408653093205
0.8660379438874724
0.8652876023126226
0.8675332066901358
0.8668182612317933
0.8668679815145341
0.8636798255993275
0.86605075847839
0.8683104814293244
0.8686263795844591
0.8685194389349992
0.8697005221678032
0.871910965593227
0.8691594380967428
0.8685183516207371
0.8679004754896215
0.868440896929918
0.8492696498045934
0.8326219247013655
0.841459258264169
0.84833446634798
0.8708931461797681
0.8696230835650814
0.8686681101877226
0.8689150916811549
0.8686776328039731
0.8664813137487422
0.8721233805338535
0.8730512399113954
0.8679450668642834
0.865360007802094
0.861956987528726
0.8593723301762234
0.8730731158879227
0.8755590234313223
0.8766045590869614
0.8771697722585853
0.8776702251649439
0.8795057449452423
0.8796812652178235
0.8799591225995456
0.8804916172137873
0.8804061071806434
0.880599492926155
0.8798461037441725
0.8800861550296822
0.8801881073741255
0.8802704857298143
0.8816402468797496
0.880344297798757
0.8786554512789672
0.8728217778151174
0.8744707951098435
0.8800629163910825
0.8769691714039738
0.8774304177580723
0.8690837277679635
0.8754378921992679
0.8770143980920706
0.8771189238595746
0.871902455952715
0.8647583344988429
0.8700810192612277
0.8738193135614911
0.8712862241856753
0.8685622826931544
0.8595717070942268
0.8472759622073582
0.826561299935175
0.8065025146652659
0.8450771674730011
0.8580467915416522
0.8745480469732085
0.8708338638764213
0.8569021957986888
0.8561612232825819
0.8721523662077988
0.8630510307784146
0.8688909192387131
0.8503841004204307
0.8733388295970623
0.8664683447873446
0.8454715562092769
0.8554915687698316
0.8612683540788683
0.8821444970069484
0.8866032015501469
0.8845586014959959
0.8856585137757336
0.8906889539186655
0.8927964932140372
0.8930429919984327
0.8937019246731568
0.8939168342549764
0.8937856046139441
0.8942098036360046
0.8939356321572899
0.8918649257345795
0.8916878506083993
0.8922318598972192
0.8941905575232896
0.8961373833926237
0.8960275344058047
0.8954645657026618
0.8944744723824204
0.8943155655125704
0.8933489090240649
0.8962236708202658
0.8946207645143989
0.8727135109969231
0.868169876842981
0.8471584670738618
0.8355860620074355
0.8466090491212162
0.8591783780938884
0.8223981177234646
0.777166847767715
0.7561508542825622
0.8321086872597617
0.8870190039965524
0.8910264496191482
0.8996404291343736
0.9004148312274939
0.8929700546330437
0.890085810660787
0.8588990183038665
0.8357343939085874
0.8611082824164884
0.8509759472932452
0.8588838915983026
0.8636736717431982
0.8863325010155293
0.8725688981547202
0.8745882870653942
0.8860878996614436
0.8918265898086993
0.895261636793297
0.872839016212751
0.8878301356499196
0.8910714552404359
0.8793059096339653
0.8371679161941448
0.860282164602058
0.8600291337040017
0.8916166590173904
0.862539123071844
0.8566209874775544
0.8180028404444855
0.8640913978596061
0.8977769331569595
0.8988086563401569
0.9033604210298969
0.8999603663312087
0.8953476561077125
0.900846724382106
0.9026645049632268
0.9072706839956942
0.9055877569630145
0.9048073979462017
0.9013121947108274
0.9004608831955659
0.9070217929366138
0.9070574508710637
0.9067988701664896
0.9069631119052309
0.9047745342426364
0.9047972433299121
0.8842812986112922
0.8926730956396873
0.8725916533371305
0.8625423159017656
0.8866123516177971
0.8871703827845935
0.8890229713815129
0.8939156719022898
0.896438794147584
0.8962581884387746
0.9006859089963183
0.8984915091723542
0.907738410633945
0.8846911313907083
0.8630274031427495
0.8699987702068578
0.8866796614041565
0.8989153008376897
0.8993001489736697
0.9011844370951531
0.9018844046977053
0.9081156279957112
0.906522661323016
0.9096143449087672
0.9091530774700423
0.9100842597111902
0.911468300722311
0.9116755647902401
0.9126698811572603
0.9018843628563745
0.9022599615855431
0.9015755035400571
0.9047283574827977
0.9071651102254008
0.9143292625647194
0.9145011966402434
0.9162193432010092
0.9163568302297244
0.9061827407775429
0.9074041295104022
0.9068814854393965
0.9089544332496283
0.9069493443258435
0.9100584540629357
0.8983301579329951
0.8968431216854552
0.8981013684168258
0.9095797509935983
0.9122944914936991
0.9087387004472662
0.9053303256412044
0.9092155077333127
0.919507489288169
0.9199893544183794
0.9194655478329804
0.9092370754289112
0.9099638717973256
0.9117285361667279
0.9127263359863668
0.9168941788688226
0.9163380198239124
0.919065370055416
0.9174740509938157
0.9123114728926462
0.9055266728871565
0.9043177190529759
0.9116374105386623
0.9048371466499494
0.9048857736695749
0.9066765209473321
0.9129706287703533
0.9147510431977057
0.9083701266069589
0.907731547674128
0.9131842887582189
0.9157201920883777
0.9177965671041917
0.9122555431447333
0.9109031149734418
0.8786192780760066
0.8870045006463968
0.8968788493040168
0.9030253314202374
0.9197992500361516
0.9208835858141922
0.9131319179319373
0.9109751330486803
0.9095283005316549
0.8841187338314795
0.8532087808069103
0.8689491131702443
0.9050188331931929
0.9236049321577664
0.9257616540632494
0.9199844054176622
0.9106355579385184
0.8992661023139291
0.8800037983847221
0.8803800436713614
0.8989506201102174
0.9091493538265027
0.9084041784684658
0.9093173339356374
0.9230007189937419
0.9193201320196781
0.9193637624707441
0.9176165123444182
0.918291449473587
0.9174760755165677
0.9167801593953206
0.918105708927228
0.9180310472738762
0.9196427627421003
0.9250279171687581
0.9252743651420577
0.9226755640952089
0.8629640755544715
0.631176372356828
0.6094410341604343
0.7160565548572667
0.5530081076140105
0.6573412591197838
0.6146510989148412
0.6612410182887924
0.8322509712834553
0.8391222033783863
0.8606785545251616
0.87511339613382
0.8815613392573735
0.9024149488868398
0.9026960764418371
0.8992925368298462
0.9209686563395025
0.9093684224389483
0.8919288219195651
0.8991197436151879
0.8938349952731912
0.9066880228698765
0.8889870234606816
0.8983239446275906
0.9151245809376143
0.9159779695561246
0.9083754458320233
0.906701409222717
0.9064178530066025
0.9036322688295966
0.8797777256239038
0.8179094814931128
0.8362772516674922
0.8288483322218023
0.8694854138379451
0.9082161519186289
0.9096438776152631
0.9319730516782884
0.9277615169952492
0.926135832937643
0.9208791167579228
0.9163549163103898
0.9176193509833255
0.9343713388575275
0.9158497307887431
0.8784192928441921
0.868077235317231
0.8864162815571058
0.9235133591854181
0.9283453870171288
0.9287046002093258
0.9258134135365389
0.9271525532717363
0.925954995137716
0.9266500556228393
0.9363556970790768
0.9314601433495471
0.9311816476419694
0.9288202765034015
0.903024296896154
0.8708311316336215
0.8806698894873021
0.9046019934689703
0.8988007387682738
0.8822201664859597
0.9080939690827078
0.9179422831823043
0.9373491472641525
0.9380155666931632
0.9395097358616271
0.9380789284465345
0.935779784429217
0.9345585667926694
0.9107175088447532
0.9076542712770258
0.9078206970013153
0.9133560992804868
0.9074186988237442
0.9147096747530299
0.9030413355369429
0.9179916197881487
0.9209161292303956
0.8936177237095542
0.8964639403899868
0.8675107637100855
0.8552325408322967
0.8595729632767651
0.8924112201340513
0.8862176847077894
0.9168510029571926
0.9269589317024935
0.9357336232716787
