0.5466260399571853
0.5534856580617402
0.5580658852444675
0.5612581479064785
0.5637447539913016
0.5657963530671297
0.5674592584296221
0.569106705582518
0.5705609298194905
0.5717711033017291
0.572786946502967
0.5731052062965419
0.5747210458778408
0.5759697952504957
0.5773883268747493
0.5791165613108614
0.58054763123563
0.5828878298086193
0.5847007563326383
0.586099981308053
0.5875987859198519
0.5890764673878206
0.5906479527349807
0.5924009678758493
0.5940723468120833
0.5957369064561562
0.5972672052606801
0.598877959671749
0.6004894596106879
0.6023678440913264
0.6040799202130855
0.6059809118481605
0.6077718941496936
0.6094845130050175
0.6110552230462412
0.6125371883944359
0.6140634702887134
0.6155048932530628
0.6170047463224421
0.6186749507986284
0.620159874191118
0.6218252421965735
0.623302428107637
0.6247581143986006
0.6262658263337413
0.6277097116232759
0.6291808064123202
0.6304825142989331
0.6316784665650003
0.6330942874310901
0.63384681067521
0.6354363563102192
0.6363153879037206
0.6377277857826359
0.6388294842807503
0.641418417063085
0.6431979097697181
0.6441996723008258
0.6457711051132762
0.647400842993975
0.649409849574502
0.6510045372346044
0.6526282758438093
0.6541111761166758
0.655588896465701
0.6569035404824691
0.6581925934398729
0.6595289906247176
0.6607010224675532
0.6619678174628677
0.6632146219299754
0.6643050050527536
0.665577807867452
0.6670261602656692
0.6682041245804862
0.6696250554270815
0.6708210873150415
0.6721728830803496
0.673339635680718
0.6745657270921361
0.6756722570572107
0.6760697172474036
0.6761238452228544
0.6779408687480066
0.6788690581594541
0.6807246423273565
0.6805849564986816
0.6812494184819916
0.6838358093813557
0.6849430352342717
0.6864911607520223
0.6873268402914166
0.6887077740075969
0.6927197527909644
0.6917267444272599
0.6923514627008065
0.6936725274162814
0.6947416093597618
0.6950014277826412
0.6954178117944255
0.695136084000058
0.6981727121830875
0.7007915394995494
0.7019706049209171
0.7036687333825457
0.7042648138926791
0.7043611365197403
0.7057323171672288
0.706209121788084
0.708468044555863
0.709503678476729
0.7105899937565019
0.7120463933514889
0.7129728093721418
0.7136170011963175
0.714666712216473
0.7156545958917075
0.7142089339255768
0.7145943048560502
0.7169097585501337
0.7144808019218267
0.7172288725766091
0.7169005624922006
0.7179865550380522
0.7186844041229725
0.7206639283276716
0.722419509472488
0.7234691771637082
0.7251068432682993
0.7238066231308591
0.7261290047461816
0.7157549811292367
0.7094699441082063
0.7013664668983569
0.7218663618371597
0.729704389652758
0.7268116472422529
0.727418255925943
0.7319719285517403
0.7352556739405499
0.7362467787819394
0.7349690960222229
0.7334889050320146
0.731328147486505
0.7350503965257766
0.7368735810496423
0.7389522956858481
0.7404181937475879
0.7423707062045889
0.7451999991596846
0.7456080828372895
0.7462599135295944
0.7469752527296464
0.7480669371442461
0.7493077270082847
0.7500847109750761
0.7508658584499021
0.7515598639634413
0.7522982723496601
0.7529346565899683
0.7530280289067978
0.7528579356366549
0.7538070139541396
0.7545170852220336
0.7546634099092699
0.7552220610770295
0.7564979674506851
0.7583014818758272
0.7593248627729073
0.7590553693033758
0.7509023807743322
0.7398988870906846
0.7306068471623434
0.7512438815911511
0.7600310927038855
0.7619150628800387
0.7636369268656344
0.7644330496085988
0.7614485285053226
0.760240503879286
0.7611173529404389
0.7657305069382816
0.7683086037408894
0.7681896730515945
0.7680506333468466
0.768579210971892
0.765720420976599
0.7463908865694046
0.7592122020613481
0.7607819816601936
0.7608060127845032
0.7492056371956931
0.7539442142951952
0.7571072102234799
0.763990437359784
0.7530728479288178
0.7565440758596189
0.7566079316558844
0.7515152478258912
0.7725282791675552
0.7687160901948114
0.7645615338057428
0.7719848316473674
0.7730118608506936
0.7731752838993454
0.7790254087672451
0.7752000037042881
0.7694291202676913
0.7728863748188946
0.7675866289004004
0.7576950533342992
0.7468040322153382
0.7614317755236271
0.7820691336845141
0.7843609897763387
0.7844917663949963
0.7847271770424433
0.7908243514827485
0.7915720704188012
0.791461960030392
0.7904048681626777
0.7914837879898398
0.7888822195061802
0.7930409214952248
0.7943617549094704
0.7950547648640438
0.795926932023281
0.7969734123824879
0.7952207396500738
0.7967895435604336
0.7960240688786693
0.7953689379364361
0.7973128383033713
0.7967558193567785
0.8003277686352345
0.7983740062477197
0.797700149221527
0.8009171204077588
0.8029945991613042
0.8038110560155343
0.8032044643666516
0.802862627892839
0.8032415589541413
0.8063199049551141
0.8073369503220216
0.8072901119429909
0.8050929250047489
0.803563356775036
0.8029658772650005
0.8056966848486304
0.8058300555237171
0.806306259144055
0.8057222785186762
0.802358765438094
0.8022813176851866
0.8071731913326721
0.8105474039823597
0.7950218976809732
0.7912798699890725
0.7967783000233347
0.7995881446881179
0.812344376101278
0.8082920611183422
0.8096171866888362
0.8128797962156805
0.8148151747457848
0.8174230709704741
0.8178344372226506
0.8177091572064344
0.8179355514777754
0.8197871221500886
0.8202922081095542
0.8206508134173686
0.8159348779235447
0.8182420396396844
0.8183567199039414
0.8190655218187022
0.8191725501955577
0.8233488928512616
0.8238034968690696
0.8187977779220496
0.7883639425310109
0.7764070440203479
0.7897988681677036
0.8067982294597137
0.8237925340548345
0.8218027205995577
0.795646943499842
0.7989009224456411
0.7988769596604156
0.815204774850094
0.8080650964231441
0.8073195626236189
0.8008482261832052
0.8156594078016539
0.8231461818300709
0.8208519343195618
0.8281020805281314
0.8287794738684265
0.8310589350147188
0.832496698578526
0.8318157087321626
0.831788586456423
0.8337760248730457
0.8330770670936325
0.8336520623398502
0.8334273151500111
0.8310976491506554
0.831998576882782
0.8309598134047843
0.8295463450842269
0.8378383569704463
0.8377542704299228
0.8378179101456275
0.8270999016992769
0.8222405486865072
0.828557216957907
0.8293918177455496
0.8328253439362518
0.8330962575480861
0.8402933228260029
0.841018882585609
0.8407877482912731
0.8421690866593002
0.8424219177844583
0.842707056050218
0.8399701558233079
0.834514242920309
0.8327196060441331
0.837918022691003
0.842853582288843
0.8324847945072356
0.8279601302787496
0.8334734416068699
0.8374320577158347
0.8329815180817389
0.8329061962286225
0.8331475607240527
0.8343330507857343
0.8303191153759896
0.8391009996731944
0.8439361599692874
0.8490641515244652
0.8495505671186415
0.8488057601889417
0.8491588543621524
0.8490850551128588
0.8476541865707556
0.8472571753119044
0.851312352110991
0.8530437015681452
0.8503032759511
0.851573484296312
0.852087529907466
0.8513327687779576
0.8466865512318396
0.8499749084693449
0.8524060705231659
0.8478249113707593
0.8455176833967424
0.8479065250414933
0.8514379117532188
0.8547523518245864
0.8545668016376825
0.852814659155592
0.8490922085835204
0.8564275785824522
0.8567097455490842
0.8585315002943087
0.8590384317422403
0.8593213785138293
0.8606990191349055
0.8593646448500402
0.8567939417419861
0.854494129577603
0.8564535675975781
0.8606486606403277
0.8570021918629028
0.8549835507044947
0.8580321034854255
0.862296571603298
0.8604874876347121
