0.5485226176589755
0.5510208056536641
0.5527800271096871
0.5545424826054374
0.5565346353620434
0.558726333890353
0.5610491548719011
0.5634851568459381
0.5659099188992497
0.5682816623305349
0.5705823522439036
0.5728574351271494
0.5749801583439047
0.5771496721835998
0.5794484011384837
0.5817307594680597
0.5840305585232002
0.5863820166470758
0.5885749177958602
0.5905706425763833
0.5926003480707313
0.5945775496217153
0.5965742766359238
0.5986058265325327
0.6005448591007994
0.6024580776648505
0.6043712749899848
0.6062930761010279
0.6082222708710837
0.610182083426668
0.6121036427528526
0.6139452554043616
0.6157723548573105
0.617486153843151
0.6190971725835386
0.6207484548974538
0.6222860500240351
0.623826206605471
0.6253865841170494
0.6269320137786617
0.6283793076475049
0.6298979565264405
0.631357413531215
0.6327642689372812
0.6341823129281077
0.6355553273848242
0.6369743304685515
0.638254584961028
0.6395130278446355
0.6408629799949322
0.6420257661539153
0.6432247899967749
0.6446325685876149
0.6460506429347599
0.6473934039832321
0.6489213600074871
0.6504450532338907
0.6518568346248481
0.6533018563604925
0.6547619252242431
0.6562205275682393
0.6575759853118376
0.658895833239947
0.6602462735367773
0.6615177599382396
0.6626967577867567
0.66387056117673
0.6650763875417478
0.6661453082527387
0.6672936701694308
0.6684348440047125
0.6696507058400065
0.6707943794656019
0.6720359703410285
0.6732011786477764
0.6744727415763971
0.6755763472635659
0.6767383998687194
0.6778279346040588
0.6789516134604604
0.6800497307418274
0.6813122518235619
0.6825727849889813
0.6838553317245931
0.6849136549628317
0.6860345291550384
0.6869667446316704
0.6877971281409416
0.6886326312722216
0.6896593986556119
0.690678116282565
0.6917565500438034
0.6929011446876616
0.6940410229108395
0.6952315402310503
0.6963300150247851
0.6973617258174142
0.6984571878621673
0.6996298819679198
0.7007255363910643
0.7018568949590546
0.7030975302517692
0.70423588720834
0.7053028860247135
0.7063512113125894
0.7074156539062896
0.708480912603972
0.709528370699519
0.710618613089033
0.7117062926674179
0.7127472124403711
0.7137042489368773
0.7146729641132608
0.7155761570108027
0.7165429379434848
0.7174206990139017
0.7183486593811735
0.7191705837262414
0.7200571170089886
0.7208470363149789
0.7215791859181271
0.7223397162139045
0.7233063073238906
0.724194708892465
0.725059763117063
0.7259645993832621
0.7269126611800355
0.7277089947859064
0.7285582354444766
0.7295200711759545
0.7304398820960161
0.7311179485160517
0.7318605738506808
0.7324931801414132
0.7331100648484059
0.7338813103517542
0.7348490921707845
0.7357444517380445
0.7367178513653354
0.7376256252157743
0.7384904214268365
0.7393628689762355
0.740306562441856
0.7412454298037598
0.7421876632420653
0.743160045841284
0.7440720928985206
0.7449524755139134
0.7457901209361356
0.7466304864613379
0.7474361048952167
0.748234180938114
0.7490219366701364
0.7498208951776438
0.7506018844553767
0.7513601277242032
0.7521166098132624
0.7528588098973157
0.7535913533565612
0.7543217700755461
0.7550772724707768
0.7558345224685986
0.7565844833494251
0.757308662113356
0.7580231360717622
0.7587126014885863
0.7593783204409585
0.760051231279296
0.760747351932568
0.7614280832005283
0.7620595721539586
0.7626993711741975
0.7633280045021523
0.7639509384829261
0.7645766498716027
0.7652507645200936
0.7659350411193334
0.7666175591297765
0.7672742351156773
0.7679509755532262
0.7686186060186045
0.76927468005773
0.7699399305938746
0.7706324117543402
0.7713148952465756
0.7719892552926948
0.7726742197089744
0.773360753401657
0.7740418055752587
0.7747118204502269
0.7753790810396075
0.7760357436489367
0.77667894779233
0.7773149369430474
0.7779426449052683
0.778555179818478
0.7791594525758209
0.7797596478166838
0.7803563535960295
0.7809550524724956
0.7815540436068532
0.782152529090361
0.7827493259288002
0.7833444632568386
0.7839428073442283
0.7845373326310972
0.7851311293624249
0.7857338738945308
0.7863342971989676
0.7869091866364569
0.7874770118420209
0.7880258395129313
0.7885653190833286
0.7890831387376378
0.7896188470433835
0.7901560362972923
0.7906950027272456
0.7912089964199244
0.7917438903429553
0.7922644083009193
0.7927765280423669
0.7932830221368143
0.7937801067647474
0.7942729088994966
0.7947833150284304
0.7952890849905813
0.7957877498025479
0.7963025733399816
0.7967854645151111
0.797276903755344
0.7977487132164814
0.7982165411714435
0.7986820649578174
0.7991537148346429
0.7995838065189937
0.8000239042085094
0.800460692411681
0.8008883855262047
0.8013385866604665
0.8017741801302749
0.8022121470664532
0.8026478041334288
0.8030778570465902
0.8034843657080849
0.803913277684103
0.8043689329129227
0.8048461766843509
0.8053283242273184
0.805832402471418
0.8062842008658738
0.8067128125684494
0.8071278107892744
0.807567251775698
0.8080141246907921
0.8085093308339989
0.8089699923438993
0.8094171388446105
0.8097404178551719
0.810025727267982
0.8102985589162595
0.8105827224877074
0.8108411211910447
0.8111446549514683
0.8114476395873681
0.8117512614850829
0.812051149334375
0.8124067514174752
0.8127880040575132
0.8131804224308342
0.8135457883752615
0.8139532924589142
0.814321561023162
0.8146993331986777
0.8151194472808361
0.8155353396507596
0.8158902394167558
0.8162588555968638
0.8166082759179328
0.816907972712767
0.8172598754959238
0.8177113304464846
0.8182563267775607
0.8188369861166269
0.8193715805892902
0.8199687952733223
0.8204568245531662
0.8208773455777899
0.8214161754042915
0.8219665631847599
0.8224404824768335
0.822880802588523
0.8231803708154275
0.8233285194295465
0.8234203311458946
0.8235208401372918
0.8236730056358424
0.8238389787428342
0.8240156648323581
0.8243128435134406
0.8245532336517067
0.8248321162510233
0.8251187433928617
0.8254045909903746
0.8256392679457624
0.825879512233985
0.8260814103048604
0.8263973060236156
0.826594779246587
0.8268143564700942
0.8270370502631488
0.8272655567753752
0.8274365002632473
0.8277409990878302
0.828032452598132
0.8284601529840535
0.8289245727165179
0.829286243888757
0.829570805011328
0.8299042737085848
0.8300682410496693
0.8302223552418129
0.8304766392841605
0.8307278536354743
0.830969538626965
0.8312663627376072
0.8315176696790466
0.8316855267053059
0.8318593163919346
0.8319602613904985
0.832056897819344
0.8322576429528739
0.8326138603468122
0.8330034787541538
0.833320327272507
0.833777098319257
0.8342183994011941
0.8345010330395988
0.834739418354949
0.8349863292747046
0.8350945239501993
0.835114439161328
0.8351632097601754
0.8352652433395327
0.8354527871038143
0.8356999525674713
0.835926011014507
0.8361387079787659
0.8363178064276205
0.8365071523798528
0.8366506962937741
0.8368228510366988
0.8371128857249635
0.8373619801624326
0.8375793682255975
0.8377475878680692
0.8378645884900804
0.8378960693041728
0.8380484005637688
0.8383111202651596
0.8385716803718717
0.8388779805155558
0.8392750280899038
0.8395218469427989
0.8396642149558668
0.8397897990836052
0.839889560479256
0.8399323623339884
0.8400276980036187
0.840123326698694
0.8402318272536147
0.8403911683782885
0.8405156021296969
0.8406192891264901
0.8406835756652142
0.8407482690161671
0.8407976211414185
0.8409130671839923
0.8411473836841619
0.8414202595755356
0.8416885302865207
0.8419418426113567
0.8420757501251391
