0.3244274648426332
0.35420933707026486
0.40179826593010864
0.36515988447387737
0.3715307348673613
0.36752247037871505
0.3752125410217589
0.369535733377697
0.3733447882228706
0.39023513006389593
0.43057222478373147
0.43583384128599806
0.4215687859624569
0.4382417278596112
0.4546505602626471
0.4604577413102594
0.47285177558635294
0.5058284697518929
0.5186995395809354
0.5310375583282534
0.535635985521614
0.5524159121725227
0.5581333283865746
0.5631665424753489
0.570501758249015
0.5785003827426284
0.5815781356420071
0.5878688360982965
0.5964343320088218
0.5994353530100858
0.6024208904263484
0.6060692049172605
0.6085790426902674
0.6102860741778992
0.615253556619731
0.61668881661381
0.6208973397804961
0.6201362764872669
0.6253130826382
0.6253909786439105
0.6281478546764749
0.6317577007451783
0.6337897512195194
0.6347996213991063
0.6363773992109831
0.6368954513123949
0.6377001192879015
0.6387236937031763
0.6404512760656582
0.6419653953110203
0.6431519355891585
0.6462850551248444
0.6469755593485051
0.6477863307151894
0.648003876287169
0.6504086313602624
0.6531258339535679
0.653977857757539
0.65432892445911
0.6550450135455165
0.6556255456441501
0.6560388713641446
0.657449831025035
0.6606372651811296
0.6674656625787355
0.6709449832778395
0.6729702461225039
0.6737130805755036
0.6760758820101903
0.676524003749191
0.6771354841447554
0.6776871943956781
0.6785009751659123
0.6793117773017336
0.6798230250329145
0.6809054065987732
0.6817732661695699
0.6823152905031393
0.682786593942891
0.6829403714655251
0.6833522624131633
0.6836084123030555
0.6844791491775187
0.6853435802727582
0.6854042989704061
0.686507707799882
0.6865848760994255
0.6866930212829758
0.6868965947030932
0.687158162414645
0.6874771841338875
0.687972701791666
0.6889795997294421
0.6898404202329194
0.6906190420431801
0.6909518783543447
0.6918607150150439
0.6925130149490033
0.6930888779706217
0.6935629150642697
0.7220154230675798
