0.8853024448877206
0.8884395118576106
0.890792010860352
0.8909371506697068
0.8903483107207678
0.8892141426875136
0.8876502766350846
0.8859841803657109
0.8880610041423657
0.8896980423716855
0.8930424303913406
0.8957675651323838
0.8969723456856213
0.8974170996244404
0.8964961244407557
0.8946148779371182
0.8950847755008808
0.8974043018713191
0.8997016959778816
0.9006312531863317
0.9028273204842697
0.9027717638839309
0.9035676237465281
0.9027911862771233
0.9044020269051259
0.9022661836400431
0.9012252122719472
0.8981924834717492
0.8950868834536282
0.8872502387510385
0.8865129673429633
0.88706730692123
0.9145154475205033
0.9019765412112273
0.8962682926405227
0.8975128449424585
0.8975333933829075
0.9013674758453114
0.9074045000814351
0.9172101009310091
0.9202467544093347
0.9275995051191162
0.9370814965776063
0.9453361426766796
0.8939988352731921
0.8946653157550588
0.8982505995518569
0.90106772659077
0.903218926911604
0.9038223712531659
0.905286265432312
0.9051460941915801
0.9047182028119072
0.9039288171984667
0.9046084447237097
0.9048037210377593
0.9039953647352863
0.9038512789023052
0.9035414264994885
0.9014757442273678
0.9012455873546585
0.902045161960253
0.9033721972187028
0.906639197333111
0.9110390103682932
0.9131700356328065
0.912024274390858
0.912825403781046
0.9080046251423691
0.9054964470979525
0.9049726330509005
0.905305775298641
0.9056423866206469
0.9059756367566786
0.9596819898727398
0.9579283654629067
0.9504794962285051
0.954899450223
0.9516068714099974
0.9402106786884713
0.9224348440858422
0.9111070621524899
0.9085464766449369
0.90876501334913
0.908969279638399
0.909205151943106
0.9094759596836586
0.9096686267394019
0.9098426277826597
0.91465995191692
0.9262419464873912
0.9366085361951365
0.949396825864533
0.9611890044164676
0.9109724060515696
0.9120409865590897
0.9177335072850767
0.9254153765314505
0.9308212310948705
0.9976087808748201
0.9988383217383008
0.9995911497597255
0.9998424550203827
0.9999558593742952
0.9999910640286518
0.9999991064087012
0.9999881855021381
0.9999382816358758
0.9998599446128427
0.9994998413685585
0.9989390114932902
0.9983847644677888
0.9976295320202113
0.9969515333737576
0.9971668651358984
0.9973606867344132
0.9990882745863181
1.0003678712067305
1.0026768045545444
1.0040152960640287
1.0026295823539035
0.9972920406333778
0.998853582955001
0.9999529708748297
0.9340245442883346
0.9229985883355513
0.920344517641513
0.9230818478634637
0.9309707368463569
0.999840776455324
0.9979994836879382
1.0056641802481987
1.0105377894379994
1.0146662790457095
1.0150842039904064
1.011527509440412
1.0080394370892096
0.9982755938265117
0.9995965399290025
0.9999850946239841
0.9999984729023571
0.9999796507537202
0.9999851442922079
0.9996615692332731
0.9999200951904799
0.9993064356810554
0.9984101888562851
0.997754256988734
0.9974051341915329
0.9992287796988767
0.9999559391852538
0.9999883952702892
0.9999816177794657
0.9393167259941688
0.9333375392827534
0.9256943640775726
0.9209116770307363
0.9251151599526339
0.9323668792985338
0.9394135361154695
0.9998064392485382
0.9987035047930384
0.9976844555437246
0.9981035071947398
0.9996510496123359
1.0031009195865106
1.0087316747898865
1.011580744648711
1.0137672893506007
1.0167396320048991
1.0184638597139637
1.0213221264760126
1.024765983234445
1.0288099328302047
1.028673041551421
1.0317113537477787
1.0316084199293793
1.0293504228761845
1.027958518870706
1.0230785427221096
1.0178980780800746
1.008339925374564
1.0001775676400366
0.997289988699856
0.9979175857743551
0.9980163073326935
0.996991752913709
1.0047878294842654
1.005916385936088
1.0126077824624329
1.0150594434332463
1.0179256687897478
1.0116001996843205
1.0066339148085057
0.9992943190946431
0.9969647672138171
0.9983155498342986
0.9984141363647133
0.9979829654816766
0.9969790883873707
0.997605255001262
0.9972354685602287
1.0018436077380521
1.0070506016525154
1.0087518371035187
1.011604267313268
1.015320137705916
1.017920716595082
1.0138290143921853
1.014852868518425
1.0133122236742051
1.0119974317008047
1.0111647652908085
1.01565423012477
1.0157079961557336
1.0185475155763644
1.018499055275036
1.0146404572593883
1.013648615214823
1.0142221787797219
1.0110043515555516
1.007581187725332
1.0090586927638374
1.0120131724343517
1.0126281214395079
1.0151047200470926
1.0189693314865662
1.0247735885020124
1.0262141292641775
1.029640123038826
1.0339583853905654
1.0379361885727392
1.0385286761424988
1.0378116776765776
1.0332603111375889
1.030617992857028
1.0278009348717938
1.0229361688421639
1.0195466087292755
1.0190230971013616
1.017489350038602
1.013588835760033
1.0107374667794444
1.0058946317787147
1.0015102230133894
1.0001683709448965
1.0025346075461257
1.0034079521183559
1.0038433863037837
1.006327236227798
1.00518364673662
1.0065361102643833
1.0086073409733358
1.0144192028401808
1.0186566392739482
1.0191930616909803
1.0152051774560324
1.0139800543526907
1.0047225670121454
0.9974558203062563
0.998557163208735
0.9991947137287616
0.9998417259240493
0.9994512995498335
0.9997050431935766
0.9999788443192472
0.9999587776909507
0.999419873001093
0.9983456402419728
1.0020153406267702
1.0121253027398067
1.0178917111212789
1.0200623384261789
1.0176872586647792
1.0141654059328031
1.0072973241149903
0.9981372877835978
0.9995990687833202
0.9999929300731721
0.9999889106099756
0.9999938244186275
0.9999768940207895
0.9997961598240069
0.9999098264100333
0.9999898887145849
0.999481177510497
0.9982567265629484
0.998340535891476
0.9975416744925433
0.9966569549949402
0.9965771689818498
0.9972650731627571
0.9968105792098368
0.9975004321921255
0.9971688537429495
0.9262101824176742
0.9810746327137577
0.9469974970268223
0.9036274840956915
0.9038261966787361
0.9039899603054493
0.9041288313352605
0.9042451150725036
0.9043737188086725
0.9045174519669444
0.9046771552516085
0.9048487379718336
0.9049963334429811
0.9051328972546137
0.9052792914361452
0.9054217277848449
0.9230646468309258
0.9105599230350393
0.9058157533888221
0.9106725036682599
0.909286002975382
0.9132518628642594
0.9063832081863966
0.9065473671782884
0.9162805746640158
0.9171329342703831
0.9093192790493972
0.9076854944328303
0.9073189571597431
0.907457151747987
0.9075911753939444
0.9076971961329575
0.9078045953219198
0.9220289894150251
0.9425587376283197
0.9571202200762516
0.9648044232696255
0.9706373266384151
0.9708764712897844
0.9725974493052526
0.9750031990374249
0.9767447281380166
0.9790398464081711
0.9829045921913285
0.9877769473250009
0.9243850947865893
0.9302947229543953
0.9983865105562336
0.9999877447110681
0.9998431738048337
0.9998168108666035
0.9993298674875054
0.9978781487026168
0.997365461477006
0.997611477242004
1.0019762543082773
1.0002380545809337
0.9974093239072683
0.9977727355530664
0.9995026568181157
0.999688166194118
0.9989430809657365
0.9976380979814621
0.9978368038384671
0.9991322748995544
0.9999719517471765
0.9994289165088694
0.9981302392925194
0.9977150808795546
0.9973240261674936
0.9979280005493738
0.9973745920065192
0.9978557178207811
0.9993140543870703
0.9991509287502737
0.9991135057951774
0.9998889148744257
0.9999861159766671
0.9999955545814594
0.9989196399597717
0.9970264293956856
0.996739358152025
0.9982565765807604
0.9978399737866446
0.9321354687773378
0.9303757243157845
0.9287550971185896
0.9941139319533161
0.9946156392625555
0.9975436300557876
0.9995404507536831
0.9998953701265408
