5.736025028810091	0.14845550539420257	563
7.8665253473501995	0.11278375246497822	393
7.528549651856852	0.11725323071576162	402
7.763664161507956	0.11410752187335427	398
7.034211279507918	0.12446772498385782	583
6.9481686511219545	0.1258151460914007	418
5.760500651279046	0.1479180391485956	422
4.7986093610206515	0.17245514186939184	475
3.312916562960526	0.23186166145388346	599
3.132596323656316	0.24197863078851356	607
2.9100389772878685	0.25575192621062637	614
2.874660587237286	0.2580871220808068	614
2.874660587237286	0.2580871220808068	614
2.8589521174392143	0.25913770618734605	614
2.8640041109847703	0.2587988965014694	614
2.8640041109847703	0.2587988965014694	614
2.8640041109847703	0.2587988965014694	614
2.8689136246775977	0.25847048991261246	614
2.8675631127443157	0.2585607450605836	614
2.861318806447744	0.2589788748678743	614
2.7634886378553363	0.2657109124606951	629
2.7634886378553363	0.2657109124606951	629
2.775766597370259	0.2648468792261891	629
2.7511251168832533	0.26658668235275584	629
2.7254286236231398	0.26842548899177593	630
2.7253274349089516	0.26843278006365107	630
2.7227752438324444	0.26861680722109377	630
2.7231402867415433	0.26859047013648535	630
2.7229453887481885	0.26860453097761994	630
2.7227883067844  	0.26861586466724485	630
2.722595128735051	0.2686298040527988	630
2.7222696734515193	0.26865329160118	630
2.7222696734515193	0.26865329160118	630
2.7222696734515193	0.26865329160118	630
2.7222696734515193	0.26865329160118	630
2.201781519865485	0.3123261202538306	648
2.0719580185739854	0.3255252819060997	654
2.7222696734515193	0.26865329160118	630
2.698789501763267	0.2703587212852436	630
2.55231340243737	0.2815066934448588	642
2.55231340243737	0.2815066934448588	642
2.641444606222982	0.27461628780266706	629
2.6220154245472207	0.276089381956458	630
2.6476863381121643	0.27414637863779245	630
2.6556824029779396	0.27354673895779197	630
2.6556824029779396	0.27354673895779197	630
2.6203361600196926	0.2762174438504519	629
2.6377671977210664	0.2748938966260581	628
2.627694388073521	0.2756571786442705	630
2.627694388073521	0.2756571786442705	630
2.6354289115823466	0.27507070673670325	629
2.5748963457639356	0.27972839021890733	629
2.5748963457639356	0.27972839021890733	629
2.620200680652532	0.2762277807814103	630
2.561030068220046	0.2808176232277203	630
2.569172488159664	0.28017698873265157	630
2.5334317146565724	0.2830109878314696	630
2.529152700153535	0.2833541319865517	630
2.529152700153535	0.2833541319865517	630
2.528388697254739	0.28341548672855954	630
2.4877040054404054	0.2867215791363368	633
2.516546766894373	0.284369885085631	630
2.516546766894373	0.284369885085631	630
2.516546766894373	0.284369885085631	630
2.516546766894373	0.284369885085631	630
2.516546766894373	0.284369885085631	630
2.494759627243395	0.2861427127074781	630
2.490382637010436	0.2865015398015258	630
2.490382637010436	0.2865015398015258	630
2.495355310018798	0.28609394791244325	631
2.3972811270530006	0.2943530319103907	628
2.485116663253513	0.2869344405436503	630
2.4921213386029564	0.28635889278694304	630
2.4921213386029564	0.28635889278694304	630
2.4921213386029564	0.28635889278694304	630
2.4921213386029564	0.28635889278694304	630
2.500410142572906	0.2856808086108933	630
2.500410142572906	0.2856808086108933	630
2.500410142572906	0.2856808086108933	630
2.500410142572906	0.2856808086108933	630
2.5156700556022358	0.2844407991035722	630
2.4920807647801615	0.28636221993650063	630
2.4902714813384605	0.2865106640978302	631
2.4989698465930212	0.2857984046286392	631
2.4989698465930212	0.2857984046286392	631
2.4989698465930212	0.2857984046286392	631
2.24393613135029	0.30826747491595946	650
2.4967315388642346	0.28598134826352944	630
2.4967315388642346	0.28598134826352944	630
2.4967315388642346	0.28598134826352944	630
2.494735948215493	0.2861446515038217	630
2.4967315388642346	0.28598134826352944	630
2.4967315388642346	0.28598134826352944	630
2.4967315388642346	0.28598134826352944	630
2.4967315388642346	0.28598134826352944	630
2.4967315388642346	0.28598134826352944	630
2.4967315388642346	0.28598134826352944	630
2.4967315388642346	0.28598134826352944	630
2.4967315388642346	0.28598134826352944	630
2.4967315388642346	0.28598134826352944	630
2.0719580185739854	0.3255252819060997	654
