8.72067554228915	0.10287350870313146	374
7.87523010389289	0.11267313503921166	425
2.945363700362169	0.2534620572263601	606
8.280716721335935	0.10775029882132342	394
6.31352521041892	0.13673296682910044	446
6.401805711491434	0.13510216817059684	438
6.401805711491434	0.13510216817059684	438
6.401805711491434	0.13510216817059684	438
5.747430879546868	0.14820455634917987	473
5.732324172008347	0.14853711355103774	472
5.732324172008347	0.14853711355103774	472
5.732324172008347	0.14853711355103774	472
5.736031746145382	0.14845535735074863	471
5.21704542411302	0.16084810899426058	484
5.21704542411302	0.16084810899426058	484
4.71317010762526	0.1750341721254403	504
4.71317010762526	0.1750341721254403	504
3.8053983116116328	0.20809929482507775	523
3.7845310437697255	0.2090068997048667	524
3.561316347087616	0.2192349584870377	529
3.4669838228668346	0.22386470147505858	534
3.4441449030418476	0.22501516530559978	531
3.4441449030418476	0.22501516530559978	531
3.4441449030418476	0.22501516530559978	531
3.3815843953407407	0.22822794445392247	535
3.3748473026881416	0.22857940650535302	534
3.3561019257629425	0.22956303985583545	532
3.3484251831950544	0.22996831217531463	534
3.3456791345511574	0.23011362989257714	534
3.346194111504952	0.23008636391846088	534
3.346194111504952	0.23008636391846088	534
3.343851413608265	0.23021045261061077	533
3.3400497398779043	0.23041210583640276	533
3.338307631833527	0.23050463103681826	533
3.3363670522507025	0.2306077848001752	533
3.3347177938141983	0.2306955256526819	533
3.334695821022694	0.23069669505992418	533
3.3331487970309026	0.2307790585648029	533
3.33146972152422	0.23086851906888214	533
3.33146972152422	0.23086851906888214	533
3.328464057509676	0.2310288330256661	533
3.310274931846514	0.23200376212929918	534
3.310274931846514	0.23200376212929918	534
3.310274931846514	0.23200376212929918	534
3.310274931846514	0.23200376212929918	534
3.310274931846514	0.23200376212929918	534
3.310274931846514	0.23200376212929918	534
3.3081788463319484	0.23211664038771646	534
3.3081765062864474	0.23211676646507176	534
3.3051296050663743	0.23228104418115011	534
3.3051296050663743	0.23228104418115011	534
3.3020575524520575	0.23244691355419617	534
3.299401187298729	0.23259052980545183	536
3.295654858630392	0.2327933767748826	536
3.295654858630392	0.2327933767748826	536
3.295654858630392	0.2327933767748826	536
3.295654858630392	0.2327933767748826	536
3.290078041450561	0.23309599273906914	536
3.2861174591628455	0.23331138484368968	537
3.2861174591628455	0.23331138484368968	537
3.2861174591628455	0.23331138484368968	537
3.2753708048062005	0.23389784083192036	538
3.2753708048062005	0.23389784083192036	538
3.2753708048062005	0.23389784083192036	538
3.2699972907653354	0.234192186061262	538
3.2695931134125793	0.23421435566274018	538
3.2695931134125793	0.23421435566274018	538
2.502835699711546	0.2854829874214051	658
2.502835699711546	0.2854829874214051	658
2.502835699711546	0.2854829874214051	658
2.4225501622929038	0.29217979359871815	657
2.2942726417518107	0.30355714561264285	665
2.2838442369054603	0.3045211428610124	668
2.2124489625687502	0.3112889921838249	660
2.166604889519818	0.31579563440629926	662
2.126138329828599	0.3198834774706941	665
2.0769886995289393	0.32499306876008077	662
1.9917384708425854	0.334253815881962	664
1.982658218344817	0.33527140114462584	664
1.982658218344817	0.33527140114462584	664
1.9817033587233615	0.335378768338698	664
1.979379460985215	0.3356403617246264	664
1.9288219858408453	0.3414342028414221	665
1.9191662174426274	0.3425635697017838	664
1.9191662174426274	0.3425635697017838	664
1.8909210692638245	0.34591051642051607	667
1.885890368444475	0.34651350963793215	667
1.868518396528718	0.34861202257239504	667
1.8688292187592623	0.3485742523329741	667
1.8688292187592623	0.3485742523329741	667
1.8422169932653996	0.3518380202389503	669
1.7580389686872582	0.36257645789391046	659
1.4445846210118023	0.4090674511345427	662
1.2446697549419792	0.4454998325692896	655
0.7538895183234421	0.5701613411521546	685
0.7538895183234421	0.5701613411521546	685
0.5745051817484639	0.6351201708269485	685
0.5745051817484639	0.6351201708269485	685
0.7036135258878794	0.5869875912606562	685
0.6853923829215679	0.593333641550305	685
0.5745051817484639	0.6351201708269485	685
