7.9879616639041835	0.11125993160562957	447
8.71915280082753	0.10288962633809562	367
3.935948781338518	0.20259529510936752	561
8.718919637084031	0.10289209473286993	370
8.718379907534908	0.10289780904990907	370
8.718919637084031	0.10289209473286993	370
8.718897502494494	0.10289232906750335	370
8.718919637084031	0.10289209473286993	370
8.718897502494494	0.10289232906750335	370
8.718897502494494	0.10289232906750335	370
8.718897502494494	0.10289232906750335	370
8.718744202394124	0.1028939520554167	370
8.718744202394124	0.1028939520554167	370
8.718744202394124	0.1028939520554167	370
8.718744202394124	0.1028939520554167	370
8.718744153954226	0.10289395256825791	370
8.682860817650559	0.10327526325454704	370
8.314246645708725	0.10736241351958634	367
7.314775247339055	0.12026783289422358	394
7.740378823908115	0.11441151695446385	384
6.852685406497709	0.12734497159055289	413
6.660522498430254	0.13053939861215913	433
6.409875272555545	0.1349550381372501	431
6.6635358095170645	0.13048807037061622	415
5.957287676129989	0.14373417437242625	451
5.935596519278925	0.1441837046345319	434
5.314462875595547	0.15836659739735745	478
5.716429909984843	0.14888862288481125	440
5.321912760916204	0.15817997460867758	454
5.2592728285236445	0.15976296726402114	455
4.776700382553116	0.17310920313960132	486
5.06570360039573	0.16486133610860237	479
4.520401580838857	0.18114624187323058	503
4.821006491945849	0.17179159675970734	494
4.6675407788527385	0.17644337094693593	498
4.77639678694296	0.17311830140554274	484
4.919123812288255	0.16894392341041659	488
4.4309081726374515	0.18413126648657047	498
4.500222115880434	0.1818108394409682	497
4.430872300668194	0.18413248270944682	498
4.278205760168379	0.18945832076999197	504
4.089540235106266	0.19648140181745133	525
4.190763848657466	0.192649873728823	513
4.190763848657466	0.192649873728823	513
4.190763848657466	0.192649873728823	513
4.190763848657466	0.192649873728823	513
4.190763848657466	0.192649873728823	513
4.190763848657466	0.192649873728823	513
4.190763848657466	0.192649873728823	513
4.124338806157903	0.19514712782033516	511
4.124815455007227	0.19512897757575737	511
4.124815455007227	0.19512897757575737	511
4.1816061091599614	0.1929903545219726	515
4.1254382085208245	0.19510526891877114	522
4.124338806157903	0.19514712782033516	511
4.161404791562427	0.1937457030370382	513
3.6095664305130195	0.2169401428690779	538
3.6095664305130195	0.2169401428690779	538
3.6095664305130195	0.2169401428690779	538
3.6095664305130195	0.2169401428690779	538
3.6095664305130195	0.2169401428690779	538
3.6095664305130195	0.2169401428690779	538
3.5645823226406907	0.21907809506248152	538
3.5957109048972287	0.2175941917787717	538
3.5957109048972287	0.2175941917787717	538
3.5957109048972287	0.2175941917787717	538
3.5957109048972287	0.2175941917787717	538
3.5957109048972287	0.2175941917787717	538
3.5690095935155286	0.2188658131554876	538
3.5634828926963174	0.219130875148116	538
3.5634828926963174	0.219130875148116	538
3.5634828926963174	0.219130875148116	538
3.5634828926963174	0.219130875148116	538
3.590063926569509	0.21786188950692312	538
3.590063926569509	0.21786188950692312	538
3.590063926569509	0.21786188950692312	538
3.590063926569509	0.21786188950692312	538
3.590063926569509	0.21786188950692312	538
3.590063926569509	0.21786188950692312	538
3.581806845346939	0.21825450826578416	537
3.557392943413453	0.21942369517318988	538
3.557392943413453	0.21942369517318988	538
3.557392943413453	0.21942369517318988	538
3.5603266578467307	0.21928253720144125	538
3.5603266578467307	0.21928253720144125	538
3.5603266578467307	0.21928253720144125	538
3.5603266578467307	0.21928253720144125	538
3.55171072665687	0.21969761701760818	538
3.55171072665687	0.21969761701760818	538
3.55171072665687	0.21969761701760818	538
3.55171072665687	0.21969761701760818	538
3.55171072665687	0.21969761701760818	538
3.55171072665687	0.21969761701760818	538
3.55171072665687	0.21969761701760818	538
3.55171072665687	0.21969761701760818	538
3.55171072665687	0.21969761701760818	538
3.530902159121433	0.22070659768868314	538
3.55171072665687	0.21969761701760818	538
3.55171072665687	0.21969761701760818	538
3.55171072665687	0.21969761701760818	538
3.530902159121433	0.22070659768868314	538
