0.1654997240624784	0.8580010611365819	690
0.1661106624450215	0.8575515448107369	689
0.1654997240624784	0.8580010611365819	690
0.16495220164708985	0.8584043178648282	690
0.1654997240624784	0.8580010611365819	690
0.1654997240624784	0.8580010611365819	690
0.1654997240624784	0.8580010611365819	690
0.1654997240624784	0.8580010611365819	690
5.82038355362702	0.14661932018005186	451
0.1654997240624784	0.8580010611365819	690
8.75864423224962	0.10247325101731616	376
8.75864423224962	0.10247325101731616	376
8.75864423224962	0.10247325101731616	376
8.75864423224962	0.10247325101731616	376
8.75864423224962	0.10247325101731616	376
8.75864423224962	0.10247325101731616	376
8.75864423224962	0.10247325101731616	376
8.75864423224962	0.10247325101731616	376
8.75864423224962	0.10247325101731616	376
8.73225668833409	0.10275109175847005	377
8.73225668833409	0.10275109175847005	377
8.73225668833409	0.10275109175847005	377
8.73225668833409	0.10275109175847005	377
8.73225668833409	0.10275109175847005	377
8.73225668833409	0.10275109175847005	377
8.73225668833409	0.10275109175847005	377
8.73225668833409	0.10275109175847005	377
7.4299560915851215	0.11862457990714938	480
8.73225668833409	0.10275109175847005	377
4.266433233882609	0.18988183379337423	565
0.1654997240624784	0.8580010611365819	690
8.73225668833409	0.10275109175847005	377
8.718998568963361	0.1028912591049657	370
8.718998568963361	0.1028912591049657	370
0.1654997240624784	0.8580010611365819	690
8.718998568963361	0.1028912591049657	370
7.498105799706452	0.11767328197238293	520
8.400787521925087	0.10637406681809787	505
1.4782840777052213	0.4035049932314276	635
2.773620121929916	0.2649975269605508	640
0.1654997240624784	0.8580010611365819	690
3.15252418426415	0.24081738133867253	643
0.1654997240624784	0.8580010611365819	690
3.8446766185133425	0.2064121258741237	642
0.1654997240624784	0.8580010611365819	690
7.189470712309058	0.12210801346379631	539
8.718731616381326	0.1028940853057881	368
7.58082814865203	0.1165388681227803	518
8.551291120429774	0.10469788716428566	541
7.800993761837999	0.11362353241699834	529
8.718731616381326	0.1028940853057881	368
8.718731616381326	0.1028940853057881	368
8.718731616381326	0.1028940853057881	368
8.429706751908386	0.10604783651385764	578
8.718731616381326	0.1028940853057881	368
8.718731616381326	0.1028940853057881	368
8.718731616381326	0.1028940853057881	368
8.28711696925598	0.10767604234020035	573
8.718731616381326	0.1028940853057881	368
7.7615713877352945	0.11413477739847323	519
8.718731616381326	0.1028940853057881	368
8.718731616381326	0.1028940853057881	368
4.737845575208965	0.17428144185696062	633
7.25646241750126	0.1211172472462656	602
8.718731616381326	0.1028940853057881	368
8.718731616381326	0.1028940853057881	368
8.718731616381326	0.1028940853057881	368
8.718731616381326	0.1028940853057881	368
8.709981689189917	0.10298680594972655	557
7.749764796805011	0.11428878641002459	453
0.1654997240624784	0.8580010611365819	690
7.959235171104406	0.11161667049719042	588
7.6835929014570405	0.1151597053602326	597
7.156429781888658	0.12260266154935812	579
6.300828471059268	0.13697075667015518	632
6.632020330113232	0.1310269046394382	609
6.240422883094889	0.13811347985417036	555
2.8839028897071812	0.2574729668576737	646
2.93529417439944	0.2541106091903812	665
4.223361760477269	0.19144758602908407	641
4.4383971055566604	0.18387770892608302	573
0.1654997240624784	0.8580010611365819	690
8.718731616381326	0.1028940853057881	368
8.718731616381326	0.1028940853057881	368
8.718731616381326	0.1028940853057881	368
8.718731616381326	0.1028940853057881	368
8.718731616381326	0.1028940853057881	368
8.718731616381326	0.1028940853057881	368
8.718731616381326	0.1028940853057881	368
8.718731616381326	0.1028940853057881	368
8.718731616381326	0.1028940853057881	368
8.718731616381326	0.1028940853057881	368
0.1654997240624784	0.8580010611365819	690
0.1654997240624784	0.8580010611365819	690
7.38701992532101	0.11923186172253257	562
8.718731616381326	0.1028940853057881	368
8.679084792377289	0.10331555322126577	572
3.3441047495519713	0.23019702738593834	652
7.3631620748359365	0.11957199813320817	559
6.618039521562301	0.13126736835239217	597
0.16495220164708985	0.8584043178648282	690
