0.1654997240624784	0.8580010611365819	690
0.1654997240624784	0.8580010611365819	690
0.1654997240624784	0.8580010611365819	690
0.5326800431228133	0.6524518959368157	682
0.1654997240624784	0.8580010611365819	690
1.7486817894539355	0.36381075606378727	665
0.1654997240624784	0.8580010611365819	690
0.46819275840689145	0.6811094757646682	680
2.151439634409149	0.3173152958671493	624
0.3834387074460954	0.7228365048756338	683
0.1654997240624784	0.8580010611365819	690
0.32424112711770525	0.7551494811043691	684
0.2803837450306154	0.7810158508190752	687
0.22804109592324776	0.8143049962413471	687
0.1654997240624784	0.8580010611365819	690
0.1654997240624784	0.8580010611365819	690
0.1654997240624784	0.8580010611365819	690
0.1654997240624784	0.8580010611365819	690
0.1654997240624784	0.8580010611365819	690
0.20219699692260207	0.8318104292057056	688
0.2426064539539218	0.8047600242361865	687
0.1654997240624784	0.8580010611365819	690
0.20953362022736574	0.8267649474778733	688
0.1654997240624784	0.8580010611365819	690
0.1654997240624784	0.8580010611365819	690
0.1654997240624784	0.8580010611365819	690
0.4690069378521016	0.6807319790212449	687
0.22547590513496882	0.8160095158214181	688
0.1654997240624784	0.8580010611365819	690
0.1654997240624784	0.8580010611365819	690
0.22934674515532977	0.8134401493645705	688
0.1654997240624784	0.8580010611365819	690
0.1654997240624784	0.8580010611365819	690
0.1654997240624784	0.8580010611365819	690
0.1654997240624784	0.8580010611365819	690
0.1654997240624784	0.8580010611365819	690
0.1654997240624784	0.8580010611365819	690
0.1654997240624784	0.8580010611365819	690
0.1654997240624784	0.8580010611365819	690
0.1654997240624784	0.8580010611365819	690
0.1654997240624784	0.8580010611365819	690
0.1923350602854578	0.8386904262972769	690
0.1654997240624784	0.8580010611365819	690
0.1654997240624784	0.8580010611365819	690
0.1654997240624784	0.8580010611365819	690
0.1654997240624784	0.8580010611365819	690
0.1654997240624784	0.8580010611365819	690
0.1654997240624784	0.8580010611365819	690
0.1654997240624784	0.8580010611365819	690
0.1654997240624784	0.8580010611365819	690
0.1654997240624784	0.8580010611365819	690
0.1654997240624784	0.8580010611365819	690
0.1654997240624784	0.8580010611365819	690
0.1654997240624784	0.8580010611365819	690
0.1654997240624784	0.8580010611365819	690
0.1654997240624784	0.8580010611365819	690
0.1654997240624784	0.8580010611365819	690
0.1654997240624784	0.8580010611365819	690
0.1654997240624784	0.8580010611365819	690
0.1654997240624784	0.8580010611365819	690
0.17294679065021681	0.8525535923463802	690
0.1654997240624784	0.8580010611365819	690
0.1654997240624784	0.8580010611365819	690
0.1654997240624784	0.8580010611365819	690
0.1654997240624784	0.8580010611365819	690
0.1654997240624784	0.8580010611365819	690
0.1654997240624784	0.8580010611365819	690
0.1654997240624784	0.8580010611365819	690
0.1654997240624784	0.8580010611365819	690
0.1654997240624784	0.8580010611365819	690
0.1654997240624784	0.8580010611365819	690
0.1654997240624784	0.8580010611365819	690
0.1654997240624784	0.8580010611365819	690
0.1654997240624784	0.8580010611365819	690
0.1654997240624784	0.8580010611365819	690
0.1654997240624784	0.8580010611365819	690
0.1654997240624784	0.8580010611365819	690
0.1654997240624784	0.8580010611365819	690
0.1654997240624784	0.8580010611365819	690
0.1654997240624784	0.8580010611365819	690
0.1654997240624784	0.8580010611365819	690
0.1654997240624784	0.8580010611365819	690
0.1654997240624784	0.8580010611365819	690
0.2665112864483401	0.789570539718036	687
0.1654997240624784	0.8580010611365819	690
0.1654997240624784	0.8580010611365819	690
0.1654997240624784	0.8580010611365819	690
0.1654997240624784	0.8580010611365819	690
0.1654997240624784	0.8580010611365819	690
0.19248635770856642	0.8385840169455352	689
0.1654997240624784	0.8580010611365819	690
0.1654997240624784	0.8580010611365819	690
0.1654997240624784	0.8580010611365819	690
0.1654997240624784	0.8580010611365819	690
0.16549786003070546	0.858002433375257	690
0.1654997240624784	0.8580010611365819	690
0.1654997240624784	0.8580010611365819	690
0.1654997240624784	0.8580010611365819	690
0.1654997240624784	0.8580010611365819	690
0.1654997240624784	0.8580010611365819	690
0.16549786003070546	0.858002433375257	690
