0.1654997240624784	0.8580010611365819	690
0.1654997240624784	0.8580010611365819	690
0.1654997240624784	0.8580010611365819	690
0.1654997240624784	0.8580010611365819	690
0.1654997240624784	0.8580010611365819	690
0.1654997240624784	0.8580010611365819	690
0.14486120420497	0.8734683264024424	691
0.1654997240624784	0.8580010611365819	690
0.1654997240624784	0.8580010611365819	690
0.1654997240624784	0.8580010611365819	690
0.1654997240624784	0.8580010611365819	690
0.15972608132065946	0.8622725797985258	690
0.1654997240624784	0.8580010611365819	690
0.1654997240624784	0.8580010611365819	690
0.1654997240624784	0.8580010611365819	690
0.1654997240624784	0.8580010611365819	690
0.1654997240624784	0.8580010611365819	690
0.1654997240624784	0.8580010611365819	690
0.1654997240624784	0.8580010611365819	690
0.1654997240624784	0.8580010611365819	690
0.16266134581553204	0.860095679278444	689
0.1654997240624784	0.8580010611365819	690
0.1654997240624784	0.8580010611365819	690
0.1654997240624784	0.8580010611365819	690
0.1654997240624784	0.8580010611365819	690
0.1654997240624784	0.8580010611365819	690
0.1654997240624784	0.8580010611365819	690
0.1654997240624784	0.8580010611365819	690
0.1654997240624784	0.8580010611365819	690
0.1654997240624784	0.8580010611365819	690
0.1654997240624784	0.8580010611365819	690
0.1654997240624784	0.8580010611365819	690
0.1654997240624784	0.8580010611365819	690
0.1654997240624784	0.8580010611365819	690
0.1654997240624784	0.8580010611365819	690
0.1654997240624784	0.8580010611365819	690
0.1654997240624784	0.8580010611365819	690
0.1654997240624784	0.8580010611365819	690
0.1654997240624784	0.8580010611365819	690
0.1654997240624784	0.8580010611365819	690
0.1654997240624784	0.8580010611365819	690
0.1654997240624784	0.8580010611365819	690
0.1654997240624784	0.8580010611365819	690
0.1410557396409319	0.8763813767017907	691
0.1654997240624784	0.8580010611365819	690
0.1654997240624784	0.8580010611365819	690
0.1654997240624784	0.8580010611365819	690
0.1654997240624784	0.8580010611365819	690
0.1654997240624784	0.8580010611365819	690
0.1654997240624784	0.8580010611365819	690
0.1654997240624784	0.8580010611365819	690
0.1654997240624784	0.8580010611365819	690
0.1654997240624784	0.8580010611365819	690
0.1654997240624784	0.8580010611365819	690
0.1654997240624784	0.8580010611365819	690
0.1654997240624784	0.8580010611365819	690
0.1654997240624784	0.8580010611365819	690
0.1654997240624784	0.8580010611365819	690
0.16362478545686157	0.8593835508646206	690
0.16198972038655082	0.8605928111544198	690
0.1654997240624784	0.8580010611365819	690
0.1654997240624784	0.8580010611365819	690
0.1654997240624784	0.8580010611365819	690
0.1654997240624784	0.8580010611365819	690
0.15755109437266035	0.8638927515696007	690
0.1654997240624784	0.8580010611365819	690
0.1654997240624784	0.8580010611365819	690
0.1654997240624784	0.8580010611365819	690
0.1654997240624784	0.8580010611365819	690
0.1654997240624784	0.8580010611365819	690
0.1654997240624784	0.8580010611365819	690
0.160950845979855	0.861362910809535	690
0.1654997240624784	0.8580010611365819	690
0.1654997240624784	0.8580010611365819	690
0.1654997240624784	0.8580010611365819	690
0.1654997240624784	0.8580010611365819	690
0.1654997240624784	0.8580010611365819	690
0.1654997240624784	0.8580010611365819	690
0.1654997240624784	0.8580010611365819	690
0.1654997240624784	0.8580010611365819	690
0.16536502898044167	0.8581002305130808	690
0.1650774388075076	0.8583120457842962	690
0.1654997240624784	0.8580010611365819	690
0.1654997240624784	0.8580010611365819	690
0.1654997240624784	0.8580010611365819	690
0.1654997240624784	0.8580010611365819	690
0.1615338603067144	0.8609305627439394	690
0.1654997240624784	0.8580010611365819	690
0.1654997240624784	0.8580010611365819	690
0.1654997240624784	0.8580010611365819	690
0.1654997240624784	0.8580010611365819	690
0.1654997240624784	0.8580010611365819	690
0.1654997240624784	0.8580010611365819	690
0.1654997240624784	0.8580010611365819	690
0.1654997240624784	0.8580010611365819	690
0.1654997240624784	0.8580010611365819	690
0.1654997240624784	0.8580010611365819	690
0.1654997240624784	0.8580010611365819	690
0.1654997240624784	0.8580010611365819	690
0.1654997240624784	0.8580010611365819	690
0.1410557396409319	0.8763813767017907	691
