0.1654997240624784	0.8580010611365819	690
0.1654997240624784	0.8580010611365819	690
0.1654997240624784	0.8580010611365819	690
0.1654997240624784	0.8580010611365819	690
0.1654997240624784	0.8580010611365819	690
0.1654997240624784	0.8580010611365819	690
0.1654997240624784	0.8580010611365819	690
0.1654997240624784	0.8580010611365819	690
3.736468470451195	0.21112776454410564	627
6.029715709004239	0.14225326334592986	486
2.463501350224787	0.28872516534029885	660
8.707222886875776	0.10301607490150515	370
8.699445862124845	0.10309867328657178	369
8.703037667772723	0.10306050890860288	369
8.697272417316679	0.10312178074055889	368
0.1661106624450215	0.8575515448107369	689
2.4473036580641203	0.29008178541531887	601
8.692642171008208	0.10317104277212599	371
2.601079367758175	0.2776945181917894	612
2.4093444911561948	0.2933115156282945	622
3.834418368130444	0.20685011595029124	574
8.61797073199352	0.10397203608382469	367
0.16678501679471944	0.8570559148480538	689
0.1675227871115723	0.8565143319163643	689
1.5864651725202508	0.38662805539561945	639
0.1701165938650596	0.8546156897893905	689
1.3485269925465173	0.42579881056240104	648
2.1194821732414826	0.32056602489280805	627
0.1654997240624784	0.8580010611365819	690
0.1732811443229403	0.8523106374278819	689
0.1675227871115723	0.8565143319163643	689
0.1661106624450215	0.8575515448107369	689
0.1661106624450215	0.8575515448107369	689
0.26396207757304374	0.7911629769147172	687
0.1661106624450215	0.8575515448107369	689
0.16495220164708985	0.8584043178648282	690
0.1654997240624784	0.8580010611365819	690
0.1654997240624784	0.8580010611365819	690
0.27731040932787926	0.7828950525238418	685
0.1654997240624784	0.8580010611365819	690
0.1654997240624784	0.8580010611365819	690
0.1654997240624784	0.8580010611365819	690
0.1654997240624784	0.8580010611365819	690
0.1654997240624784	0.8580010611365819	690
0.1654997240624784	0.8580010611365819	690
0.1654997240624784	0.8580010611365819	690
0.1654997240624784	0.8580010611365819	690
0.1654997240624784	0.8580010611365819	690
0.1813483286088872	0.8464903837275188	689
0.1654997240624784	0.8580010611365819	690
0.1654997240624784	0.8580010611365819	690
0.16540656809653922	0.8580696448564743	690
0.1654997240624784	0.8580010611365819	690
0.1654997240624784	0.8580010611365819	690
0.1654997240624784	0.8580010611365819	690
0.1654997240624784	0.8580010611365819	690
0.1654997240624784	0.8580010611365819	690
0.1654997240624784	0.8580010611365819	690
0.1654997240624784	0.8580010611365819	690
0.3181456401272716	0.7586415108905922	688
0.1654997240624784	0.8580010611365819	690
0.1654997240624784	0.8580010611365819	690
0.1654997240624784	0.8580010611365819	690
0.16457362171173565	0.8586833681928678	690
0.1654997240624784	0.8580010611365819	690
0.1654997240624784	0.8580010611365819	690
0.1654997240624784	0.8580010611365819	690
0.1654997240624784	0.8580010611365819	690
0.2192205444311487	0.8201961528351458	688
0.18332969975104668	0.8450730174442369	689
0.1654997240624784	0.8580010611365819	690
0.1654997240624784	0.8580010611365819	690
0.1654997240624784	0.8580010611365819	690
0.1654997240624784	0.8580010611365819	690
0.1654997240624784	0.8580010611365819	690
0.28491684532645906	0.7782604793743908	685
0.1654997240624784	0.8580010611365819	690
0.2318272192202358	0.8118021621839256	688
0.1654997240624784	0.8580010611365819	690
0.1654997240624784	0.8580010611365819	690
0.1654997240624784	0.8580010611365819	690
0.1654997240624784	0.8580010611365819	690
0.1654997240624784	0.8580010611365819	690
0.28363295630957397	0.7790388951020589	686
0.16482936799450731	0.8584948383656441	690
0.1654997240624784	0.8580010611365819	690
0.1654997240624784	0.8580010611365819	690
0.1654997240624784	0.8580010611365819	690
0.1654997240624784	0.8580010611365819	690
0.1653764298235719	0.8580918357439163	690
0.16521606130410232	0.858209934800252	690
0.1654997240624784	0.8580010611365819	690
0.1654997240624784	0.8580010611365819	690
0.1654997240624784	0.8580010611365819	690
0.201939832595261	0.8319884014832697	689
0.2461679280462807	0.8024600677757625	688
0.1654997240624784	0.8580010611365819	690
0.1654997240624784	0.8580010611365819	690
0.1654997240624784	0.8580010611365819	690
0.19464939791119235	0.8370656711069115	689
0.16457362171173565	0.8586833681928678	690
