165.78606873258718	0.005995704602902586	3
156.1987315689945	0.006361374484507848	0
59.48395624661393	0.016533310022291785	0
24.5118420736974	0.03919748315747829	25
10.44314011138323	0.0873886005297825	25
1.1437098930879976	0.466481030490328	25
1.1437098930879976	0.466481030490328	25
9.855799859220905	0.09211665772841243	25
2.2226698291308793	0.3103017228015846	25
2.2226698291308793	0.3103017228015846	25
6.638931579688624	0.13090835931282968	25
0.9140166393441405	0.522461497692445	25
0.9140166393441405	0.522461497692445	25
0.7986123975032644	0.5559841583368076	25
0.8005570574655394	0.555383677431249	25
0.8145118622559124	0.5511124070342195	25
0.8153763353303027	0.550849970079649	25
0.8372364466171192	0.5442957556395572	25
0.7809952445757418	0.5614838125175422	25
0.7832457997689062	0.5607751887763267	25
0.7832457997689062	0.5607751887763267	25
0.7832457997689062	0.5607751887763267	25
0.7812531120220001	0.5614025279455338	25
0.7812531120220001	0.5614025279455338	25
0.7812531120220001	0.5614025279455338	25
0.7812531120220001	0.5614025279455338	25
0.7812531120220001	0.5614025279455338	25
0.8006906330527457	0.5553424789602424	25
0.7836340668697517	0.5606531174609058	25
0.7824058214290375	0.5610394602494361	25
0.7836340668697517	0.5606531174609058	25
0.7836340668697517	0.5606531174609058	25
0.7836340668697517	0.5606531174609058	25
0.7836340668697517	0.5606531174609058	25
0.7823251050880948	0.561064868101363	25
0.7836340668697517	0.5606531174609058	25
0.7836340668697517	0.5606531174609058	25
0.7813594474368024	0.56136901591585	25
0.7836340668697517	0.5606531174609058	25
0.7836340668697517	0.5606531174609058	25
0.7836340668697517	0.5606531174609058	25
0.7836340668697517	0.5606531174609058	25
0.7836340668697517	0.5606531174609058	25
0.7836340668697517	0.5606531174609058	25
0.7836340668697517	0.5606531174609058	25
0.7836340668697517	0.5606531174609058	25
0.7816583897743818	0.5612748244777911	25
0.7816583897743818	0.5612748244777911	25
0.7816583897743818	0.5612748244777911	25
0.7816583897743818	0.5612748244777911	25
0.7816583897743818	0.5612748244777911	25
0.7809952445757418	0.5614838125175422	25
