221.07853217246654	0.00450291160616731	0
146.14587782211677	0.0067959769910027	3
97.43584675526876	0.010158900776118689	1
90.46234062863368	0.010933461719073202	7
12.978827657567557	0.07153675719427312	25
3.2558547574738714	0.23497042474108432	25
7.371516437569605	0.1194526711447654	25
11.138959747670912	0.08237938182403717	25
2.2707423535909843	0.3057409884034702	25
4.479507030680043	0.18249816897778365	25
4.479507030680043	0.18249816897778365	25
1.36509697521414	0.42281564370503594	25
3.8777559192052706	0.20501230823434258	25
3.8777559192052706	0.20501230823434258	25
0.007315330016854915	0.9927377954063972	25
0.007315330016854915	0.9927377954063972	25
0.007315330016854915	0.9927377954063972	25
0.007315330016854915	0.9927377954063972	25
0.007315330016854915	0.9927377954063972	25
0.007315330016854915	0.9927377954063972	25
0.007315330016854915	0.9927377954063972	25
0.007315330016854915	0.9927377954063972	25
0.007315330016854915	0.9927377954063972	25
0.007315330016854915	0.9927377954063972	25
0.007315330016854915	0.9927377954063972	25
0.007315330016854915	0.9927377954063972	25
0.007315330016854915	0.9927377954063972	25
0.007315330016854915	0.9927377954063972	25
0.007315330016854915	0.9927377954063972	25
0.007315330016854915	0.9927377954063972	25
0.007315330016854915	0.9927377954063972	25
0.007315330016854915	0.9927377954063972	25
0.007315330016854915	0.9927377954063972	25
0.007315330016854915	0.9927377954063972	25
0.007315330016854915	0.9927377954063972	25
0.007315330016854915	0.9927377954063972	25
0.007315330016854915	0.9927377954063972	25
0.007315330016854915	0.9927377954063972	25
0.007315330016854915	0.9927377954063972	25
0.007315330016854915	0.9927377954063972	25
0.007315330016854915	0.9927377954063972	25
0.007315330016854915	0.9927377954063972	25
0.007315330016854915	0.9927377954063972	25
0.007315330016854915	0.9927377954063972	25
0.007315330016854915	0.9927377954063972	25
0.007315330016854915	0.9927377954063972	25
0.007315330016854915	0.9927377954063972	25
0.007315330016854915	0.9927377954063972	25
0.007315330016854915	0.9927377954063972	25
0.007315330016854915	0.9927377954063972	25
0.007315330016854915	0.9927377954063972	25
0.007315330016854915	0.9927377954063972	25
