128.36787104765548	0.007729894539515365	9
103.30035982425123	0.00958769463197467	0
79.32760034718486	0.012449021204142641	8
33.005731170408126	0.029406807781571908	25
7.339331487396084	0.11991368870650868	25
3.769221020609404	0.20967784795015046	25
3.769221020609404	0.20967784795015046	25
3.6410811046236784	0.21546703827342076	25
2.5275188950477556	0.2834853702424922	25
2.5275188950477556	0.2834853702424922	25
3.769221020609404	0.20967784795015046	25
3.769221020609404	0.20967784795015046	25
3.769221020609404	0.20967784795015046	25
3.769221020609404	0.20967784795015046	25
3.769221020609404	0.20967784795015046	25
3.769221020609404	0.20967784795015046	25
3.769221020609404	0.20967784795015046	25
3.769221020609404	0.20967784795015046	25
3.769221020609404	0.20967784795015046	25
3.769221020609404	0.20967784795015046	25
3.769221020609404	0.20967784795015046	25
3.769221020609404	0.20967784795015046	25
3.769221020609404	0.20967784795015046	25
3.769221020609404	0.20967784795015046	25
3.769221020609404	0.20967784795015046	25
3.769221020609404	0.20967784795015046	25
3.769221020609404	0.20967784795015046	25
3.769221020609404	0.20967784795015046	25
3.769221020609404	0.20967784795015046	25
3.769221020609404	0.20967784795015046	25
3.769221020609404	0.20967784795015046	25
3.769221020609404	0.20967784795015046	25
3.769221020609404	0.20967784795015046	25
3.769221020609404	0.20967784795015046	25
3.769221020609404	0.20967784795015046	25
3.769221020609404	0.20967784795015046	25
3.769221020609404	0.20967784795015046	25
3.769221020609404	0.20967784795015046	25
3.769221020609404	0.20967784795015046	25
3.769221020609404	0.20967784795015046	25
3.769221020609404	0.20967784795015046	25
3.769221020609404	0.20967784795015046	25
3.769221020609404	0.20967784795015046	25
3.769221020609404	0.20967784795015046	25
3.769221020609404	0.20967784795015046	25
3.769221020609404	0.20967784795015046	25
3.769221020609404	0.20967784795015046	25
3.769221020609404	0.20967784795015046	25
3.769221020609404	0.20967784795015046	25
3.769221020609404	0.20967784795015046	25
3.769221020609404	0.20967784795015046	25
2.5275188950477556	0.2834853702424922	25
