139.6988951729406	0.007107376349834489	4
94.98394771130734	0.010418408742758926	7
98.96739272540061	0.0100032617910411	5
32.09136167334189	0.030219366911262254	15
21.17979780979016	0.04508607375846321	25
21.595466526843715	0.04425666532762166	22
2.140024908143335	0.3184688113163057	25
2.140024908143335	0.3184688113163057	25
5.052816387909733	0.16521234676760746	25
2.140024908143335	0.3184688113163057	25
2.140024908143335	0.3184688113163057	25
2.140024908143335	0.3184688113163057	25
2.140024908143335	0.3184688113163057	25
2.140024908143335	0.3184688113163057	25
2.140024908143335	0.3184688113163057	25
2.140024908143335	0.3184688113163057	25
2.140024908143335	0.3184688113163057	25
2.140024908143335	0.3184688113163057	25
2.140024908143335	0.3184688113163057	25
2.140024908143335	0.3184688113163057	25
2.140024908143335	0.3184688113163057	25
2.140024908143335	0.3184688113163057	25
2.140024908143335	0.3184688113163057	25
2.140024908143335	0.3184688113163057	25
2.140024908143335	0.3184688113163057	25
2.140024908143335	0.3184688113163057	25
2.140024908143335	0.3184688113163057	25
2.140024908143335	0.3184688113163057	25
2.140024908143335	0.3184688113163057	25
2.140024908143335	0.3184688113163057	25
2.140024908143335	0.3184688113163057	25
2.140024908143335	0.3184688113163057	25
2.140024908143335	0.3184688113163057	25
2.140024908143335	0.3184688113163057	25
2.140024908143335	0.3184688113163057	25
2.140024908143335	0.3184688113163057	25
2.140024908143335	0.3184688113163057	25
2.140024908143335	0.3184688113163057	25
2.140024908143335	0.3184688113163057	25
2.140024908143335	0.3184688113163057	25
2.140024908143335	0.3184688113163057	25
2.140024908143335	0.3184688113163057	25
2.140024908143335	0.3184688113163057	25
2.140024908143335	0.3184688113163057	25
2.140024908143335	0.3184688113163057	25
2.140024908143335	0.3184688113163057	25
2.140024908143335	0.3184688113163057	25
2.140024908143335	0.3184688113163057	25
2.140024908143335	0.3184688113163057	25
2.140024908143335	0.3184688113163057	25
2.1400249081432214	0.31846881131631727	25
2.1400249081432214	0.31846881131631727	25
