45.07029300796616	0.02170596136271777	0
45.07029300796616	0.02170596136271777	0
93.84006378629309	0.010544067138686664	5
29.513513093836046	0.03277236537545745	16
8.150731357980455	0.10928088268353424	25
8.150731357980455	0.10928088268353424	25
8.061859850940813	0.11035262257958876	25
24.46292250867822	0.03927278966737546	18
4.0006947046116235	0.19997221567591467	25
7.959608123359487	0.111612024346556	25
7.959608123359487	0.111612024346556	25
10.147441190292339	0.08970668541143255	25
10.147441190292339	0.08970668541143255	25
11.293109246535536	0.08134638519395096	25
11.293109246535536	0.08134638519395096	25
10.402375171717479	0.08770102587752121	25
10.402375171717479	0.08770102587752121	25
10.402375171717479	0.08770102587752121	25
10.402375171717479	0.08770102587752121	25
10.402375171717479	0.08770102587752121	25
10.402375171717479	0.08770102587752121	25
10.402375171717322	0.08770102587752242	25
10.402375171717322	0.08770102587752242	25
10.402375171717322	0.08770102587752242	25
10.402375171717322	0.08770102587752242	25
10.402375171717322	0.08770102587752242	25
10.402375171717322	0.08770102587752242	25
10.402375171717322	0.08770102587752242	25
10.402375171717322	0.08770102587752242	25
10.402375171717322	0.08770102587752242	25
10.402375171717322	0.08770102587752242	25
10.402375171715788	0.08770102587753423	25
10.402375171715788	0.08770102587753423	25
10.40237517166121	0.087701025877954	25
10.402375170990899	0.08770102588310968	25
10.402375121001791	0.0877010262675994	25
10.402298520561933	0.08770161544154323	25
10.402298520561933	0.08770161544154323	25
10.402191306764967	0.08770244009208088	25
10.393776182222615	0.08776721466235853	25
10.393776182222615	0.08776721466235853	25
10.219682235304786	0.08912908396401074	25
10.007454500694498	0.09084752518730889	25
9.992962256846345	0.09096729131196703	25
9.992962256846345	0.09096729131196703	25
9.992962256846345	0.09096729131196703	25
9.992767789266411	0.09096890056901072	25
9.987280687419938	0.09101433088397987	25
9.987271759978784	0.09101440483546673	25
9.986410812203351	0.09102153716018267	25
9.986410812203351	0.09102153716018267	25
4.0006947046116235	0.19997221567591467	25
