69.86118907154605	0.014112097370964735	3
69.86118907154605	0.014112097370964735	3
44.89431734910973	0.021789189986053868	11
46.83689937293707	0.020904364896311263	0
44.60256269634037	0.021928592185900344	11
8.169952340672566	0.1090518208654785	25
8.169952340672566	0.1090518208654785	25
8.169952340672566	0.1090518208654785	25
8.842909830858092	0.1015959728560087	25
8.842909830858092	0.1015959728560087	25
8.842909830858092	0.1015959728560087	25
8.842909830858092	0.1015959728560087	25
8.842909830858092	0.1015959728560087	25
8.842909830858092	0.1015959728560087	25
8.842909830858092	0.1015959728560087	25
8.842909830858092	0.1015959728560087	25
8.842909830858092	0.1015959728560087	25
8.842909830858092	0.1015959728560087	25
8.842909830858092	0.1015959728560087	25
8.842909830858092	0.1015959728560087	25
3.39677342445615	0.22743951153764377	25
4.036993561916809	0.1985311253047252	25
8.842909830858092	0.1015959728560087	25
4.036993561916809	0.1985311253047252	25
8.842909830858092	0.1015959728560087	25
8.842909830858092	0.1015959728560087	25
8.84290983085809	0.10159597285600873	25
8.84290983085809	0.10159597285600873	25
8.305043311938835	0.10746860239940528	25
8.305043311938835	0.10746860239940528	25
8.305043311938835	0.10746860239940528	25
3.396773424456322	0.22743951153763486	25
3.396773424456322	0.22743951153763486	25
3.396773424456322	0.22743951153763486	25
3.396773424456322	0.22743951153763486	25
3.396773424456322	0.22743951153763486	25
3.396773424456322	0.22743951153763486	25
3.396773424456322	0.22743951153763486	25
3.396773424456322	0.22743951153763486	25
3.396773424456322	0.22743951153763486	25
3.396773424456322	0.22743951153763486	25
3.396773424456322	0.22743951153763486	25
3.396773424456322	0.22743951153763486	25
2.452370341963043	0.28965606263185334	25
2.452370341963043	0.28965606263185334	25
2.452370341963043	0.28965606263185334	25
2.452370341963043	0.28965606263185334	25
2.452370341963043	0.28965606263185334	25
2.452370341963043	0.28965606263185334	25
2.452370341963043	0.28965606263185334	25
2.452370341963043	0.28965606263185334	25
2.452370341963043	0.28965606263185334	25
