245.8889096681687	0.004050404699603765	0
64.95696005954521	0.01516140220982306	1
35.2158020682516	0.02761225605649764	25
67.7389306796567	0.01454779686143634	0
9.34008863999642	0.09671096978142986	25
9.34008863999642	0.09671096978142986	25
4.772364714282322	0.17323922681561366	25
4.772364714282322	0.17323922681561366	25
4.772364714282322	0.17323922681561366	25
6.150470210337618	0.13985094274699228	25
5.362140028580189	0.1571798161479897	25
5.362140028580189	0.1571798161479897	25
6.579485319238556	0.13193507974238827	25
7.1327973601597705	0.12295892246113393	25
0.3678602444836194	0.7310688383793987	25
0.3678602444836194	0.7310688383793987	25
7.1327973601597705	0.12295892246113393	25
5.141811883577706	0.1628184026075191	25
5.141811883577706	0.1628184026075191	25
5.141811883577706	0.1628184026075191	25
5.141811883577706	0.1628184026075191	25
5.141811883577706	0.1628184026075191	25
5.141811883577702	0.16281840260751917	25
5.141811883577702	0.16281840260751917	25
5.141811883577702	0.16281840260751917	25
5.141811883577702	0.16281840260751917	25
5.141811883577702	0.16281840260751917	25
5.141811883577702	0.16281840260751917	25
5.141811883577702	0.16281840260751917	25
5.141811883577702	0.16281840260751917	25
5.141811883577702	0.16281840260751917	25
5.141811883577702	0.16281840260751917	25
5.141811883577702	0.16281840260751917	25
5.141811883577702	0.16281840260751917	25
5.141811883577702	0.16281840260751917	25
5.141811883577702	0.16281840260751917	25
5.141811883577702	0.16281840260751917	25
5.141811883577702	0.16281840260751917	25
5.141811883577702	0.16281840260751917	25
5.141811883577702	0.16281840260751917	25
5.141811883577702	0.16281840260751917	25
5.141811883577702	0.16281840260751917	25
5.141811883577702	0.16281840260751917	25
5.141811883577702	0.16281840260751917	25
5.141811883577702	0.16281840260751917	25
5.141811883577702	0.16281840260751917	25
5.141811883577702	0.16281840260751917	25
5.141811883577702	0.16281840260751917	25
5.141811883577702	0.16281840260751917	25
5.141811883577702	0.16281840260751917	25
5.141811883577702	0.16281840260751917	25
0.3678602444836194	0.7310688383793987	25
