0.9590872912150975
0.9591582626464592
0.9592281079194879
0.9592968266700815
0.9593644208706856
0.9594308947377661
0.9594962546271095
0.9595605089182488
0.9596236678893153
0.9596857435836529
0.9597467496695103
0.9598067012941442
0.9598656149336346
0.9599235082397074
0.9599803998848189
0.9600363094067298
0.9600912570537453
0.9601452636317557
0.9601983503541477
0.9602505386956068
0.9603018502507463
0.960352306598447
0.960401929172699
0.9604507391406705
0.960498757288633
0.9605460039163026
0.9605924987400565
0.9606382608054099
0.9606833084090368
0.9607276590305507
0.9607713292741513
0.960814334820187
0.9608566903865746
0.9608984096999628
0.9609395054764367
0.9609799894114953
0.9610198721789711
0.9610591634384935
0.9610978718510482
0.9611360051021363
0.9611735699319824
0.961210572172221
0.9612470167884393
0.9612829079279458
0.961318248972105
0.9613530425925675
0.9613872908107194
0.961420995059671
0.9614541562481123
0.9614867748253678
0.9615188508469988
0.9615503840403257
0.9615813738692556
0.9616118195978396
0.9616417203520066
0.9616710751789569
0.9616998831037425
0.9617281431825857
0.9617558545525466
0.961783016477182
0.9618096283878836
0.9618356899206361
0.961861200947972
0.9618861616059561
0.9619105723160694
0.9619344338019158
0.9619577471007167
0.961980513569601
0.9620027348867443
0.9620244130474523
0.9620455503553181
0.9620661494086308
0.9620862130822345
0.9621057445050853
0.9621247470337736
0.9621432242223119
0.9621611797885157
0.9621786175773206
