0.5691480981635108
0.5719021961959434
0.5725376479109477
0.5725951086550409
0.5725129892064041
0.5724230792595111
0.5723727995142349
0.5723875371332572
0.5724868900753357
0.5726878932620292
0.5730050062031639
0.5734496496792042
0.5740299657060988
0.5747508657138166
0.575614285978883
0.5766195587673716
0.5777638295654437
0.5790424747897442
0.5804494930914783
0.5819778563039922
0.5836198144431924
0.5853671542884241
0.5872114140155089
0.5891440578887434
0.591156615667411
0.593240791491929
0.5953885468116422
0.5975921615458981
0.5998442772238823
0.6021379253830927
0.6044665440543573
0.6068239847413841
0.6092045119237979
0.6116027967775166
0.6140139065145752
0.6164332904936058
0.6188567640384864
0.621280490722194
0.6237009637215498
0.626114986722454
0.6285196547508122
0.6309123352183732
0.6332906494023735
0.6356524545206138
0.6379958265173489
0.6403190436382067
0.6426205708427781
0.6448990450801747
0.6471532614346168
0.6493821601340956
0.6515848144045151
0.6537604191438688
0.655908280385353
0.6580278055144801
0.6601184942027928
0.6621799300194666
0.6642117726816228
0.6662137509043874
0.668185655812452
0.6701273348759902
0.6720386863351452
0.6739196540788664
0.6757702229455419
0.6775904144146184
0.6793802826601703
0.6811399109391427
0.6828694082887248
0.684568906509004
0.6862385574086759
0.6878785302931382
0.6894890096757991
0.6910701931948118
0.6926222897187971
0.6941455176263491
0.6956401032452993
0.6971062794387928
0.6985442843262725
0.6999543601283972
0.7013367521258127
0.7026917077225134
0.7040194756052912
0.7053203049914711
0.706594444957783
0.7078421438438289
0.7090636487241453
0.7102592049433937
0.7114290557096635
0.7125734417413283
0.7136926009632893
0.7147867682488075
0.7158561752034818
0.7169010499882269
0.7179216171784175
0.7189180976566099
0.7198907085365173
0.7208396631161329
0.7217651708581013
0.7226674373956465
0.723546664562518
0.7244030504456043
0.7252367894589961
0.7260480724384275
0.7268370867551478
0.7276040164483932
0.7283490423757357
0.7290723423806816
0.7297740914769837
0.7304544620492086
0.7311136240691822
0.7317517453279904
0.7323689916832824
0.7329655273216714
0.7335415150360762
0.7340971165178836
0.7346324926638509
0.7351478038976931
0.7356432105063185
0.7361188729907001
0.7365749524313708
0.7370116108685436
0.7374290116968485
0.7378273200746724
0.7382067033480728
0.7385673314892175
0.7389093775492649
0.7392330181255752
0.7395384338430916
0.7398258098496826
0.7400953363251783
0.7403472090037694
0.7405816297093529
0.7407988069033439
0.7409989562443536
0.7411823011590634
0.7413490734234862
0.7414995137537046
0.7416338724050396
0.7417524097784662
0.7418553970329406
0.7419431167021536
0.7420158633140539
0.7420739440113089
0.7421176791706932
0.7421474030191987
0.7421634642444679
0.7421662265969445
0.7421560694809293
0.7421333885315211
0.7420985961742002
0.7420521221636095
0.7419944140978662
0.7419259379045311
0.7418471782941689
0.7417586391772188
0.7416608440397349
0.7415543362733774
0.7414396794548789
0.7413174575701001
0.7411882751776656
0.7410527575071159
0.7409115504864506
0.7407653206939507
0.7406147552291926
0.7404605614982547
0.7403034669082418
0.7401442184664384
0.739983582279648
0.7398223429495561
0.7396613028603315
0.739501281355101
0.7393431137984132
0.7391876505223836
0.7390357556548119
0.7388883058282829
0.7387461887699859
0.7386103017728278
0.7384815500492792
0.7383608449703144
0.7382491021927857
0.7381472396795847
0.7380561756179695
0.7379768262425135
0.7379101035701888
0.7378569130561607
0.7378181511799281
0.7377947029724482
0.7377874394958664
0.7377972152883786
0.7378248657875988
0.737871204746548
0.737937021657028
0.7380230791956824
0.7381301107084371
0.7382588177492807
0.738409867689457
0.7385838914130927
0.7387814811150777
0.7390031882166389
0.7392495214135055
0.7395209448708523
0.7398178765783467
0.740140686877588
0.7404896971730688
0.7408651788364699
0.7412673523127046
0.7416963864345659
0.7421523979512584
0.7426354512743958
0.7431455584433454
0.7436826793100483
0.7442467219417124
0.7448375432380637
0.7454549497581542
0.7460986987501255
0.7467684993758124
0.7474640141206258
0.7481848603778767
0.7489306121955165
0.7497008021722471
0.7504949234890866
0.7513124320617528
0.7521527487986941
0.7530152619491982
0.7538993295258047
0.7548042817851801
0.7557294237517168
0.7566740377683647
0.7576373860595839
0.7586187132918172
0.7596172491175095
0.7606322106894259
0.7616628051328329
0.7627082319639974
0.7637676854443958
0.7648403568610318
0.7659254367242578
0.7670221168755549
0.7681295924987523
0.769247064029211
0.7703737389565002
0.7715088335170914
0.7726515742745491
0.7738011995855812
0.7749569609512016
0.7761181242530235
0.7772839708754743
0.7784537987153766
0.7796269230809706
0.7808026774830025
0.781980414320987
0.783159505468171
0.7843393427590977
0.7855193383839623
0.7866989251941933
0.7878775569238918
0.7890547083318825
0.7902298752692443
0.791402574677205
0.7925723445203233
0.7937387436598229
0.7949013516719061
0.7960597686157628
0.797213614755896
0.7983625302432289
0.7995061747593262
0.8006442271278678
0.8017763848973579
0.8029023638988434
0.8040218977822279
0.8051347375345652
0.8062406509835118
0.8073394222889189
0.8084308514253293
0.8095147536579664
0.8105909590145828
0.8116593117553665
0.8127196698429007
0.8137719044140046
0.814815899255111
0.815851550282666
0.8168787650298895
0.8178974621410782
0.8189075708745023
0.8199090306148086
0.8209017903957229
0.8218858084337329
0.82286105167332
0.8238274953442113
0.8247851225310386
0.8257339237556952
0.8266738965726149
0.8276050451771215
0.8285273800269364
0.8294409174768678
0.8303456794266663
0.8312416929819676
0.832128990128216
0.833007607417419
0.833877585667547
0.8347389696743779
0.835591807935542
0.8364361523865202
0.8372720581483191
0.8380995832865351
0.838918788581509
0.8397297373092635
0.8405324950329038
0.8413271294041624
0.8421137099747596
0.8428923080172598
0.8436629963550865
0.8444258492013793
0.845180942006362
0.8459283513129074
0.8466681546199744
0.8474004302536156
0.8481252572452387
0.8488427152168343
0.8495528842728611
0.8502558448985204
0.8509516778641252
0.8516404641353038
0.8523222847887685
0.8529972209333965
0.8536653536363765
0.8543267638541789
0.8549815323681242
0.8556297397243177
0.8562714661777465
0.8569067916403255
0.8575357956326911
0.8581585572395602
0.8587751550684616
0.8593856672116705
0.859990171211173
0.8605887440264995
0.8611814620052766
0.8617684008563395
0.8623496356252768
0.8629252406722588
0.8634952896520296
0.8640598554959364
0.8646190103958791
0.8651728257900644
0.8657213723504661
0.8662647199718819
0.8668029377624932
0.8673360940358373
0.8678642563041026
0.8683874912726638
0.8689058648357816
0.869419442073386
0.8699282872488778
0.870432463807879
0.8709320343778673
0.8714270607686361
0.8719176039735208
0.8724037241713395
0.8728854807289939
0.8733629322046866
0.8738361363517023
0.8743051501227164
0.8747700296745852
0.8752308303735823
0.8756876068010429
0.8761404127593817
0.8765893012784536
0.877034324622225
0.8774755342957288
0.8779129810522736
0.8783467149008831
0.8787767851139445
0.8792032402350378
0.8796261280869275
0.8800454957797024
0.8804613897190329
0.8808738556145415
0.881282938488261
0.8816886826831698
0.8820911318717878
0.8824903290648213
0.8828863166198437
0.8832791362499998
0.8836688290327251
0.8840554354184668
0.8844389952394004
0.8848195477181311
0.8851971314763737
0.8855717845436011
0.8859435443656575
0.886312447813328
0.8866785311908592
0.8870418302444262
0.8874023801705389
0.8877602156243862
0.8881153707281125
0.8884678790790204
0.8888177737577013
0.8891650873360868
0.8895098518854175
0.8898520989841325
0.8901918597256688
0.890529164726178
0.8908640441321484
0.8911965276279415
0.891526644443233
0.891854423360363
0.8921798927215893
0.8925030804362489
0.8928240139878226
0.8931427204409034
0.8934592264480691
0.8937735582566593
0.8940857417154536
0.8943958022812571
0.8947037650253846
0.8950096546400544
0.8953134954446811
0.895615311392077
0.8959151260745554
0.8962129627299429
0.8965088442474949
0.8968027931737196
0.8970948317181098
0.8973849817587823
0.8976732648480265
0.8979597022177639
0.8982443147849184
0.8985271231566972
0.898808147635786
0.8990874082254566
0.8993649246345914
0.8996407162826209
0.8999148023043798
0.9001872015548812
0.900457932614008
0.9007270137911263
0.9009944631296174
0.9012602984113354
0.9015245371609836
0.9017871966504203
0.902048293902885
0.9023078456971544
0.9025658685716258
0.9028223788283272
0.9030773925368585
0.9033309255382649
0.9035829934488392
0.9038336116638594
0.9040827953612605
0.9043305595052394
0.9045769188497987
0.9048218879422262
0.9050654811265121
0.9053077125467075
0.905548596150221
0.90578814569106
0.9060263747330095
0.9062632966527583
0.906498924642969
0.9067332717152907
0.9069663507033213
0.9071981742655141
0.9074287548880344
0.907658104887565
0.9078862364140609
0.9081131614534536
0.9083388918303112
0.9085634392104469
0.908786815103481
0.9090090308653627
0.9092300977008383
0.9094500266658836
0.9096688286700869
0.9098865144789924
0.9101030947164022
0.9103185798666359
0.91053298027675
0.9107463061587193
0.9109585675915783
0.9111697745235241
0.9113799367739848
0.9115890640356465
0.9117971658764493
0.9120042517415441
0.9122103309552176
0.9124154127227824
0.9126195061324313
0.912822620157063
0.913024763656073
0.9132259453771142
0.9134261739578249
0.9136254579275287
0.913823805708902
0.9140212256196151
0.9142177258739429
0.9144133145843466
0.9146079997630308
0.9148017893234698
0.9149946910819099
0.9151867127588451
0.9153778619804666
0.9155681462800863
0.915757573099539
0.9159461497905556
0.9161338836161178
0.9163207817517846
0.9165068512869987
0.9166920992263703
0.9168765324909381
0.9170601579194091
0.9172429822693775
0.9174250122185209
0.9176062543657799
0.9177867152325135
0.917966401263637
0.9181453188287406
0.9183234742231887
0.9185008736692001
0.9186775233169111
0.9188534292454191
0.9190285974638113
0.9192030339121718
0.9193767444625771
0.9195497349200694
0.9197220110236196
0.9198935784470682
0.9200644428000555
0.9202346096289328
0.9204040844176608
0.9205728725886924
0.9207409795038395
0.9209084104651278
0.921075170715637
0.9212412654403255
0.9214066997668424
0.9215714787663288
0.9217356074542009
0.9218990907909254
0.9220619336827783
0.922224140982594
0.9223857174905015
0.9225466679546483
0.9227069970719122
0.922866709488603
0.923025809801152
0.9231843025567905
0.9233421922542165
0.9234994833442542
0.9236561802304974
0.9238122872699485
0.9239678087736418
0.9241227490072625
0.9242771121917509
0.9244309025039005
0.924584124076944
0.9247367810011333
0.9248888773243068
0.9250404170524502
0.9251914041502485
0.9253418425416273
0.9254917361102881
0.9256410887002344
0.9257899041162884
0.9259381861246017
0.9260859384531576
0.9262331647922631
0.9263798687950391
0.9265260540778951
0.9266717242210046
0.9268168827687673
0.9269615332302676
0.9271056790797246
0.9272493237569365
0.9273924706677157
0.927535123184321
0.9276772846458804
0.927818958358808
0.9279601475972163
0.9281008556033197
0.9282410855878347
0.9283808407303717
0.9285201241798227
0.9286589390547423
0.9287972884437229
0.9289351754057656
0.9290726029706439
0.9292095741392636
0.9293460918840154
0.9294821591491258
0.929617778850998
0.9297529538785525
0.9298876870935603
0.9300219813309701
0.9301558393992345
0.9302892640806275
0.9304222581315603
0.93055482428289
0.9306869652402272
0.9308186836842354
0.9309499822709287
0.9310808636319642
0.9312113303749306
0.9313413850836328
0.9314710303183716
0.9316002686162199
0.9317291024912964
0.931857534435032
0.9319855669164376
0.9321132023823614
0.9322404432577492
0.9323672919458968
0.9324937508287007
0.9326198222669041
0.9327455086003419
0.9328708121481781
0.9329957352091441
0.9331202800617717
0.9332444489646228
0.9333682441565165
0.9334916678567533
0.9336147222653348
0.9337374095631822
0.9338597319123508
0.9339816914562421
0.9341032903198119
0.9342245306097768
0.9343454144148183
0.9344659438057813
0.9345861208358748
0.9347059475408636
0.9348254259392644
0.9349445580325332
0.9350633458052536
0.9351817912253222
0.9352998962441297
0.9354176627967429
0.9355350928020805
0.9356521881630895
0.9357689507669177
0.9358853824850849
0.9360014851736508
0.9361172606733814
0.9362327108099138
0.9363478373939169
0.9364626422212518
0.9365771270731303
0.9366912937162697
0.9368051439030463
0.9369186793716479
0.9370319018462233
0.9371448130370296
0.9372574146405792
0.9373697083397824
0.937481695804091
0.9375933786896375
0.9377047586393759
0.9378158372832148
0.9379266162381564
0.9380370971084273
0.9381472814856118
0.9382571709487809
0.9383667670646213
0.9384760713875625
0.9385850854599009
0.9386938108119249
0.9388022489620359
0.9389104014168697
0.939018269671415
0.9391258552091319
0.9392331595020668
0.9393401840109684
0.9394469301854007
0.9395533994638544
0.939659593273858
0.9397655130320871
0.9398711601444724
0.9399765360063052
0.9400816420023438
0.9401864795069187
0.9402910498840314
0.9403953544874606
0.9404993946608591
0.9406031717378545
0.9407066870421468
0.9408099418876048
0.9409129375783625
0.9410156754089124
0.9411181566641992
0.9412203826197131
0.9413223545415793
