0.5643519534767056
0.560638939646337
0.55876857474134
0.5581503406494961
0.5582856435176257
0.5588566980305324
0.5596722512378959
0.5606213662868574
0.5616435168717498
0.5627099212590267
0.563811775327319
0.5649526635541151
0.5661435328578905
0.5673992744803332
0.5687363445296572
0.5701710800788793
0.5717185020174554
0.5733914760868439
0.5752001512344412
0.5771516221605949
0.5792497783136364
0.5814953094141135
0.5838858410269562
0.5864161748881567
0.5890786090693177
0.5918633135482446
0.5947587378606267
0.5977520294350455
0.6008294439262696
0.6039767321718871
0.6071794920370213
0.6104234770962862
0.6136948575758302
0.6169804320445244
0.6202677908764119
0.6235454344509679
0.6268028504180851
0.6300305551804871
0.6332201051156415
0.6363640830641072
0.6394560653452465
0.6424905741112197
0.6454630192910291
0.6483696337685975
0.6512074048283523
0.6539740043209296
0.6566677194712969
0.6592873857833317
0.6618323230931854
0.6643022754879868
0.66669735553266
0.6690179930298786
0.6712648883694875
0.6734389703969177
0.6755413586381993
0.6775733296557516
0.6795362872684427
0.681431736346543
0.6832612598829233
0.6850264990427393
0.6867291359020312
0.6883708785989301
0.6899534486377046
0.6914785701043481
0.6929479605717696
0.6943633234921232
0.6957263418928854
0.6970386732115561
0.698301945121079
0.6995177522141292
0.7006876534291848
0.7018131701148174
0.7028957846408835
0.703936939476357
0.7049380366634616
0.705900437626612
0.7068254632625718
0.7077143942652055
0.7085684716444012
0.7093888974041718
0.7101768353497454
0.7109334119976496
0.7116597175664815
0.7123568070292645
0.7130257012111002
0.7136673879182673
0.7142828230870313
0.7148729319422774
0.7154386101576667
0.7159807250103893
0.7165001165247821
0.7169975986000886
0.7174739601185248
0.7179299660305594
0.7183663584149567
0.7187838575116845
0.7191831627262382
0.7195649536043378
0.7199298907762733
0.7202786168704512
0.7206117573959305
0.7209299215939118
0.7212337032583128
0.7215236815256735
0.721800421634743
0.7220644756561756
0.7223163831928162
0.7225566720511092
0.7227858588841809
0.7230044498071766
0.7232129409854325
0.7234118191960709
0.7236015623635925
0.7237826400700406
0.723955514040283
0.7241206386029523
0.7242784611275513
0.7244294224382182
0.7245739572046114
0.7247124943103611
0.7248454571994927
0.7249732642012188
0.7250963288334575
0.7252150600854225
0.7253298626795935
0.7254411373133683
0.7255492808806657
0.725654686673737
0.7257577445654236
0.7258588411720828
0.725958359997396
0.7260566815572594
0.7261541834859488
0.7262512406237488
0.7263482250862323
0.7264455063153767
0.7265434511127047
0.7266424236546468
0.7267427854903289
0.7268448955220025
0.7269491099683463
0.7270557823108881
0.7271652632238192
0.7272779004874881
0.7273940388858973
0.7275140200885474
0.727638182517008
0.7277668611966297
0.7279003875938436
0.7280390894395385
0.7281832905390407
0.728333310569267
0.7284894648636662
0.7286520641856038
0.728821414490896
0.7289978166802401
0.7291815663423412
0.7293729534885753
0.729572262280078
0.7297797707481939
0.7299957505092626
0.7302204664747632
0.7304541765578757
0.7306971313775565
0.7309495739612635
0.7312117394474885
0.7314838547892932
0.7317661384600597
0.7320588001626858
0.7323620405434779
0.732676050911988
0.7330010129680558
0.7333370985373087
0.7336844693163643
0.734043276628959
0.7344136611942149
0.7347957529082163
0.7351896706400378
0.7355955220433235
0.7360134033844647
0.736443399388371
0.7368855831027659
0.7373400157818716
0.7378067467902738
0.7382858135276755
0.7387772413751718
0.7392810436635804
0.7397972216642785
0.7403257646028939
0.7408666496961074
0.7414198422117121
0.7419852955519866
0.7425629513603246
0.7431527396509652
0.7437545789615689
0.7443683765282741
0.7449940284827818
0.7456314200709097
0.7462804258919686
0.7469409101582262
0.7476127269736347
0.7482957206309253
0.7489897259260911
0.7496945684892223
0.7504100651305873
0.7511360242008074
0.7518722459639172
0.7526185229820732
0.7533746405106294
0.7541403769022867
0.7549155040189935
0.7556997876502748
0.7564929879366586
0.7572948597968797
0.758105153357544
0.7589236143839649
0.7597499847109027
0.7605840026719695
0.7614254035265017
0.7622739198827411
0.7631292821162139
0.7639912187822483
0.7648594570216252
0.7657337229584145
0.766613742089111
0.7674992396622478
0.7683899410477257
0.7692855720951698
0.770185859480684
0.7710905310414488
0.7719993160976664
0.7729119457614323
0.7738281532321707
0.7747476740783393
0.7756702465051734
0.7765956116082918
0.77752351361306
0.7784537000996429
0.7793859222137528
0.7803199348631372
0.7812554968998993
0.7821923712887963
0.7831303252616918
0.7840691304583893
0.785008563054101
0.7859484038738374
0.7868884384940413
0.7878284573318051
0.7887682557220459
0.7897076339830141
0.7906463974705531
0.7915843566215166
0.7925213269867863
0.7934571292543183
0.7943915892626727
0.7953245380054724
0.7962558116272487
0.7971852514111261
0.7981127037587921
0.7990380201632156
0.7999610571745408
0.8008816763596075
0.8017997442555218
0.8027151323177034
0.8036277168628151
0.8045373790069829
0.8054440045996948
0.8063474841537511
0.8072477127716429
0.8081445900686983
0.8090380200933471
0.8099279112448207
0.8108141761886024
0.8116967317699295
0.8125754989256215
0.8134504025945137
0.8143213716267458
0.8151883386921498
0.8160512401879662
0.8169100161461016
0.8177646101401335
0.818614969192247
0.8194610436802826
0.8203027872450624
0.8211401566981444
0.8219731119301468
0.8228016158197747
0.823625634143673
0.8244451354872054
0.8252600911562757
0.826070475090266
0.8268762637761898
0.8276774361641229
0.8284739735839859
0.8292658596637326
0.8300530802489999
0.83083562332426
0.8316134789355139
0.8323866391145668
0.8331550978048983
0.833918850789162
0.8346778956183235
0.835432231542453
0.8361818594431778
0.8369267817678003
0.8376670024650832
0.8384025269226937
0.8391333619063057
0.8398595155003502
0.8405809970503986
0.8412978171071683
0.8420099873721338
0.8427175206447252
0.8434204307710896
0.8441187325944037
0.844812441906704
0.8455015754022156
0.8461861506321561
0.8468661859609824
0.8475417005240604
0.848212714186722
0.8488792475046877
0.8495413216858236
0.8501989585532015
0.850852180509436
0.8515010105022655
0.8521454719913518
0.8527855889162624
0.8534213856656127
0.8540528870473301
0.8546801182600217
0.8553031048654017
0.8559218727617643
0.8565364481584604
0.8571468575513613
0.8577531276992699
0.8583552856012596
0.8589533584749126
0.8595473737354256
0.860137358975563
0.8607233419464263
0.8613053505390184
0.8618834127665749
0.8624575567476386
0.8630278106898551
0.8635942028744624
0.8641567616414553
0.8647155153754
0.8652704924918789
0.8658217214245407
0.8663692306127405
0.8669130484897446
0.8674532034714826
0.8679897239458295
0.8685226382623931
0.8690519747227975
0.8695777615714362
0.8701000269866827
0.8706187990725434
0.8711341058507295
0.8716459752531412
0.8721544351147431
0.872659513166817
0.8731612370305805
0.8736596342111536
0.8741547320918629
0.8746465579288706
0.8751351388461126
0.875620501830537
0.8761026737276293
0.8765816812372149
0.8770575509095236
0.877530309141512
0.8779999821734267
0.8784665960856043
0.8789301767954946
0.8793907500548991
0.8798483414474165
0.8803029763860859
0.8807546801112189
0.881203477688414
0.8816493940067446
0.8820924537771125
0.8825326815307614
0.8829701016179419
0.8834047382067235
0.8838366152819427
0.8842657566442874
0.884692185909505
0.8851159265077346
0.8855370016829526
0.8859554344925288
0.8863712478068893
0.8867844643092777
0.8871951064956121
0.8876031966744343
0.8880087569669439
0.8884118093071153
0.8888123754418927
0.8892104769314602
0.8896061351495812
0.8899993712840052
0.890390206336939
0.8907786611255764
0.8911647562826857
0.8915485122572516
0.8919299493151672
0.8923090875399745
0.8926859468336492
0.8930605469174309
0.893432907332691
0.8938030474418391
0.8941709864292666
0.8945367433023212
0.8949003368923149
0.8952617858555593
0.8956211086744306
0.8959783236584576
0.8963334489454359
0.8966865025025612
0.8970375021275854
0.8973864654499912
0.8977334099321829
0.8980783528706936
0.8984213113974079
0.8987623024807964
0.8991013429271631
0.8994384493819035
0.8997736383307726
0.9001069261011599
0.9004383288633756
0.9007678626319386
0.9010955432668746
0.9014213864750154
0.9017454078113049
0.9020676226801062
0.9023880463365124
0.9027066938876576
0.9030235802940301
0.9033387203707847
0.903652128789056
0.9039638200772685
0.9042738086224476
0.9045821086715262
0.9048887343326504
0.9051936995764808
0.9054970182374911
0.9057987040152624
0.906098770475772
0.9063972310526793
0.9066940990486054
0.9069893876364064
0.9072831098604422
0.9075752786378392
0.9078659067597442
0.9081550068925749
0.9084425915792607
0.9087286732404779
0.909013264175876
0.9092963765652982
0.9095780224699919
0.9098582138338129
0.9101369624844211
0.9104142801344658
0.9106901783827663
0.9109646687154801
0.9112377625072646
0.9115094710224295
0.9117798054160792
0.9120487767352475
0.9123163959200229
0.9125826738046635
0.9128476211187043
0.9131112484880544
0.9133735664360841
0.9136345853847039
0.9138943156554328
0.9141527674704584
0.9144099509536867
0.9146658761317817
0.9149205529351974
0.915173991199198
0.9154262006648702
0.9156771909801256
0.9159269717006926
0.9161755522911007
0.9164229421256525
0.9166691504893894
0.9169141865790458
0.9171580595039932
0.9174007782871784
0.9176423518660475
0.9178827890934647
0.9181220987386197
0.9183602894879258
0.9185973699459102
0.9188333486360934
0.9190682340018613
0.919302034407326
0.91953475813818
0.9197664134025397
0.9199970083317814
0.9202265509813669
0.9204550493316611
0.9206825112887419
0.9209089446851995
0.9211343572809283
0.9213587567639109
0.9215821507509914
0.9218045467886429
0.9220259523537252
0.9222463748542341
0.9224658216300433
0.9226842999536385
0.9229018170308416
0.9231183800015288
0.92333399594034
0.9235486718573809
0.9237624146989156
0.9239752313480549
0.9241871286254333
0.9243981132898799
0.9246081920390836
0.9248173715102477
0.9250256582807391
0.9252330588687306
0.9254395797338345
0.9256452272777301
0.9258500078447838
0.9260539277226626
0.9262569931429403
0.9264592102816971
0.9266605852601119
0.926861124145049
0.9270608329496373
0.9272597176338426
0.927457784105035
0.927655038218548
0.9278514857782327
0.928047132537005
0.9282419841973865
0.9284360464120398
0.9286293247842976
0.9288218248686849
0.9290135521714373
0.9292045121510109
0.9293947102185878
0.9295841517385768
0.9297728420291057
0.929960786362511
0.9301479899658196
0.9303344580212272
0.9305201956665684
0.9307052079957858
0.9308895000593883
0.9310730768649091
0.9312559433773557
0.931438104519656
0.9316195651730982
0.931800330177767
0.931980404332974
0.932159792397684
0.9323384990909352
0.9325165290922559
0.9326938870420761
0.9328705775421339
0.9330466051558781
0.9332219744088661
0.9333966897891562
0.9335707557476978
0.9337441766987141
0.9339169570200841
0.9340891010537166
0.9342606131059228
0.9344314974477834
0.934601758315512
0.9347713999108141
0.9349404264012421
0.935108841920547
0.9352766505690253
0.9354438564138622
0.9356104634894717
0.9357764757978317
0.9359418973088166
0.9361067319605251
0.9362709836596051
0.9364346562815746
0.9365977536711396
0.9367602796425079
0.9369222379796986
0.9370836324368512
0.9372444667385272
0.9374047445800118
0.9375644696276103
0.9377236455189419
0.9378822758632304
0.9380403642415914
0.9381979142073166
0.9383549292861545
0.938511412976589
0.938667368750114
0.9388228000515053
0.9389777102990897
0.9391321028850117
0.9392859811754952
0.9394393485111059
0.9395922082070071
0.9397445635532152
0.9398964178148519
0.9400477742323934
0.9401986360219164
0.9403490063753432
0.9404988884606824
0.9406482854222676
0.940797200380994
0.9409456364345523
0.9410935966576592
0.9412410841022876
0.9413881017978912
0.9415346527516301
0.9416807399485915
0.9418263663520094
0.9419715349034816
0.9421162485231845
0.942260510110085
0.9424043225421521
0.9425476886765634
0.942690611349912
0.9428330933784108
0.9429751375580926
0.9431167466650111
0.9432579234554381
0.9433986706660589
0.9435389910141656
0.9436788871978498
0.9438183618961903
0.9439574177694428
0.9440960574592242
0.9442342835886975
0.9443720987627533
0.9445095055681899
0.9446465065738925
0.9447831043310088
0.944919301373125
0.9450551002164379
0.9451905033599269
0.9453255132855239
0.9454601324582805
0.9455943633265357
0.9457282083220792
0.9458616698603161
0.9459947503404271
0.9461274521455298
0.946259777642836
0.9463917291838094
0.9465233091043206
0.946654519724802
0.9467853633503984
0.9469158422711205
0.9470459587619924
0.9471757150832008
0.9473051134802419
0.9474341561840665
0.9475628454112242
0.9476911833640059
0.9478191722305861
0.9479468141851616
0.9480741113880922
0.9482010659860363
0.9483276801120886
0.948453955885915
0.9485798954138861
0.9487055007892101
0.9488307740920645
0.9489557173897258
0.9490803327366997
0.9492046221748484
0.9493285877335176
0.9494522314296626
0.9495755552679731
0.9496985612409968
0.9498212513292617
0.949943627501398
0.9500656917142591
0.9501874459130403
0.9503088920313973
0.9504300319915652
0.9505508677044736
0.9506714010698625
0.9507916339763978
0.9509115683017845
