0.9302467344629654
0.9300798474936784
0.92991316137595
0.929746688956732
0.9295804428420836
0.9294144354004445
0.9292486787658548
0.9290831848411253
0.9289179653009605
0.9287530315950341
0.9285883949510182
0.9284240663775704
0.9282600566672738
0.9280963763995426
0.9279330359434763
0.9277700454606862
0.9276074149080724
0.927445154040571
0.9272832724138617
0.9271217793870382
0.9269606841252457
0.9267999956022853
0.9266397226031811
0.9264798737267183
0.9263204573879493
0.9261614818206664
0.926002955079845
0.925844885044059
0.9256872794178629
0.9255301457341496
0.9253734913564767
0.925217323481366
0.9250616491405785
0.9249064752033582
0.924751808378654
0.9245976552173135
0.9244440221142523
0.9242909153105985
0.9241383408958126
0.9239863048097845
0.9238348128449038
0.9236838706481105
0.9235334837229213
0.9233836574314309
0.9232343969962956
0.9230857075026906
0.9229375939002484
0.9227900610049746
0.9226431135011425
0.9224967559431666
0.9223509927574571
0.9222058282442522
0.9220612665794301
0.9219173118163034
0.921773967887392
0.9216312386061757
0.9214891276688307
0.9213476386559433
0.9212067750342081
0.9210665401581056
0.9209269372715615
0.9207879695095893
0.9206496398999124
0.9205119513645703
0.9203749067215067
0.9202385086861394
0.9201027598729136
0.9199676627968368
0.919833219874999
0.9196994334280731
0.9195663056818005
0.9194338387684606
0.9193020347283208
0.9191708955110743
0.9190404229772586
0.9189106188996603
0.9187814849647011
0.9186530227738116
