0.5629497882866734
0.5594948530625026
0.5633187268864555
0.5685552083950678
0.5651438573038425
0.5532949453589918
0.5437354542952929
0.5403105507464221
0.5422973029039545
0.5466753209106835
0.5517940296178784
0.5573662192542049
0.5617913756819025
0.56561652922072
0.5694234595791219
0.5726338988150433
0.5754546325895131
0.5787581715069777
0.5816291549053129
0.5838934377400823
0.58645095406397
0.588688225196601
0.5904608644731655
0.5926971733721907
0.5953507895663527
0.5978216876764709
0.6007062919290669
0.6035776628160154
0.6058088484818045
0.6079999385468976
0.6102712937176346
0.6123671443058478
0.6147351977345207
0.6176097368809259
0.6199960814391815
0.621914100314735
0.6233928913352582
0.6245991040040261
0.6257578241827364
0.627514869399987
0.6291546463873829
0.6306406649125095
0.6319466245103396
0.6330388318086169
0.6338941330095397
0.6353294714780399
0.6370938012674623
0.6388814087134387
0.640680660260425
0.6424301817827733
0.6439616682830208
0.645596805096948
0.6474863432491105
0.6493880101742415
0.651396676399091
0.6533475848569671
0.6550691463820653
0.6566446200788721
0.6584427171584479
0.6601686298279371
0.661977424362053
0.6639009068624038
0.6658042084765526
0.667498425631836
0.6692523574305338
0.6708489544096186
0.6723563565753987
0.6738912772093122
0.6754189701117477
0.676821348003006
0.6782996443013579
0.6797552752646019
0.6810442852726063
0.6822973940409649
0.6835959065690661
0.6849120590402951
0.6863579979080245
0.688001239474974
0.6895691849908501
0.69110018143484
0.6926374716386399
0.6940857895105874
0.6954571600105642
0.696958513674274
0.6983949534143045
0.6997842161433808
0.7012178560920492
0.7025963178829399
0.7038492262903336
0.7051465634600552
0.7063777877462447
0.707486411727132
0.7085934651547069
0.7096828307486661
0.7106736734707588
0.7116843941824703
0.7127182853420946
0.713633864429962
0.7145002541874845
0.7153598622092753
0.7160864193420631
0.716733323137443
0.7174120917488392
0.7179849100232887
0.7184958713938465
0.719089881498219
0.71964584849475
0.7201649377068117
0.7207902507816271
0.7214011408163078
0.7219542155712917
0.722604828558938
0.723256088609383
0.7238330074321785
0.7244564556363465
0.7250822409257607
0.7256102992204795
0.7261694045782283
0.7267716486978102
0.7272747383994929
0.7277660643266886
0.7282922793634724
0.7287311677838559
0.7291473411077043
0.7296833067732922
0.7301416233176601
0.7305597689526694
0.7310371323389037
0.7314586052229983
0.7318055145917017
0.7323016565607477
0.7327563898656912
0.7331356989774682
0.7335552899932675
0.7339478975108555
0.7342311925234271
0.7346270430484791
0.7350607076921866
0.7353970179703424
0.7357490135348759
0.736123038587648
0.7364064788865281
0.7367387203612422
0.7372451152691322
0.7376636239621027
0.7380813220135974
0.7385635673585421
0.7389916546723267
0.7393772146639143
0.7400312320169168
0.7406125170915145
0.7411475524169427
0.7417358839500222
0.7422872277602894
0.7427117444482915
0.7433823630286942
0.7440399093833928
0.7445915246524839
0.745157318402244
0.7457066027601668
0.7461098927812921
0.7466458051862254
0.7473313461439348
0.7478773991473069
0.748416693476525
0.7489806620692306
0.7494395493974304
0.749871645295306
0.7506617394848693
0.7512907820561263
0.7518773519727305
0.7524984011189448
0.7530474763003839
0.7534117317827946
0.7542375771859381
0.7549327252194303
0.7555276833961796
0.7561449587224929
0.7567312401494584
0.7570938420603103
0.7578395936916746
0.758672726020629
0.7593525364987423
0.7600442279429687
0.7607410864813119
0.7612520874288461
0.7618260747719777
0.762850439409429
0.7635953458013797
0.7643035380688593
0.7650278138923219
0.7656316241426935
0.7659244606286102
0.767126861157567
0.7679374595600272
0.7686535832612963
0.7693735224844794
0.7700111476960938
0.770112673211341
0.7712493376326482
0.7721125439731019
0.7727989200930966
0.7734912830835291
0.7741581841479961
0.7743987729392691
0.7751049661750317
0.7762304282946517
0.776934073913378
0.7776061832804224
0.7782754538269672
0.7787052930964085
0.7781831914176265
0.7802893015374922
0.7810603329632165
0.7817561851049627
0.7824541711221721
0.7830207017491653
0.7682500379529695
0.7843407431073276
0.785212673164395
0.7859170128072961
0.7866249093650979
0.7872682023016069
0.7759022893867904
0.7880802342106424
0.789364941635759
0.7900701012538983
0.7907652000638473
0.7914445714354387
0.7910501187211936
0.7961468373853853
0.7934905634867802
0.7942135151505455
0.7948735570365795
0.7955232040645932
0.795864616471489
0.7976161096040747
0.7973128124044213
0.7980869085785286
0.7987026146913351
0.7993148673035165
0.799815412383466
0.8011661290678741
0.8003957868507819
0.8017797759225258
0.8023966029771374
0.8029923046430244
0.8035386117475317
0.8048734160948829
0.8055673045440647
0.80535954845126
0.8060043844411883
0.8066038074137256
0.8071788802849225
0.8104211446841518
0.8087601543098624
0.8088541941550839
0.8095529178482739
0.8101270914858502
0.810689905356037
0.8108756741886127
0.8121349311208759
0.811557800659559
0.8129789814947608
0.8135480490547069
0.8140972891770145
0.8145417399227076
0.8154603009771695
0.8161547407575954
0.8162626735705342
0.8168292743962549
0.8173610100204274
0.817852214667015
0.8186998458612686
0.8191616549697875
0.8193613635335965
0.8199447787310276
0.8204408579857861
0.8209226592204067
0.8219253947046221
0.8221109304020248
0.8217137974792114
0.8228820662456873
0.8233562445038534
0.8238230157565359
0.8238230879249202
0.8249420454723843
0.8255191570880482
0.8256998051853356
0.8261785006346648
0.8266405379643775
0.8270240294527506
0.8277150534677915
0.8281741462748703
0.8284195601606361
0.8289256180253356
0.8293789708200658
0.8297997827777778
0.8304182185626089
0.8308181597481692
0.8307139253690202
0.8315599428024127
0.8319959921708034
0.832411651121892
0.8330580146589937
0.8333564352788507
0.8338446040441313
0.8340679748771525
0.8344879382249829
0.8348891080645945
0.8346845389443655
0.8357851998214589
0.8361887654372353
0.836445948091132
0.8368632103642037
0.8372481330472334
0.8375787490806861
0.8381002247440609
0.8384694516915595
0.8385557201428598
0.8391204472058444
0.8394902059414497
0.8398407512388479
0.8403026395376787
0.8406428941152441
0.8410505092100932
0.841273710912356
0.8416326569497385
0.8419775025304556
0.8424394408396638
0.8427354436334019
0.8430842662636858
0.8433417230519533
0.8436967551063314
0.8440316408636896
0.8435281337139419
0.8447545675938998
0.8450812908714916
0.8452675120322646
0.8456754668352461
0.8459980179529377
0.8462858592859452
0.8466749693309448
0.8469817219738623
0.8473273287742451
0.8475484961140481
0.8478535752492806
0.8481431003306972
0.8484862359666194
0.8487731804161722
0.8490639864770184
0.8493039825749785
0.8495941418472025
0.8498716415421863
0.8501978338077087
0.8504514807247745
0.8507177157284249
0.8509246502122154
0.8512197234969486
0.8514786412309541
0.8502978549439236
0.8520048579042108
0.8522514082009677
0.8525209970907834
0.8527125369319718
0.8529475601702325
0.8531655191197726
0.8534201850028746
0.8536422107860703
0.8538591992628538
0.8540523744105764
0.854262550727399
0.8544620229603523
0.8546736277046445
0.85486429420071
0.8550489182606456
0.8552115643486321
0.8553933300515533
0.8555605058970114
0.8557339715910531
0.8558853322521993
0.8560329901512429
0.8561852624259937
0.8563029453395835
0.8564309647479091
0.8575530801025981
0.856668402932937
0.8567742523814296
0.8568727155383258
0.8569606554649716
0.8570449630832967
0.8571204647865697
0.857192446272707
0.8572546947404418
0.8573095567369067
0.8573566877089855
0.8573992145953487
0.8574348983917717
0.8574652580709308
0.8574896462107396
0.8575090238949553
0.8575244961288718
0.8575349570086623
0.8575427455976142
0.8575478784588343
0.8575508815863044
0.8575524262238514
0.8575530489609197
0.8575532053033204
0.8575532156381193
0.8575532131597666
0.8575530681347583
0.8575523465778886
0.8575502016303205
0.8575452731955026
0.8575357634233866
0.8575190300776255
0.8574924274075466
0.8574516659025058
0.8573921437108598
0.8574154605598117
0.8571962711481503
0.8570496864881328
0.8568680833072357
0.856642926351208
0.8563735921013643
0.8560646135266005
0.855710351591015
0.8553426504869511
0.8549875308587495
0.8546371794578017
0.8543498983659462
0.8541478207553306
0.8540618892838452
0.8541627744391492
0.8553882850147291
0.8548937754665953
0.8554718621342342
0.8560983774527323
0.8566692731462914
0.8571517606940494
0.8574296037500981
0.8575374856029306
0.8575531648621959
0.8575514073821467
0.857486385840639
0.8571433083952079
0.8563461672029232
0.8554132248994525
0.8552203445118809
0.8562204402759099
0.8573262867408018
0.857553129566515
0.8574301955160532
0.8560001739079011
0.856088738910728
0.8575466464759937
0.8569126745467148
0.856724741470179
0.8572225994369824
0.8575351417124277
0.8572159199699623
0.8575530275217358
0.8568822879602085
0.8560178470719011
0.8560329827002376
0.8561418166345272
0.8573885559348531
0.8569747372258725
0.856404965431259
0.8575269336752165
0.8562634293226927
0.8575523313398182
0.8570487713921957
0.8575062798315289
0.857051535462923
0.8568742091464115
0.8575138893538896
0.8572160455200241
0.8567774439369983
0.8575451252151085
0.8575153227226684
0.8569401771111906
0.8567067849204646
0.8572081459765533
0.8575204938864567
0.8575531996836735
0.857547893052977
0.8574691763137098
0.8572718446250833
0.8570449636762866
0.8569125399107878
0.8569266764067038
0.8570433332392912
0.8571969954771799
0.857336732519817
0.8574399752570663
0.8575043829521902
0.8575365944922763
0.8575492574183285
0.8575528933827544
0.8575532097164296
0.8575532131437856
0.8575529812610113
0.857551658051368
0.8575481899494625
0.8575415695305604
0.857532569960365
0.8575205161852331
0.8575061070732704
0.8574927255448375
0.8574756321763614
0.8574529834911008
0.8574479590542249
0.8574354779396219
0.8574246017333862
0.8574174799379511
0.857414383734775
0.8574134291297502
0.857408963549729
0.8574140778007114
0.8574188668676459
0.8574217349599736
0.8574289511186782
0.8574361535709802
0.8574425113858425
0.8574515961493689
0.857459776826289
0.8574671786227875
0.857476059566049
0.857483698516841
0.857490598148639
0.8574985262264656
0.8575047990936652
0.8575103246343642
0.8575170539519117
0.8575217101139672
0.857525987262651
0.8575302216374348
0.8575342545467498
0.8575376969290369
0.8575401008034873
0.8575429043440445
0.8575451478091352
0.8575468274167622
0.8575483974776196
0.8575496629547665
0.8575506472767217
0.8575515008234776
0.857552130128506
0.8575525894508776
0.8575529156612757
0.8575531123789768
0.8575532040468267
0.8575532066929429
0.8575531336703605
0.8575529971733109
0.8575528075325412
0.8575525865997946
0.8575523378184098
0.8575520585137496
0.8575517538140297
0.8575514321127896
0.8575511270140292
0.8575508281902533
0.8575505250579009
0.8575503036890312
0.8575499299725325
0.8575496955661208
0.8575493675687872
0.8575491431718887
0.8575488983030991
0.8575487927571737
0.8575484764967628
0.8575482942848807
0.8575480970292256
0.8575478830976624
0.8575478291398713
0.8575477470156703
0.8575476168536645
0.8575475180641474
0.8575474160106644
0.8575473549779363
0.8575473367115937
0.8575473127199228
0.8575473043890206
0.8575472673776398
0.8575472225686757
0.8575472525301084
0.8575473014175518
0.8575473218774745
0.8575473887025724
0.8575473932135945
0.8575474941680112
0.8575474732744441
0.8575472518770101
0.8575476138368585
0.8575477055854681
0.8575477557353057
0.857547832151084
0.8575478856209314
0.8575479605885021
0.8575480667673229
0.8575481603109928
0.8575482441392298
0.8575483241162425
0.8575483921880005
0.8575484836403005
0.8575485928446315
0.8575486812954781
0.8575487790589905
0.8575488564004916
0.8575489162524788
0.8575490210149721
0.8575491790383301
0.8575492086676194
0.8575493050219358
0.8575493797555688
0.8575494850230271
0.8575495351704518
0.8575496107908404
0.8575497076749445
0.8575497925554669
0.8575498664664529
0.8575499429162329
0.857550005236843
0.857550078458461
0.8575501615018795
0.8575502322019289
0.8575503020986973
0.8575503658685647
0.8575504209953306
0.8575504869755199
0.857550568135542
0.8575506177867421
0.8575506802039056
0.8575507333494699
0.8575507714908897
0.8575508370810064
0.8575508834038449
0.8575509467558998
0.8575509994480811
0.8575510449186642
0.8575510983972952
0.8575511308065629
0.857551174044973
0.8575512229397095
0.857551265008644
0.8575513046714917
0.857551343033386
0.8575513741996336
0.857551410889994
0.8575514538896489
0.8575514845028953
0.8575515182924951
0.8575515483716345
0.857551573067756
0.857551604060459
0.8575516239381517
0.8575516634543437
0.8575516911863633
0.85755171490174
0.8575517252589945
0.8575517591070883
0.8575517805148952
0.8575518063534175
0.8575518279112729
0.8575518469748286
0.857551868251352
0.857551880408004
0.8575518977006324
0.8575519183896304
0.8575519332322593
0.8575519484962723
0.857551962268991
0.8575519720613665
0.8575519852914665
0.8575519440218209
0.8575520110903281
0.8575520224169597
0.8575520314367511
0.8575520365761544
0.8575520464620854
0.8575520530054804
0.8575520637976817
0.8575520708514337
0.8575520759071718
0.8575520565858251
0.8575520830845
0.8575520865228956
0.8575520929133582
