0.6547910820259082
0.6542921793636218
0.6544999571313048
0.6547412644015046
0.6547965890709494
0.6547257128574332
0.6545930262209324
0.6544552776272026
0.6543503814370061
0.6542964541528452
0.6542957910895026
0.6543402991322829
0.6544167396770639
0.654511489970861
0.6546176431773991
0.6547211891221741
0.6548671227314967
0.6550061411493999
0.6551313065468659
0.6552375001699899
0.6553206551280483
0.6553770633835334
0.6554029564706714
0.6553945500040894
0.6553486815389485
0.6552640174122644
0.6551425582869854
0.6549909267839554
0.6548208410081807
0.654648393059344
0.6544922088281965
0.6543710196602464
0.6543013663008563
0.6542960056462466
0.6543632432291147
0.6545070840565013
0.6547279148093134
0.6550234105082644
0.6553894345678021
0.655820802259838
0.6563118611272145
0.6568568941764434
0.6574503763407054
0.6580871210875179
0.658762350845542
0.6594717180695613
0.6602112965266914
0.660977556210244
0.6617673305680538
0.6625777813751302
0.6634063643167722
0.6642507968890045
0.6650527928017269
0.6658674193622439
0.6666636982484547
0.6674617827632071
0.6682652669160261
0.6690749520485378
0.669890792181518
0.6707124223451995
0.6715393500698512
0.6723710374142012
0.6732069399312754
0.6740465263219663
0.6748892885628018
0.6757347469897433
0.6765824525667363
0.6774319875230793
0.6782829650235929
0.6791350282608759
0.6799878492063703
0.6808411271684843
0.6816945872527697
0.6825479787860119
0.6834010737448925
0.6842536652159741
0.6851055659044369
0.6859566067026487
0.6868066353252513
0.6876555150143874
0.6885031233165223
0.6893493509308116
0.6901941006278873
0.6910372862371986
0.6918788317005445
0.6927186701890944
0.6935567432809998
0.6943930001965872
0.6952273970880789
0.6960598963808082
0.6968904661629381
0.6977190796207732
0.6985457145168429
0.6993703527080519
0.7001929797013016
0.7010135842441076
0.7018321579478686
0.7026486949415545
0.7034631915537074
0.7042756460207722
0.7050860582198731
0.7058944294242794
0.7067007620798949
0.7075050596012143
0.7083073261852764
0.7091075666422397
0.7099057862412834
0.7107019905706151
0.7114961854104417
0.7122883766178166
0.7130785700223485
0.7138667713317925
0.7146529860466105
0.7154372193826107
0.7162194762008179
0.7169997609437476
0.7177780775772712
0.7185544295372681
0.7193288196802462
0.7201012502371029
0.7208717227691467
0.7216402381254502
0.7224067964005193
0.7231713968911309
0.723934038051047
0.7246947174420781
0.725453431679676
0.7262101763708422
0.7269649460415976
0.7277177340505326
0.7284685324839676
0.7292173320268828
0.7299641218018732
0.7307088891656871
0.7314516194490481
0.7321922956198454
0.7329308978414291
0.7336674028851295
0.7344017833365863
0.7351340065044124
0.7358640328889862
0.7365918139834304
0.7373172890284515
0.7380403800671309
0.7387609841140638
0.739478960162384
0.7401941063398726
0.7409061166661414
0.7416144907942586
0.7423183181379198
0.7430156433868047
0.7437007820939269
0.7443921526700252
0.7450177723321539
0.7456401715084654
0.7462593567204145
0.746875335188174
0.7474881148822408
0.7480977045745454
0.7487041138889725
0.7493073533512078
0.749907434437811
0.7505043696244144
0.75109817243294
0.7516888574777232
0.7522764405104236
0.7528609384635976
0.753442369492802
0.7540207530170947
0.7545961097577847
0.7551684617752874
0.7557378325039279
0.7563042467845326
0.7568677308946463
0.7574283125762029
0.7579860210604754
0.7585408870901302
0.7590929429382005
0.7596422224238005
0.7601887609243919
0.7607325953844168
0.7612737643201173
0.7618123078203489
0.7623482675432168
0.7628816867083483
0.7634126100846359
0.7639410839732805
0.7644671561859816
0.7649908760181217
0.7655122942168122
0.766031462943673
0.766548435732241
0.7670632674399085
0.7675760141943231
0.7680867333341876
0.7685954833444297
0.7691023237857304
0.7696073152184233
0.7701105191208063
0.7706119978019337
0.771111814308985
0.7716100323293364
0.7721067160874949
0.7726019302370831
0.7730957397480991
0.773588209789703
0.7740794056088245
0.7745693924049041
0.7750582352011304
0.775545998712551
0.7760327472114784
0.7765185443906306
0.7770034532244858
0.7774875358293427
0.7779708533226136
0.7784534656818899
0.7789354316043428
0.779416808367034
0.7798976516887237
0.7803780155937714
0.7808579522787288
0.7813375119822236
0.7818167428587308
0.7822956908568175
0.7827743996024382
0.7832529102878361
0.7837312615665903
0.7842094894553207
0.7846876272425329
0.7851657054050579
0.7856437515324949
0.7861217902600376
0.7865998432100142
0.7870779289424267
0.7875560629147299
0.7880342574510402
0.7885125217209095
0.7889908617277541
0.7894692803069695
0.7899477771337117
0.7904263487402747
0.7909049885429364
0.7913836868781037
0.7918624310475275
0.7923412053723201
0.7928199912554612
0.7932987672524311
0.7937775091495805
0.7942561900498037
0.7947347804650525
0.7952132484152014
0.7956915595327497
0.7961696771728268
0.7966475625279489
0.7971251747469676
0.797602471057641
0.798079406892252
0.7985559360157052
0.7990320106555312
0.7995075816332397
0.7999825984964702
0.8004570096514078
0.8009307624949432
0.8014038035460831
0.8018760785761306
0.8023475327371896
0.8028181106885645
0.8032877567206588
0.8037564148760068
0.8042240290670958
0.8046905431906748
0.8051559012382692
0.8056200474026581
0.8060829261800975
0.806544482468104
0.8070046616586464
0.8074634097266165
0.8079206733134839
0.8083763998060643
0.8088305374103556
0.8092830352204239
0.8097338432823421
0.8101829126532085
0.8106301954552881
0.8110756449253442
0.811519215459242
0.8119608626519195
0.8124005433328392
0.8128382155970453
0.8132738388319581
0.8137073737400548
0.8141387823575841
0.8145680280694795
0.8149950756206297
0.8154198911236816
0.815842442063542
0.8162626972987544
0.8166806270599264
0.8170962029453784
0.8175093979141933
0.8179201862768317
0.8183285436834886
0.8187344471103533
0.8191378748439397
0.8195388064636409
0.819937222822666
0.8203331060275078
0.8207264394160831
0.8211172075346883
0.8215053961138984
0.8218909920435432
0.8222739833468745
0.8226543591540462
0.8230321096750131
0.8234072261719532
0.8237797009313109
0.8241495272355541
0.8245166993347276
0.8248812124178881
0.8252430625844922
0.8256022468158087
0.825958762946418
0.82631260963586
0.8266637863404831
0.8270122932855462
0.8273581314376163
0.8277013024773068
0.828041808772389
0.8283796533513148
0.8287148398771771
0.8290473726221338
0.8293772564423221
0.8297044967532777
0.8300290995058807
0.830351071162839
0.8306704186757231
0.8309871494625599
0.8313012713859954
0.8316127927320286
0.8319217221893211
0.8322280688290851
0.8325318420855484
0.8328330517369948
0.8331317078873793
0.8334278209485106
0.8337214016228
0.8340124608865669
0.8343010099738971
0.8345870603610438
0.834870623751364
0.8351517120607823
0.8354303374037702
0.8357065120798327
0.835980248560492
0.8362515594767557
0.8365204576070614
0.8367869558656829
0.8370510672915902
0.8373128050377497
0.8375721823608533
0.8378292126114648
0.8380839092245728
0.838336285710538
0.8385863556464218
0.8388341326676882
0.839079630460264
0.8393228627529481
0.8395638433101587
0.8398025859250061
0.8400391044126831
0.8402734126041581
0.840505524340165
0.8407354534654771
0.8409632138234553
0.8411888192508608
0.8414122835729247
0.8416336205986621
0.8418528441164229
0.8420699678896723
0.8422850056529891
0.8424979711082758
0.8427088779211714
0.8429177397176598
0.8431245700808647
0.8433293825480243
0.8435321906076396
0.8437330076967883
0.8439318471985959
0.8441287224398618
0.8443236466888288
0.8445166331530946
0.8447076949776559
0.8448968452430814
0.8450840969638078
0.8452694630865519
0.8454529564888372
0.8456345899776253
0.8458143762880522
0.8459923280822611
0.8461684579483291
0.8463427783992836
0.8465153018722039
0.8466860407274036
0.8468550072476908
0.8470222136377021
0.8471876720233074
0.8473513944510807
0.8475133928878361
0.8476736792202231
0.84783226525438
0.8479891627156435
0.8481443832483078
0.8482979384154358
0.8484498396987158
0.8486000984983629
0.8487487261330636
0.848895733839959
0.8490411327746669
0.8491849340113402
0.8493271485427576
0.8494677872804486
0.8496068610548466
0.8497443806154725
0.8498803566311443
0.8500147996902118
0.8501477203008168
0.8502791288911736
0.8504090358098731
0.8505374513262046
0.8506643856304981
0.8507898488344817
0.8509064585346641
0.8510237427980083
0.8511388370849248
0.8512522505610061
0.8513641802912141
0.851474725938988
0.8515839466126945
0.8516918814413905
0.8517985585396728
0.8519039994355606
0.8520082214666483
0.852111239170565
0.8522130651377023
0.8523137105582014
0.8524131855861519
0.8525114995898413
0.852608661328401
0.8527046790794448
0.852799560733197
0.8528933138631734
0.8529859457801148
0.8530774635737371
0.8531678741454741
0.8532571842344593
0.8533454004383674
0.8534325292302976
0.8535185769725748
0.8536035499281281
0.8536874542699451
0.8537702960889838
0.8538520814008423
0.8539328161514146
0.8540125062217176
0.8540911574320355
0.8541687755454943
0.8542453662711663
0.8543209352667744
0.8543954881410639
0.8544690304558888
0.8545415677280582
0.8546131054309751
0.8546836489960984
0.8547532038142531
0.8548217752368068
0.8548893685767336
0.8549559891095766
0.8550216420743249
0.8550863326742124
0.8551500660774517
0.8552128474179072
0.8552746817957165
0.8553355742778662
0.8553955298987259
0.8554545536605458
0.8555126505339219
0.8555698254582322
0.855626083342046
0.8556814290635111
0.8557358674707177
0.8557894033820463
0.8558420415864956
0.8558937868439961
0.8559446438857102
0.8559946174143178
0.8560437121042921
0.8560919326021631
0.8561392835267725
0.8561857694695194
0.856231394994598
0.8562761646392273
0.8563200829138742
0.856363154302471
0.8564053832626258
0.8564467742258287
0.8564873315976519
0.856527059757946
0.8565659630610316
0.8566040458358873
0.8566413123863338
0.8566777669912137
0.8567134139045696
0.8567482573558178
0.8567823015499205
0.8568155506675534
0.8568480088652729
0.8568796802756793
0.8569105690075787
0.8569406791461425
0.8569700147530644
0.8569985798667171
0.8570263785023045
0.8570534146520146
0.8570796922851701
0.8571052153483769
0.8571299877656708
0.8571540134386645
0.8571772962466911
0.8571998400469479
0.857221648674638
0.8572427259431108
0.8572630756440014
0.8572827015473692
0.8573016074018351
0.8573197969347173
0.8573372738521658
0.8573540418392981
0.8573701045603299
0.8573854656587093
0.8574001287572464
0.857414097458244
0.8574273753436271
0.8574399659750706
0.8574518728941273
0.8574630996223543
0.8574736496614392
0.8574835264933244
0.8574927335803316
0.8575012743652853
0.8575091522716354
0.8575163707035781
0.8575229330461785
0.8575288426654895
0.8575341029086717
0.8575387171041127
0.8575426885615446
0.8575460205721612
0.8575487164087352
0.8575507793257339
0.8575522125594336
0.8575530193280356
0.8575532028317786
0.8575527662530525
0.8575517127565113
0.8575500454891833
0.8575477675805843
0.8575448821428259
0.8575413922707271
0.8575373010419224
0.8575326115169701
0.8575273267394613
0.8575214497361253
0.8575149835169378
0.8575079310752258
0.8575002953877732
0.8574920794149249
0.8574832861006919
0.8574739183728536
0.8574639791430608
0.8574534713069384
0.857442397744186
0.8574307613186795
0.8574185648785709
0.8574058112563888
0.857392503269136
0.8573786437183896
0.8573642353903977
0.8573492810561774
0.8573337834716109
0.8573177453775419
0.8573011694998716
0.8572840585496521
0.8572664152231824
0.8572482422021014
0.857229542153481
0.8572103177299187
0.8571905715696302
0.8571703062965397
0.8571495245203721
0.8571282288367421
0.8571064218272453
0.8570841060595455
0.8570612840874657
0.8570379584510739
0.8570141316767722
0.8569898062773829
0.8569649847522354
0.8569396695872517
0.856913863255032
0.8568875682149397
0.8568607869131847
0.8568335217829082
0.8568057752442653
0.8567775497045076
0.8567488475580657
0.8567196711866303
0.8566900229592338
0.8566599052323304
0.856629320349876
0.8565982706434084
0.8565667584321257
0.8565347860229646
0.8565023557106791
0.8564694697779173
0.8564361304952985
0.8564023401214901
0.8563681009032827
0.8563334150756664
0.8562982848619053
0.8562627124736117
0.8562267001108212
0.8561902499620644
0.8561533642044417
0.8561160450036946
0.8560782945142785
0.8560401148794337
0.8560015082312564
0.8559624766907704
0.855923022367996
0.85588314736202
0.8558428537610654
0.8558021436425597
0.8557610190732031
0.8557194821090369
0.8556775347955105
0.8556351791675478
0.855592417249615
0.8555492510557852
0.855505682589805
0.8554617138451592
0.8554173468051357
0.8553725834428892
0.8553274257215063
0.8552818755940673
0.8552359350037102
0.8551896058836932
0.8551428901574565
0.855095789738684
0.855048306531365
0.8550004424298543
0.8549521993189333
0.8549035790738699
0.8548545835604783
0.8548052146351772
0.85475547414505
0.8547053639279026
0.854654885812321
0.8546040416177295
0.8545528331544479
0.8545012622237476
0.8544493306179092
0.8543970401202774
0.8543443925053174
0.85429138953867
0.8542380329772064
0.8541843245690823
0.8541302660537933
0.8540758591622272
0.8540211056167182
0.8539660071310998
0.8539105654107575
0.8538547821526811
0.853798659045516
0.853742197769616
0.8536853999970936
0.8536282673918708
0.8535708016097303
0.853513004298365
0.8534548770974282
0.8533964216385828
0.8533376395455506
