0.951043273591902
0.9510334243748213
0.9510102525228491
0.9509742096985647
0.9509260767833793
0.9508669721007879
0.9507983550987114
0.9507220209853656
0.9506400816326953
0.9505549285679198
0.9504691751097978
0.9503855766225315
0.9503069302987428
0.9502359585765988
0.9501751828910135
0.9501267965600968
0.9512913608502186
0.9512700091061334
0.9512644573496553
0.9500835323929254
0.9501115654034875
0.9501534340536308
0.9502072888198113
0.9502708497749276
0.950341525876266
0.9504165417225889
0.9504930619434387
0.950568304815458
0.9506396389374461
0.9507046594555526
0.9507612430179276
0.9508075830094443
0.9508422084185205
0.9508639907758997
0.9508721439422262
0.9508662211583371
0.9508461128241128
0.9508120470932878
0.9507645937394725
0.9507046700500248
0.9506335459306811
0.9505528441451448
0.9504645308502346
0.9503708914732456
0.9502744876198648
0.950178092128032
0.9500846015230615
0.9499969277914257
0.949917874269187
0.9498500031434752
0.9497955041656686
0.950833862238085
0.950806418359401
0.9507955137789886
0.9497360043251165
0.9497613116346143
0.9498006224943633
0.9498518976616193
0.9499126818359235
0.9499802324287354
0.9500516533488826
0.9501240236040059
0.9501945123023509
0.9502604741915617
0.9503195227671327
0.9503695808042215
0.9504089105629295
0.9504361276473318
0.9504502034421655
0.9504504611995253
0.9504365702812404
0.9504085419213008
0.9503667283324281
0.9503118252342637
0.9502448761264457
0.9501672750671903
0.9500807635406148
0.9499874163821694
