0.531082419498849
0.5422588284748018
0.5512353688158174
0.5584159776028758
0.5642679724317798
0.5689483711532953
0.5726285758713276
0.5755720721220405
0.5780158564279705
0.580009348036291
0.5816962533058998
0.5831099216911353
0.5842189394338728
0.5851073140441871
0.5859512259251398
0.5867623022016255
0.587595907919355
0.5884966211516625
0.5893558926856561
0.5901867718157102
0.5911383741968793
0.5922418341105983
0.5934679195961765
0.5948655581074803
0.5963149911754106
0.5977825553987914
0.5993486390865292
0.6010614473513223
0.6028618386780787
0.6047758470783778
0.6067412975525946
0.6087115007681945
0.6107146641960844
0.6127956036435874
0.61491913942633
0.617088857067474
0.6192873689279649
0.6214743221882716
0.6236539947527291
0.625855841107076
0.6280687710323138
0.6302846517305014
0.6325042621904239
0.6346996425570188
0.6368659381182427
0.6390193695568572
0.6411628360781376
0.6432857508304228
0.6453931506977579
0.6474693332251491
0.6495061348715006
0.6515114422280923
0.653494021100977
0.6554458043097742
0.6573704086355174
0.659261719225918
0.6611107277103815
0.6629205799062379
0.664700855089869
0.6664478857571347
0.6681623975879998
0.6698444317847231
0.6714857496755168
0.6730866847683916
0.674655138459927
0.676191803845437
0.6776950882065466
0.6791679381811706
0.6806041733017025
0.6820021636024574
0.6833673840327804
0.6847037362571861
0.6860087287758073
0.6872856692211534
0.6885312116344614
0.6897422296553309
0.6909219340942814
0.6920758275306702
0.6932020298802936
0.6943026409727593
0.6953771826837754
0.6964216176606114
0.6974373027420117
0.6984298289091379
0.6993990320219642
0.700345253109471
0.7012701711539748
0.7021697109266116
0.7030436648388273
0.7038966715210669
0.7047306863719486
0.7055446228932828
0.7063411227101403
0.7071170746378047
0.7078708384385807
0.7086056324766977
0.7093251894130208
0.7100279333080745
0.710716199353229
0.7113886175961791
0.7120422916748139
0.712678963665445
0.7133032705234269
0.7139143057512434
0.7145131678539991
0.7151004404408009
0.7156724416511272
0.7162295075762165
0.7167761643162021
0.7173131170526542
0.7178399269608673
0.718358649502715
0.7188656651908335
0.7193598963041167
0.7198449679594028
0.7203235576293506
0.7207941185018116
0.721259159416998
0.7217161517849353
0.7221625442044424
0.7226006522490329
0.7230347682340783
0.7234632648693277
0.723887936482342
0.7243081404808105
0.7247199859212029
0.7251243403853941
0.7255262050405613
0.7259251417086233
0.7263213797501521
0.7267163094657086
0.7271053077022303
0.7274876745114424
0.7278680605291606
0.7282482259469609
0.7286266931619672
0.7290062081211367
0.7293825516073446
0.729753210273503
0.7301216528054574
0.7304921307829609
0.7308622123942945
0.7312346770461546
0.7316070608050717
0.7319748146818424
0.7323397460701835
0.7327079976494615
0.7330777095501796
0.7334502172333062
0.733825781816668
0.7341980376587961
0.7345668034462779
0.7349388449898828
0.7353147021473873
0.7356932772149567
0.7360775546706951
0.7364604247085687
0.7368392150912353
0.7372198786741573
0.7376067636080338
0.7379964527944682
0.7383934108380914
0.7387917540497647
0.7391855458136988
0.7395787458731348
0.73997981717459
0.7403846255797057
0.7407968588778547
0.741214194797529
0.7416267951927359
0.7420356961052089
0.7424523843984812
0.7428750565546098
0.743304072695213
0.7437423675718974
0.7441765790379555
0.7446036059937641
0.7450357347687057
0.7454773695260457
0.7459238233766663
0.7463832234303859
0.7468410534433401
0.7472878109123892
0.7477337934555233
0.7481932011195146
0.748656892705991
0.7491354831342116
0.7496182635221489
0.750085558802962
0.7505424794757108
0.7510150145040149
0.7514944062159431
0.7519879138075193
0.7524962084165484
0.7529845383722181
0.7534477723352836
0.7539228259704661
0.7544134556995673
0.7549143312729489
0.7554476430526468
0.7559591134893937
0.7564210686160887
0.756875107839584
0.7573642080558435
0.7578578996062839
0.7584147770541352
0.7589614134205844
0.7594099959842878
0.7597802374030351
0.7602204116242629
0.760666315268505
0.7612523789213581
0.761912372110857
0.7623521086251375
0.7624060246027375
0.7623939321510966
0.7624168591917004
0.7634801663857282
0.764982597683137
0.7657101951745963
0.765789816177312
0.7657530455924224
0.7669911032549069
0.7681490641984869
0.7694011048373457
0.770307163075289
0.7709789875426643
0.7716373097935455
0.7724479714598762
0.773257873414573
0.774125184801522
0.7749531255516999
0.7756895348780484
0.7763905584494958
0.7771406443766693
0.7778991750950953
0.7786749580929568
0.7794568459519482
0.7801985637256784
0.7809118817137036
0.7816412022457478
0.7823822424154487
0.7831271103670241
0.7838838278853769
0.7846232361828975
0.7853424448383343
0.7860634917836865
0.7867956171788478
0.787528106425946
0.788269561048676
0.7890053391702235
0.7897271719904475
0.7904448717268877
0.7911707934999093
0.7918972725305546
0.7926285883409454
0.7933600733875205
0.79408217008811
0.7947982255605424
0.7955188683815375
0.796241149139482
0.7969651152261276
0.7976915463084976
0.7984120426872898
0.7991264727918593
0.7998421535336989
0.8005601817078987
0.8012781858660429
0.801998772934573
0.802716106639959
0.8034280543177331
0.8041388118036611
0.8048518240929433
0.8055642850975112
0.8062783572727068
0.8069911294082995
0.8076993780056214
0.8084050131364408
0.8091120834249116
0.8098187505205399
0.8105258022415985
0.8112327162478437
0.8119359990675904
0.8126360580285653
0.8133363483736323
0.8140365628928549
0.8147361931824291
0.8154360738457984
0.8161332136468413
0.816827018610226
0.8175198577764211
0.8182127747468798
0.8189045876526256
0.8195964393578427
0.8202863764822034
0.8209731164737608
0.8216579714747505
0.822342728835919
0.8230262634080943
0.8237093100798579
0.8243910883715927
0.8250699287111338
0.8257463301393081
0.826422162427816
0.8270968803301243
0.8277705521030186
0.8284433138591821
0.8291134770238701
0.8297809555172467
0.83044725196323
0.8311125710989996
0.8317764443381842
0.8324394504562938
0.8331002491253505
0.8337583159290511
0.8344146241698027
0.8350699724247478
0.8357236978784641
0.8363763573295312
0.8370271918209249
0.8376753603001121
0.838321348100898
0.8389662166325424
0.8396094686343378
0.8402513502727017
0.8408916969733283
0.8415295183914231
0.8421649199023274
0.8427989027898295
0.8434313615777274
0.8440621743327528
0.844691585644863
0.8453186732775597
0.8459432487473313
0.846566059195773
0.8471874194196778
0.8478069694788009
0.8484250878529079
0.8490411205040491
0.8496546437674759
0.8502661027511542
0.8508760952983082
0.8514842414490442
0.8520908142705265
0.8526955272289464
0.8532977950674817
0.8538977995726337
0.854496215580707
0.8550928397801905
0.85568771947378
0.8562808972000334
0.8568717438013924
0.8574602314948261
0.8580469393811614
0.8586319369764688
0.8592150615939405
0.8597965407355443
0.8603758439355478
0.8609527704161339
0.8615277183504148
0.8621010030939069
0.8626723660528682
0.8632420459207395
0.8638097230493379
0.8643750568781231
0.8649382586506045
0.8654997753714061
0.8660593979065789
0.866617247747352
0.8671732479828863
0.8677269767660533
0.8682784876638724
0.868828225826751
0.8693761408723468
0.8699221950849115
0.8704664967362747
0.8710086333723923
0.8715485278589672
0.8720865294122667
0.8726227777841278
0.8731571191216093
0.8736897346245699
0.8742203173007479
0.874748677397475
0.8752750339187733
0.8757996692534528
0.8763224077503827
0.8768433915560472
0.8773624786150349
0.8778793934551575
0.8783942328230957
0.8789073307586697
0.8794185870534365
0.8799280384189836
0.8804357038155185
0.8809412740555673
0.8814447429649187
0.8819464097793734
0.8824463069847173
0.8829443633173619
0.8834406973968427
0.8839350376057331
0.8844272882025948
0.8849176639947864
0.885406327540884
0.8858931507004171
0.8863782659296852
0.8868615025035673
0.8873426874786042
0.8878219411100714
0.8882995039273537
0.8887752658650987
0.8892493023849424
0.8897215695094974
0.8901918437832275
0.8906601614339342
0.8911267712407891
0.8915916442920955
0.8920547698239275
0.892516207851757
0.8929757315906982
0.8934333046409851
0.8938891295391048
0.8943432830479422
0.894795685802054
0.8952464441952502
0.8956953831664929
0.896142400878547
0.8965876297137506
0.8970312319561974
0.897473109898051
0.8979133526772256
0.8983518757824702
0.8987885241957918
0.8992233607019069
0.8996565840698401
0.900088135419401
0.9005180445331572
0.9009463213966894
0.9013727856312638
0.9017974391530417
0.9022204659693138
0.9026418839720496
0.9030616573228814
0.9034798589120452
0.9038963249186448
0.9043110024924291
0.904724028322613
0.9051355006831832
0.9055453453606448
0.9059536479485097
0.9063603017983416
0.9067652047970658
0.9071684369655327
0.9075701488665443
0.907970273031025
0.9083688626976137
0.9087658885055114
0.909161213455564
0.9095548651657164
0.9099470041571435
0.9103376110342852
0.9107266850951997
0.9111142642109601
0.9115002048721671
0.9118844880908729
0.91226724851458
0.9126485340394362
0.9130282979394942
0.9134066110712039
0.9137833591267378
0.9141584798643488
0.9145320643065571
0.9149042182088389
0.9152748794976342
0.9156441108284693
0.9160118547354885
0.9163780121553138
0.9167426287890419
0.9171058380944365
0.9174676005338087
0.9178279409318532
0.918186864593362
0.9185442525655346
0.9189001097465754
0.919254563116534
0.9196076231708924
0.9199592700208197
0.9203095533428463
0.9206583619160874
0.9210056630834385
0.9213515538676151
0.9216961001929873
0.9220392537491409
0.9223810755933894
0.9227214909061342
0.9230604322133676
0.923397958393736
0.9237341738739094
0.924069032195389
0.924402574048429
0.9247347771845685
0.9250655479962837
0.9253949088981597
0.9257229742319633
0.9260497291252323
0.9263751769262445
0.9266993434737075
0.9270221279483132
0.9273435196423231
0.9276636169313048
0.9279824522119108
0.928299994993667
0.928616296638251
0.9289312744983516
0.9292448864833469
0.9295572009608736
0.9298682931333909
0.9301781192932255
0.9304867270306316
0.9307940730105536
0.9311000874756162
0.9314048062978346
0.9317083271017581
0.9320106203759553
0.9323117073599765
0.9326115903803499
0.9329101833271013
0.9332074921138372
0.933503611911083
0.9337985487963336
0.9340922908765604
0.9343848744821861
0.9346762169574888
0.9349662961891668
0.9352551866573838
0.9355429359277965
0.9358295095169646
0.9361149541411405
0.9363992123896451
0.9366822355767642
0.9369640702286055
0.9372447943825406
0.9375243729813454
0.9378028389630926
0.9380801737190916
0.9383563076896769
0.9386312598797175
0.9389051178951405
0.9391778690874814
0.9394495185162497
0.9397200846969471
0.9399894908301427
0.9402577305038242
0.9405248808019598
0.9407909648449032
0.9410559610216913
0.9413199089298242
0.9415827438871093
0.9418444350346044
0.9421050372034089
0.9423646074385889
0.9426231123543808
0.9428805902443045
0.9431370056851617
0.9433923056623945
0.94364651994942
0.9438997247286365
0.944151896064231
0.9444030526316639
0.944653194619329
0.9449022549685566
0.9451502398732812
0.9453972252894693
0.9456432143506038
0.9458881995469457
0.9461322088533288
0.9463751763299266
0.9466170858407039
0.9468579980919133
0.9470979493119317
0.9473369130081054
0.9475749268877912
0.9478119436934787
0.9480479257488047
0.948282911891907
0.9485169638820296
0.9487500532831065
0.9489822079987942
0.9492134112836585
0.949443607897635
0.9496728145568072
0.9499011022957928
0.9501284595355763
0.9503548921105264
0.9505804137016052
0.9508049619386243
0.9510285328261601
0.9512511901649763
0.9514729510677054
0.9516937991638074
0.9519137664748897
0.9521327991083723
0.9523508729220146
0.9525680342235688
0.9527843285184672
0.952999728601052
0.9532142667337831
0.9534279120857067
0.9536406218378782
0.9538524218392551
0.9540633746601492
0.9542734595977811
0.9544826935365145
0.9546910749915952
0.9548985486081171
0.9551051206255075
0.9553108547797511
0.955515752073816
0.955719807609645
0.9559230438000047
0.9561254049818516
0.9563268786474961
0.9565275167169798
0.9567273479698488
0.9569263508201957
0.9571245570451758
0.9573219255208802
0.9575184254050703
0.9577140905998176
0.9579089722845187
0.9581030460409106
0.9582963364302548
0.9584888275648537
0.9586804731720888
0.9588712884513203
0.9590613337053397
0.9592505977867393
0.9594390869486097
0.9596268114684455
0.9598137180193165
0.9599998040838639
0.960185124881257
0.9603696933839656
0.9605534965170708
0.9607365611999471
0.9609188402195452
0.9611003136750035
0.9612810223780905
0.9614610041400686
0.9616402356185692
0.9618187450587168
0.9619965042770047
0.9621734769463671
0.96234968638321
0.9625251861817202
0.9626999575256144
0.9628740161044251
0.9630473590223333
0.9632199383780123
0.9633917604303672
0.9635628809227674
0.9637332992004491
0.9639030120590804
0.9640720380320369
0.9642403279312249
0.9644078715837462
0.9645747152127514
0.9647408824663158
0.964906354909718
0.9650711603084051
0.965235261244466
0.9653986312937108
0.9655613011912575
0.9657233150005494
0.9658846507840404
0.9660453308943304
0.9662053396639635
0.9663646366089349
0.9665232359812868
0.9666811909754551
0.9668384904799424
0.9669951410662029
0.9671511504757676
0.9673064711556271
0.9674611015799173
0.9676150913717985
0.9677684504938301
0.9679211680598537
0.9680732674487444
0.9682247055742351
