0.02387978154905557
0.019439785960557412
0.018589115858868046
0.01865013434923168
0.03407705478800556
0.05527202106994338
0.07018207861663225
0.07874261975152759
0.07952509277910164
0.07960764723211004
0.08623713115828575
0.09542221478710024
0.10121897517666065
0.10909395490449371
0.10966465770319066
0.09051560681555833
0.0828057359937421
0.09533607072513138
0.1037853426492321
0.11652026902574683
0.14288745320332588
0.15434457962282633
0.15740627423622774
0.15440918751076066
0.14800583098096542
0.1316887579127833
0.11834364620985283
0.12062286779568018
0.1106158288229625
0.10212707437114295
0.11309246325877387
0.11482969680369047
0.11182902089204243
0.1374496251721956
0.1624277403933555
0.1731490553195319
0.19251705501979302
0.18801245154336052
0.16975355349652613
0.153364693956658
0.12649859366345773
0.10927701058697432
0.1110896200011477
0.12399683386743092
0.1277333214837927
0.1609202236423901
0.18914308873665256
0.21496469526436043
0.23755590908646912
0.26225764619081754
0.27881879343184396
0.28283883796015863
0.2853944376627974
0.297257157974978
0.29833395547304775
0.29984147201262346
0.3034774586109028
0.308707105599337
0.2889442801991079
0.2790664567908691
0.2590559680316148
0.23994998906927198
0.22964862541466885
0.23456241175857273
0.2545621327478944
0.2883197377051887
0.3265568207787
0.3544997185699701
0.38117917399450874
0.388443968395926
0.3930060009651514
0.38462492632655576
0.3754075387537741
0.3661901511809924
0.35521040491446837
0.3418868291741826
0.33237511691951543
0.31977658490262106
0.3165461921970219
0.335253756061826
0.35387158667848023
0.3764843364632337
0.3877548182254622
0.390759083534681
0.37100343671820357
0.3458458552121337
0.3258138302788448
0.31031871276595563
0.32347000080508315
0.3509355184433768
0.37831848162866205
0.4069038686903151
0.4488989751314433
0.4536045806440408
0.4547890579553344
0.4537445641898421
0.4499865406108355
0.43923292195208163
0.45336050668258626
0.4674091261462634
0.4984711478551175
0.5495364797394743
0.6019693444062157
0.643978808226237
0.6868891928683787
0.6952020704328591
0.6647322874853466
0.6402315526285528
0.6032973948722712
0.5350212478927534
0.4744083106235812
0.4367921808578082
0.398188986842115
0.3571271047442949
0.34676472259932806
0.35755782378580075
0.3751634645809298
0.36662804880625
0.38431624405438747
0.4177938814972996
0.44262124497994604
0.4288956649559406
0.43365511037515003
0.4110351820066449
0.3723278975752986
0.3271885420677606
0.2968372069147944
0.26019019504525703
0.2410519123503368
0.2545082930526722
0.27012544754628864
0.288779171293091
0.3231469615768012
0.3699122816298509
0.37613617166334645
0.3856873664457325
0.410460890021767
0.41550389214153954
0.40752482178666355
0.43842891317325255
0.4684643876816883
0.5061953758444371
0.5470526662971318
0.5804477494984254
0.5725691803730214
0.5664709167178239
0.5516398244379624
0.532171323719619
0.4901331451418114
0.4457834410342093
0.39655584371285163
0.35084578519522697
0.34685445542469845
0.3416499335850901
0.34238574528980387
0.36837605033248894
0.38365580843032016
0.3624859675085978
0.3574968052954372
0.3783220710262327
0.36841912225777856
0.35349829672976735
0.35689738773895396
0.38005212556461815
0.376968894988572
0.37032864308107394
0.3691298083908871
0.3427446778596237
0.3127702218415515
0.2796981780799297
0.2602583919079826
0.26623461879384264
0.30618380984066534
0.3359859783689691
0.3805797566494153
0.41095621716259695
0.4217529077466403
0.40780120011486476
0.39351568506209506
0.3743307410443145
0.37667457051807623
0.3772739878631697
0.38204779066127215
0.39410792382343673
0.41291598870632334
0.4182784408681968
0.4096030415477157
0.40034258204964446
0.38668160991357337
0.3682899066932996
0.36933081106122123
0.3954826354009628
0.420776611266653
0.44529529268852086
0.4696452758068011
0.4743975424308692
0.4711061312349063
0.4616339017193477
0.4489779406096605
0.4440497968868634
0.4584896528643276
0.47648653017324366
0.5055564761830145
0.5316042101071029
0.5471172743964559
0.5531365729962158
0.5699382050125158
0.5943492066211596
0.6161112863042236
0.6402818031375941
0.665920354194211
0.6683252021583364
0.6758591960928134
0.6949328711111891
0.72162309451705
0.7318275463397518
0.7478502947260484
0.7616297148680554
0.7771499575297703
0.7891060002762817
0.8138795240637059
0.8458065730417528
0.8692340995866579
0.8784694337245136
0.8855906551825586
0.8821018309252222
0.8658637229124778
0.8427915395398219
0.8223503317390617
0.8118766803833003
0.8116577313592818
0.8209756201615356
0.8277558556148351
0.8493779515407082
0.8626189728279855
0.875784618246006
0.8915166311365981
0.924473816712634
0.949290412213958
0.9656541463936106
0.9796345687831723
0.9888914388836728
0.9846201415987623
0.9639563955878026
0.9459200357511678
0.932862070146371
0.9169649481383725
0.9033434585300204
0.9180525138291544
