0.9243631550725716
0.9334055088222167
0.9400736722446352
0.9466009342365947
0.9464177621280506
0.9328031548232103
0.9253706005285555
0.9338880962111661
0.9428423864111821
0.9410564600643899
0.9463437888044498
0.9456921195329848
0.924687228611575
0.8974157433238091
0.8850058436020692
0.8825506349419558
0.8851397000232422
0.8893632224032045
0.9117947412934292
0.9270402837034871
0.9148558265609203
0.9068033056403156
0.905496444281558
0.8969824709998622
0.8960102505903087
0.9175963602754102
0.9489046736411356
0.9744113676099674
0.997159914822453
