0.022524317917786946
0.018336345260522025
0.017533960876299496
0.01759151583646488
0.03214277375905215
0.05213467183443564
0.06619840502496814
0.07427303291360983
0.07501109122452716
0.07508895972350278
0.08134214102992665
0.0900058611452834
0.09547358595002967
0.1029015662530092
0.10343987483208952
0.08537776194672399
0.07810551864169567
0.08992460679065163
0.09789428132897683
0.10990634809663001
0.13477687875004468
0.145583676013536
0.14847158278511852
0.1456446166299667
0.13960472728165943
0.12421384355349448
0.11162622678540583
0.11377607524607102
0.10433705559783259
0.09633013963815226
0.10667311136466436
0.10831173609759007
0.10548138448556374
0.12964771259315092
0.15320802059147806
0.16332077247732862
0.18158940620767097
0.17734049293397536
0.16011800605357832
0.1446594105958429
0.11931828329230922
0.10307423133289617
0.10478395345165772
0.11695852833040192
0.12048292551945979
0.15178607347293427
0.17840695292394923
0.2027628739939683
0.22407176583757912
0.24737138348763854
0.2629924872558559
0.26678434610571206
0.26919488491464494
0.2803842537592654
0.28139993010160447
0.28282187702075745
0.2862514778282948
0.29118427971022603
0.27254323136755054
0.26322609275278264
0.2443514389131803
0.2263299531054352
0.2166133152263842
0.2212481853386926
0.24011268260828064
0.27195413914083544
0.30802080975201035
0.33437761339788313
0.35954269016465534
0.3663951204671994
0.37069820304479506
0.36279285477916595
0.3540986643555938
0.34540447393202167
0.3350479597798391
0.3224806565505607
0.31350884789617595
0.301625433474524
0.29857840424811577
0.31622408978726235
0.33378513551490274
0.3551143408973238
0.36574508782344445
0.36857882509173606
0.3499445478622004
0.32621496044025156
0.30731999286244815
0.2927044088665557
0.3051092037853523
0.3310157243199163
0.3568443763555047
0.3838072003100283
0.4234185814496805
0.4278570874864172
0.4289743315228074
0.42798912528929284
0.42444441456142473
0.41430119256674963
0.42762686764575564
0.44087805968266053
0.47017693960340673
0.5183437022506155
0.5678003738147107
0.6074252973800333
0.6479000037197296
0.6557410259120536
0.6270007681091979
0.6038907434215703
0.5690530415096328
0.5046523836724162
0.44747995660573275
0.41199899276439855
0.37558699239223137
0.3368558639363865
0.32708167109717007
0.3372621345132003
0.35386844431554143
0.3458175156219753
0.36250169392329207
0.39407907445131385
0.41749718767796934
0.40455069872321797
0.4090399886069802
0.38770401211141936
0.35119382970146634
0.308616673291256
0.2799881399518566
0.24542128495820123
0.2273693290416316
0.2400618989606459
0.25479259287686906
0.2723874943695993
0.3048045009025896
0.3489153288948
0.3547859386200947
0.3637949886958346
0.38716231807546453
0.3919190694206343
0.3843929068804781
0.4135428209164129
0.4418734224861893
0.47746272513471466
0.5160008749718623
0.5475003872002994
0.5400690212410543
0.5343169070923558
0.5203276569439244
0.5019642268320615
0.46231221841539805
0.42047989122985396
0.3740465496970915
0.33093108450841
0.3271663105098947
0.3222572076236482
0.32295125320067974
0.3474662971243061
0.3618787459314871
0.3419105470511792
0.337204579553035
0.35684776201177
0.34750692420192664
0.33343303424198906
0.33663918612261373
0.3584796152327742
0.3555713949223815
0.34930805684655253
0.34817727038449175
0.32328981204792306
0.2950167654383119
0.26382195629202837
0.24548561083211556
0.2511226152598743
0.2888042112095085
0.31691474970802863
0.35897729693362496
0.3876295294680999
0.39781337854039545
0.3846535974281367
0.37117895646431925
0.3530829878138638
0.3552937768909597
0.3558591701219901
0.36036200243142275
0.3717375785822098
0.3894780605028769
0.39453612927393483
0.3863531627774931
0.3776183452763005
0.3647327969379798
0.34738504316845603
0.3483668637457053
0.3730342588116269
0.39689249857957687
0.4200194511497493
0.44298728106570523
0.4474697996369369
0.4443652154503632
0.4354306484167245
0.4234930646911725
0.4188446521531936
0.43246487334555717
0.44944021230335696
0.4768600906817199
0.5014293037098556
0.5160618157876838
0.5217394470936723
0.5375873852456766
0.5606127701217979
0.5811395911199962
0.6039381416123306
0.6281213978018535
0.6303897418391148
0.6374960913767868
0.6554871068763165
0.6806623404124937
0.6902875673668989
0.7054008328642511
0.7183981058654189
0.7330373888569961
0.7443147829699973
0.767682112549018
0.7977969190802663
0.8198946528824294
0.8286057711885464
0.8353227780319493
0.8320319863398183
0.8167155854543637
0.7949530248431788
0.7756721004267625
0.7657929542372297
0.765586433192862
0.7743754201973455
0.7807707960760502
0.8011655790719822
0.813655013802285
0.826073351146752
0.8409123838701662
0.8719988544086495
0.8954068108658999
0.9108417071285598
0.9240285730921595
0.9327600049370867
0.9287311549340383
0.90924032401638
0.8922277436372252
0.8799109739868094
0.8649162040660532
0.8520678971490877
0.8659420373771882
