0.8595283163181874
0.8646555391575381
0.8683798614010108
0.8719786632714157
0.8718783049303224
0.8643167368238035
0.8601039266747085
0.8649266936857365
0.8699120589078372
0.8689246880003074
0.8718377652322465
0.8714803719849397
0.8597135969999457
0.8437287337782378
0.8361937932088854
0.8346839071463678
0.8362759299153504
0.8388579142365944
0.852255692859858
0.8610555034335222
0.8540425515335361
0.849320587232994
0.848547735347321
0.8434683956989821
0.8428835012194438
0.8556337928830929
0.873237732227073
0.8867883235551556
0.8982645511137588
