0.8752773328358091
0.8802728400991181
0.8838954184664117
0.8873908271215543
0.887293421580495
0.8799430356284244
0.8758386241033914
0.8805367627627397
0.8853842183481947
0.8844249180139537
0.8872540735184969
0.8869071571189964
0.8754580171029531
0.8598277619457189
0.8524327093836112
0.8509489153883919
0.852513408551617
0.8550492366886515
0.8681758619117509
0.8767662728131279
0.8699223111479699
0.8653048900907846
0.8645484700779617
0.8595725334222188
0.8589990448002076
0.8714766783613602
0.8886125057985955
0.9017177055298599
0.9127479357264199
