0.9162198308189395
0.9251825245148544
0.9317919436908941
0.93826170273004
0.9380801443053232
0.9245854770492189
0.9172184010239239
0.9256608604734353
0.9345362664295698
0.932766073485018
0.9380068226614837
0.9373608943741271
0.9165410493805506
0.8895098165805192
0.8772092438444286
0.874775664735558
0.8773419210361665
0.8815282356238842
0.9037621404802498
0.9188733748593284
0.9067962586301483
0.8988146776735132
0.8975193293177787
0.889080361238031
0.8881167057588272
0.9095126491769421
0.9405451469758392
0.9658271356667868
0.9883752759339787
