0.879966758285891
0.8885748152737584
0.8949227123295269
0.9011364753338479
0.9009621008299751
0.8880013918384585
0.8809258169709837
0.8890342243900922
0.8975584474476853
0.8958582976642372
0.9008916803838427
0.9002713102477778
0.8802752668412117
0.8543136084057533
0.8424997458898517
0.840162458868296
0.8426271732979747
0.8466478433959207
0.8680019950114837
0.8825153066458439
0.8709160588887478
0.8632502938789152
0.8620061999888846
0.8539011457926923
0.8529756203242231
0.8735249670386227
0.9033295680427305
0.9276111966247144
0.9492671499547809
