0.02306344132552743
0.01877522882531811
0.017953639233412103
0.018012571781408113
0.032912116554978825
0.05338252413537556
0.0677828751889176
0.07605077067924426
0.07680649454226157
0.0768862268370989
0.08328907910925161
0.0921601668496503
0.09775876258421033
0.10536453286814237
0.10591572595527436
0.08742129330398767
0.07997498760973029
0.09207696765812168
0.1002373977217137
0.11253697536509776
0.13800278642998248
0.1490682462371619
0.1520252755520159
0.14913064547768587
0.14294619034320388
0.1271869231765725
0.11429801964490179
0.11649932509673845
0.10683438089633106
0.09863581803158437
0.10922635055810441
0.1109041960547064
0.10800609949201169
0.13275085280250584
0.15687508080861456
0.1672298831431506
0.18593577975121528
0.18158516801048197
0.16395045795641924
0.14812185836837116
0.1221741868419344
0.10554133071629368
0.10729197532684036
0.11975795074079176
0.1233667049802931
0.15541909914221125
0.1826771539029987
0.2076160381159575
0.22943496193602295
0.25329225992572235
0.2692872574885011
0.2731698751294677
0.2756381105977137
0.2870952989023504
0.2881352856319271
0.2895912670941671
0.2931029559845178
0.2981538253244738
0.27906660029653574
0.26952645437301304
0.25020003246056294
0.23174719930295887
0.22179799203182884
0.2265437985542209
0.2458598207974136
0.27846340804646375
0.31539334059687785
0.3423809988528913
0.36814840604281207
0.37516485043845743
0.37957092803465875
0.37147636390411876
0.3625740765434581
0.35367178918279735
0.34306739009032866
0.3301992863054993
0.3210127358741159
0.3088448898926725
0.3057249294997792
0.3237929675449819
0.3417743399102913
0.36361406347719805
0.3744992591520247
0.37740082240724737
0.3583205305602021
0.3340229713984699
0.3146757495350152
0.2997103390325558
0.31241204484265456
0.3389386423839573
0.3653855076304227
0.39299369139498486
0.4335531777275784
0.4380979201666131
0.4392419056303964
0.43823311831691847
0.43460356433057573
0.424217562579941
0.43786218997462906
0.45143055156284445
0.4814307051933432
0.5307503475553994
0.5813907730252269
0.621964125923769
0.663407601292956
0.6714362996946073
0.6420081388980818
0.618344971810847
0.5826734235360068
0.5167313249217307
0.45819046601966434
0.42186025923095766
0.38457673139256743
0.34491856674255394
0.3349104269234279
0.3453345614752173
0.36233834614731075
0.35409471709635343
0.37117823406328415
0.403511424603397
0.4274900543816164
0.41423368899602103
0.418830430802159
0.39698377405435953
0.3595997141742907
0.3160034662320058
0.2866897040431077
0.25129548545393426
0.2328114528802315
0.24580782163447357
0.260891097232925
0.27890713570686104
0.3121000488441979
0.3572666770605134
0.3632778008352087
0.37250248406774683
0.3964291144788629
0.4012997194823029
0.3935934169525289
0.4234410391742457
0.4524497385455797
0.4888908772493859
0.5283514443044067
0.5606049027538456
0.5529956657773853
0.5471058737912101
0.5327817885441407
0.5139788265869254
0.4733777405564858
0.4305441494539476
0.38299941793764414
0.33885197670406403
0.33499709219499463
0.3299704890902447
0.33068114676705135
0.35578296246637603
0.3705403757045855
0.350094234563558
0.34527562892722136
0.3653889743229507
0.35582456196005874
0.34141381103309604
0.344696702708192
0.3670598862303334
0.3640820571686381
0.3576688050230648
0.35651095299333274
0.331027809078298
0.3020780422549599
0.27013658000814106
0.2513613509786597
0.2571332780730063
0.2957167894764898
0.3245001585292606
0.36756948002794604
0.3969075086562135
0.40733510990053085
0.3938603471731016
0.38006318836963154
0.36153408960971806
0.36379779430207876
0.36437672031694474
0.3689873286890314
0.3806351812036048
0.39880028459795824
0.40397941911149016
0.3956005919102275
0.3866567050558842
0.3734627389108127
0.355699763683174
0.35670508430412395
0.38196289769643216
0.4063921885201049
0.430072688661653
0.4535902575209984
0.4581800659420805
0.4550011730011911
0.4458527555751257
0.4336294437382144
0.4288697706498736
0.44281599416959766
0.46019764077319975
0.48827381863752845
0.513431099988158
0.5284138437490941
0.5342273701329601
0.5504546313993581
0.5740311328066996
0.5950492667817002
0.6183935044854224
0.6431555910543931
0.6454782282947498
0.6527546695259119
0.6711763030632539
0.6969541101265954
0.7068097185369395
0.7222847226328482
0.7355930875897101
0.7505827643273756
0.7621300848002703
0.7860567154155497
0.8168923249997397
0.8395189718457626
0.8484385922607367
0.8553163718135486
0.8519468144585594
0.8362638128942373
0.8139803616669331
0.7942379450218197
0.784122339775959
0.7839108756150177
0.7929102285289924
0.7994586788248711
0.8203416144454032
0.8331299859353952
0.8458455583114426
0.8610397658249934
0.8928702963608761
0.9168385262656749
0.9326428594143537
0.9461453552736803
0.9550857754354956
0.950960494217489
0.9310031469230696
0.9135833675183129
0.9009717938764722
0.8856181215690835
0.8724622882251668
0.8866685083762441
