35.05
37.0
37.05
39.7
41.85
44.35
44.9
45.6
47.4
49.15
51.55
51.85
53.2
54.1
55.6
56.4
56.9
57.2
57.6
58.45
57.55
58.6
59.2
58.9
59.0
59.4
59.5
59.45
60.35
61.85
61.9
62.8
62.8
63.5
63.45
64.35
63.65
64.2
64.7
64.7
64.9
65.25
65.4
65.65
66.1
66.55
66.2
66.7
67.4
67.3
67.6
67.7
66.8
67.2
67.65
67.8
67.65
68.55
69.0
69.0
69.4
69.65
69.85
69.05
69.35
69.95
71.2
70.55
69.85
70.8
70.75
71.05
71.55
71.45
71.7
72.15
72.0
70.7
71.0
71.7
71.95
72.25
72.05
71.6
72.15
72.5
72.55
72.5
72.95
73.2
72.7
72.7
73.35
73.0
72.85
72.75
72.8
73.85
74.5
73.75
73.7
