0.9245607264482987
0.9245412837728273
0.924521466124685
0.9245012753476911
0.9295508182655411
0.929822609861107
0.9293900658718155
0.9377706278151251
0.9380224171394721
0.9380899991214646
0.9243496497313879
0.924326541707381
0.9243030776456074
0.9383571767150648
0.9384231911822851
0.9384888967004235
0.9385542947626391
0.938619386851642
0.9386841744397807
0.9387486589891275
0.9388128419515657
0.9388767247688734
0.9388022946784427
0.9345989884727244
0.9346027421171494
0.9345008406642218
0.9307131854178753
0.9317128889243089
0.9336034212367872
0.9332016299939295
0.9327514338980623
0.9260413782374726
0.9256693713437989
0.9252537522536262
0.9304990398773246
0.9242982172189045
0.9237618816048923
0.9289177332023091
0.9290126682677695
0.9291075843929626
0.9242982058055295
0.9238803567915875
0.9243678912959263
0.9252966067317895
0.9280162190545969
0.929680612023442
0.9297773398138709
0.9291396192844119
0.9291913720988905
0.9300260803167428
0.9301701497203672
0.9302701305711032
0.9303709405693286
0.929942784582442
0.9297602057744784
0.9303960259545698
0.9307835741096144
0.9308893412112433
0.9307436446521691
0.9305184702035693
0.9302945503247486
0.9300722658224047
0.9298516632125549
0.9296324399124987
0.9294141765615233
0.9291972199588829
0.9338946272736237
0.9337648907234366
0.9336346037640277
0.9335026902103795
0.9333693783308584
0.9332357446098551
0.9331020868964878
0.9329680989015555
0.9328326853983837
0.9326956828432073
0.9325582050145376
0.9324207346157508
