# Data Deleted: 35
0.7779492472307197
0.7497122986155964
0.713166711451159
0.6655293282846506
0.6055496816578126
0.5471466599314625
0.6074610236174657
0.8563411848276782
0.8563191554866425
0.8562997619129584
0.54955819906089
0.7486212892410408
0.8561892941724618
0.8561501270703967
0.856121906655318
0.8560995087954951
0.8560716911472422
0.8560314260529157
0.8559823883380169
0.8559358613575336
0.8559004651188533
0.8558739434832695
0.8558450869562737
0.8260687862092868
0.82497910096459
0.8243652808309154
0.8237323069520371
0.8225980352354232
0.8209366350131158
0.8192017783309955
0.8179085252581255
0.8171603248426637
0.8165550733223467
0.8155549799246337
0.813981233060817
