0.021144152113624776
0.017212795291361847
0.016459576590776875
0.01651360490084923
0.0301732421019744
0.04894014707502955
0.06214213236716706
0.06972199165354012
0.07041482582733048
0.07048792297474288
0.07635794386592784
0.08449079906081546
0.08962349188680774
0.09659632658024733
0.09710165058258508
0.08014628422096723
0.0733196438223524
0.08441452352428204
0.09189586042200715
0.10317189407866718
0.1265184959692
0.13666311238042209
0.13937406417444237
0.13672031889244218
0.13105052060615435
0.11660270523171189
0.10478638809998184
0.10680450572021176
0.09794385706597472
0.0904275606955173
0.10013677223703948
0.10167499109616725
0.09901806779939255
0.12170361678691961
0.14382027923053978
0.15331337753177257
0.1704626102815653
0.16647404694728227
0.15030685894615495
0.13579548084297013
0.11200711786601517
0.09675841169763764
0.09836337148745557
0.10979195565566262
0.1131003972495998
0.14248546117825694
0.1674751601589412
0.19033868489925085
0.21034188553594094
0.23221383129608836
0.2468777600979935
0.25043727477929895
0.2527001090830016
0.2632038552017366
0.2641572965072187
0.2654921143723283
0.2687115681834608
0.27334211520906315
0.2558432873576007
0.2470970515402306
0.22937893224653105
0.21246170355959323
0.20334044758649122
0.20769131845588848
0.22539990351809128
0.25529029144908616
0.2891469956750763
0.31388879995751334
0.33751189980230345
0.343944451020673
0.3479838644630806
0.3405629122793234
0.33240145382842573
0.324239995377528
0.314518071215388
0.302720822920998
0.29429875715123527
0.28314349273533773
0.2802831686317182
0.29684762401503856
0.31333262584705096
0.3333548953210811
0.34333424878731156
0.345994350286034
0.3285018786512939
0.3062263092922311
0.2884891209740182
0.27476909924609844
0.28641379684176815
0.31073290887512317
0.33497892376106575
0.3602896147745829
0.397473829244677
0.4016403681445694
0.4026891536367516
0.4017643154001063
0.3984368049688291
0.38891510359875947
0.40142425490427996
0.41386348707716253
0.44136709344891767
0.4865824628976502
0.5330087027687821
0.570205629859494
0.6082002697293665
0.615560837386329
0.5885816238542516
0.5668876538468868
0.5341846139056223
0.47373007270718237
0.4200608562179025
0.3867539698856526
0.3525730957992283
0.3162151969899583
0.30703991270678394
0.3165965735495858
0.33218534040096304
0.3246277281538778
0.34028959215266735
0.3699320851982418
0.39191526578048164
0.3797620661676997
0.3839762771609421
0.36394765147018976
0.3296746113990131
0.28970634798748635
0.2628320130607791
0.2303832240344843
0.2134373922787097
0.22535223161191448
0.23918030995997894
0.25569709306277594
0.28612776446884086
0.3275357245380207
0.3330466157216927
0.3415036409641877
0.36343914945307754
0.367904433346515
0.36083943248114975
0.3882032007748024
0.41479785954530446
0.448206446280977
0.48438319113551664
0.5139525872208519
0.5069765743254644
0.501576917963885
0.48844485180438535
0.471206631271788
0.43398427893984054
0.3947152057316531
0.35112704292485303
0.3106534553238152
0.30711936588374533
0.3025110657102576
0.30316258400742013
0.3261754814316755
0.33970481497336824
0.32096015703960085
0.31654254523951353
0.3349821019630135
0.3262136191063556
0.31300209939554813
0.31601179599594015
0.33651396423107244
0.33378394359971214
0.3279043882898572
0.3268428901770571
0.30348039783830527
0.27693976737787546
0.24765640385264073
0.23044360837410566
0.2357352083027137
0.2711078841613705
0.2974959641102533
0.33698115074590335
0.36387773271189844
0.37343757175664805
0.3610841493517957
0.34843515996817276
0.3314480123357703
0.3335233364680204
0.33405408552442045
0.33828100913828063
0.3489595528078505
0.36561299597397556
0.37036113422556577
0.3626795747229436
0.35447997859736585
0.3423839854966039
0.32609920626948863
0.3270208663041862
0.3501767796341454
0.37257311823397066
0.39428297887672775
0.41584346702271235
0.4200513216120593
0.4171369691983674
0.40874986308851025
0.3975437485644882
0.39318016507447306
0.40596581433425083
0.4219009982725232
0.4476407379390179
0.4707044852842247
0.48444039783471005
0.48977013525082497
0.5046469992782451
0.5262615157343019
0.545530566507747
0.566932147738289
0.5896335875483817
0.5917629399907041
0.5984338516758241
0.6153224771067518
0.6389551113702119
0.6479905575752839
0.6621777656308614
0.6743786375241666
0.688120906104201
0.6987072837890185
0.7206427924650814
0.7489123299708661
0.7696560366875235
0.7778333857738134
0.7841388115346981
0.7810496613829981
0.7666717649540203
0.7462426938663004
0.7281431980129732
0.7188693913411509
0.7186755247658028
0.7269259711866785
0.7329294737520704
0.7520745770828053
0.763798728229783
0.7754561384460704
0.7893859171975575
0.8185675805065429
0.8405412266701128
0.8550303577340098
0.8674092053800977
0.8756056233037276
0.8718236389782372
0.8535270985347876
0.8375569551237829
0.8259948890941956
0.8119189158607107
0.7998578822326813
0.8128818917720361
