0.8861116123153165
0.8947797798166429
0.9011720045705138
0.9074291586078205
0.9072535664376408
0.894202352135417
0.887077368157512
0.8952423970109331
0.9038261451652528
0.90211412314669
0.898055195732662
0.9065579520285745
0.886422275202061
0.8602793251439981
0.8483829658064832
0.8460293573870598
0.848511283046881
0.8525600296950144
0.8740632984713841
0.8886779573221442
0.8769977114095526
0.8692784159605691
0.8680256344976488
0.8598639822828753
0.8589319938215139
0.8796248377018814
0.9095925255244155
0.9338840478095102
0.9546980568875834
