0.8597955787943315
0.868031363288751
0.8741032823511208
0.8800457156241772
0.8798789712365016
0.8674828092636183
0.8607132737562724
0.8684708405589759
0.8766240681378238
0.8749980891420233
0.8798116319227293
0.8792183986208274
0.860090784621509
0.8352382157617145
0.8239220019524218
0.8216826412090881
0.8240440854277853
0.8278958726534378
0.8483444565136845
0.8622341471752628
0.8511338308978549
0.8437955058556279
0.8426043792428439
0.8348432027309579
0.8339568127468177
0.8536308824345356
0.8821427669315265
0.9053514619689154
0.9260359428914106
