0.8187846035176787
0.826794161221424
0.8327007029459126
0.8384824366647593
0.8383201860369115
0.8262606066573468
0.8196769809601555
0.8272216286315595
0.8351531811939576
0.8335712390884708
0.8382546617696329
0.8376774246057185
0.8190716621511686
0.7949150607698332
0.7839225901509007
0.7817478095592119
0.7840411578113888
0.7877822795537996
0.8076517239383393
0.8211559569112028
0.810363179358563
0.8032303981425294
0.8020728033664817
0.794531275775774
0.793670100059066
0.8127906958584706
0.840523048457434
0.8631164287687435
0.8832666912578578
