0.8359534527026353
0.8412282881609111
0.8450676431516152
0.848784138739641
0.8486804088120177
0.8408793530994917
0.8365450326346717
0.8415075916010731
0.8466491478168628
0.8456298681057546
0.8486385086390007
0.8482691582734451
0.836143857428979
0.8197708650486586
0.8120880175017553
0.8105509845287333
0.8121716542915385
0.8148020360326775
0.8284916193977668
0.8375233394217039
0.8303228541878548
0.825486505460092
0.8246958049735463
0.8195050616277887
0.8189079829517348
0.8319547562685632
0.8500859513095455
0.8641519399445645
0.8761533455825217
