0.022977086715550963
0.01870493022852394
0.01788641684921641
0.017945128740757675
0.032788886333239994
0.053182648193784515
0.06752908115760174
0.07576601982408256
0.07651891409031422
0.07659834784985815
0.08297722643122922
0.09181509886298957
0.09739273222058904
0.10497002482345132
0.10551915412212307
0.08709396870483739
0.07967554362106297
0.09173221118758006
0.09986208680158083
0.11211561211412326
0.13748607356698767
0.148510101852636
0.15145605939768908
0.14857226745664398
0.14241096828590205
0.1267107072905736
0.11387006265582085
0.11606312593464226
0.10643436941651047
0.09826650377897111
0.10881738301642373
0.1104889462895095
0.10760170083939655
0.13225380433710118
0.15628770591399033
0.1666037375852779
0.18523959519165809
0.18090527310062307
0.16333659128958236
0.14756725746871133
0.12171673974611659
0.10514616070147396
0.10689025051256909
0.11930955056573396
0.12290479283360652
0.15483717576400038
0.18199317035716753
0.20683867788843074
0.22857590684648518
0.2523438778518064
0.26827898661669874
0.27214706688107265
0.274606060731462
0.2860203507966942
0.28705644358663085
0.2885069735332219
0.2920055138860146
0.29703747165740907
0.2780217134088452
0.26851728789533047
0.24926322836813483
0.23087948668685443
0.22096753144161885
0.2256955686179068
0.24493926741449998
0.2774207796435656
0.31421243838319685
0.34109904889572823
0.3667699772312324
0.3737601505118844
0.3781497307819939
0.3700854744844679
0.3612165192507035
0.3523475640169391
0.3417828701330184
0.3289629473662683
0.3198107934054001
0.30768850652240826
0.3045802279491995
0.32258061527582943
0.34049466141798196
0.36225261224403904
0.37309705134599563
0.37598775050857536
0.3569788994815461
0.332772315739101
0.3134975341405038
0.2985881574349456
0.3112423052576744
0.33766958136847813
0.3640174237197379
0.39152223635648364
0.43192985902859127
0.43645758494978604
0.4375972870797359
0.43659227688840446
0.43297631275252924
0.42262919848263647
0.43622273738362094
0.44974029603412935
0.4796281224741871
0.5287631012199061
0.5792139177701987
0.6196353550887744
0.6609236569475965
0.6689222941320466
0.6396043188586632
0.6160297518869006
0.5804917657546327
0.5147965688982725
0.45647489988061346
0.420280721397194
0.38313679130831513
0.3436271155716601
0.33365644843488323
0.34404155272831455
0.3609816714811396
0.3527689083951282
0.3697884609074971
0.40200058885252815
0.42588943735339857
0.4126827067229302
0.4172622373141316
0.3954973792665399
0.3582532935501145
0.31482027957340986
0.28561627457404104
0.25035457974394376
0.23193975546405823
0.24488746294789218
0.2599142634365329
0.2778628458897573
0.3109314774410333
0.35592899184174254
0.3619176086435296
0.3711077526279365
0.39494479645880026
0.3997971648431042
0.3921197164092965
0.42185558255180106
0.45075566695606323
0.48706036200103076
0.5263731799916604
0.5585058743805464
0.5509251280652172
0.5450573887589795
0.5307869360456382
0.5120543765241783
0.4716053099126664
0.42893209722032916
0.3815653836627759
0.33758324018400077
0.33374278921256295
0.32873500681823903
0.32944300363599865
0.35445083260221527
0.3691529908311457
0.34878340455107054
0.34398284083677333
0.3640208774322046
0.3544922763382206
0.3401354824404021
0.3434060822451654
0.3656855330769581
0.3627188536639024
0.35632961414853004
0.355176097372112
0.3297883679671105
0.3009469954543895
0.2691251290855435
0.25042019865362075
0.2561705143801749
0.2946095606090237
0.3232851583811223
0.36619321884302336
0.3954213994228616
0.4058099574287596
0.3923856471842633
0.3786401479857256
0.36018042625736796
0.3624356551401974
0.3630124135284064
0.3676057587660758
0.37920999915239995
0.3973070883941098
0.40246683108598685
0.394119376061357
0.3852089770915873
0.37206441206512686
0.3543679453336035
0.35536950181246824
0.3805327443819072
0.4048705665539028
0.4284624016812014
0.45189191557694536
0.45646453874321335
0.4532975482784633
0.44418338454453254
0.4320058394824662
0.42726398765971013
0.44115799344333434
0.4584745593292752
0.4864456137926819
0.5115087007345743
0.5264353457990674
0.5322271050582281
0.5483936078802176
0.5718818336675028
0.5928212711142523
0.6160781028444404
0.6407474747010798
0.6430614154754505
0.6503106121061358
0.6686632709854121
0.6943445602549176
0.7041632670941415
0.7195803293623659
0.7328388648662398
0.7477724169488685
0.7592765017076462
0.7831135457419087
0.8138337000043433
0.8363756276952373
0.8452618510845376
0.8521138787141042
0.8487569377248635
0.8331326567766123
0.8109326397043634
0.7912641430205133
0.7811864128312563
0.7809757404387629
0.789941397791006
0.7964653292449969
0.8172700745497292
0.8300105635569354
0.8426785260261321
0.8578158430763209
0.8895271930870177
0.9134056806538868
0.9291508388942885
0.9426027784317209
0.9515097236890239
0.9473998884335515
0.9275172658481401
0.9101627099386608
0.8975983568094772
0.882302172036802
0.8691955970338802
0.8833486259641387
