0.06294864759604946
0.04721145452899956
0.04225572360442497
0.040126792152505836
0.0699373183998624
0.10888038088696438
0.13338650102952557
0.14498545567253873
0.14233528851424423
0.13887182929212177
0.14693653068434806
0.15910352914172463
0.1654355112727641
0.17503192762416192
0.17294953772175764
0.1405033576224416
0.12661887340055786
0.14370184627192092
0.15433841809684876
0.17106842631074723
0.20721910726079207
0.22126400967083198
0.22319783406517146
0.21668247460776413
0.2056453301377134
0.18125381346018982
0.16141303159240156
0.16307633065314767
0.1482941094966097
0.13580735504084251
0.14920087306109914
0.15034509469971713
0.14534809495328332
0.17736231316233148
0.2081347379650471
0.22039207029677452
0.24344941826152963
0.23627629029018488
0.21205557128730743
0.19046831181882137
0.15622010174872428
0.13420922494969023
0.13569397102731323
0.15065188401083435
0.1543898326405202
0.19350246558366657
0.2263031783980703
0.2559456756698116
0.28150219479927624
0.3093316352345722
0.32738251849383887
0.3306511194066066
0.33221330292028983
0.3445656924696033
0.3443994502253395
0.3447524961226626
0.34756070398019256
0.3521854584651563
0.32841345220346113
0.3160209711029611
0.29231048925850883
0.2697997575062099
0.2573195969749163
0.26191880026348796
0.2832777395965902
0.3197539098820481
0.36094799425588464
0.3905543775961423
0.41860065530076224
0.42525159002514307
0.4289317053276548
0.418534204895204
0.40730728171400515
0.39616055483411194
0.38319192625076276
0.36778985844591217
0.35657212319764936
0.3421269236131149
0.33776043337690814
0.3567594561670154
0.37557327298610127
0.3985257248325882
0.4094039584412357
0.4115390879769505
0.3897796841591733
0.36247761702106046
0.3406711345855284
0.32370625180560436
0.33662553660622546
0.3643456175724037
0.39185945523540533
0.42049739323196483
0.4628309641450321
0.46664995930906705
0.4668505651580208
0.46477876278652697
0.4599537983880216
0.4480275708575107
0.4614699875053622
0.4747856429215324
0.5052902536319245
0.5558993102492693
0.6076903822191575
0.6487904633473266
0.6906433841211931
0.6976578078397652
0.6658461697740921
0.6401252465775247
0.6021094753158316
0.5330362786543226
0.4718272685504207
0.433656104091027
0.3946461248935245
0.3533443639535775
0.34249791995766277
0.35254397357364037
0.36926277040587635
0.3602547007106328
0.3769947870552248
0.4091386650172026
0.43272714172726584
0.418632727264429
0.42259374018125745
0.3999213822179303
0.36170313008112426
0.3173693005390951
0.2874909075695517
0.2516196118007675
0.23276060091645284
0.2453786867842381
0.26004072112405496
0.27757936135111116
0.31014553778265547
0.35449380414822956
0.35993427391562266
0.3685408875893672
0.39164531737984587
0.3958959323522495
0.38775331886874026
0.416566788612511
0.4444793411207266
0.47960598938674937
0.5175958244221505
0.5484386217617805
0.5402786747741849
0.5338217424473005
0.5191717130855499
0.5002071100721823
0.46011737118307067
0.41796473661339173
0.37135316104677735
0.32814717253752973
0.32400911294146706
0.3187523330451672
0.31904472123258776
0.34283540519170136
0.35661738063789145
0.3365393003359813
0.3315113472385543
0.35039985335276846
0.3408280515747173
0.3266456251032871
0.3294020284915697
0.35036124264096175
0.3471212923044772
0.34062035294425685
0.3391341189780432
0.31454603110222057
0.28672427551573615
0.25612885101466304
0.23806849640271657
0.2432678248366655
0.2794584528965324
0.3063216835883039
0.3465949421383642
0.3738521954366993
0.38326556733892586
0.37020181868538665
0.3568645689281637
0.3391193967892573
0.34089074741772235
0.3410836942113244
0.34504718896091485
0.3555766421605156
0.3721668957995385
0.3766226227738003
0.3684477839279771
0.3597652538559266
0.3471518766418455
0.330322641389233
0.33093548526821026
0.35402150151665923
0.37629728939775814
0.3978392964342036
0.4191912387616974
0.4230341990036678
0.4197080771057485
0.410890317973336
0.39926025001204857
0.39451699521745826
0.40697096457831144
0.4225573818067931
0.4479248660037829
0.4705735163157264
0.48386947847780454
0.48875780734888247
0.5031551241871518
0.5242383107261446
0.5429527790529672
0.5637562842726169
0.5858165228529746
0.5874277624547051
0.5935411740104583
0.6097678238325743
0.6326436727653304
0.6410484590759579
0.6545316105939771
0.6660337252486384
0.6790395256130989
0.6889160136964874
0.7099544074515596
0.7371925393600242
0.7569900700782184
0.7644146399696392
0.7699927119122618
0.7663513695677953
0.751656162075317
0.7310610713421498
0.7127795270936643
0.7031573978704936
0.7024231018123448
0.7099355387340842
0.7152469265605733
0.733361315240826
0.7442227271173371
0.755004968459277
0.7679829194479947
0.7957635041637245
0.8165058319758995
0.8299580347148613
0.8413468487482845
0.8486696228815062
0.8443886549561374
0.8260756908311502
0.8100401056975444
0.7982878479386741
0.7841278247443219
0.7719337051021941
0.783940029855717
