0.7959017697380072
0.8082516061815829
0.8263682532024795
0.8209424139026144
0.8162979454999977
0.7545731450042207
0.8146309909462619
0.7241027009117429
0.6934456304642806
0.6789862278183185
0.7665893820921087
0.6577599053005829
0.6307695312102959
0.6339823256846746
0.6274190708826981
0.6737215199292621
0.6678051325054126
0.6617669466497038
0.6165012291175905
0.6122902097959864
0.5944803285278029
0.6618871117356788
0.7205412602787973
0.6925438012583982
0.6634552019304516
0.7100883330041391
0.7474168376961832
0.7051747423778808
0.7283304076859649
0.7975628852060679
0.7600747747384452
0.7160633720696381
0.696634046695252
0.7143765178827823
0.7307255024837421
0.7482485422122596
0.7604255431872754
0.7583669323085249
0.7341778490164991
0.6951404189368902
0.6966759198776321
0.721909497737401
0.7215911752687773
0.7330605249809757
0.7650046649042657
0.7931321572587291
0.7718551330869641
0.707329557815773
0.7080684124594842
0.7753151116188782
0.7441683113533757
0.7476540799795477
0.7606343453901943
0.7912679985970957
0.699866782996746
0.8037444657914324
0.7785373806672118
0.7380937706862831
0.7719178070582766
0.7548742680245096
0.7577625881218246
0.8039239287455076
0.7180766373467248
0.7810277990750116
0.7908512795344707
0.8154767702716639
0.7881512178495529
0.7616724622518011
0.7757114051260725
0.8365067340769666
0.7793864952775842
0.7341456819221867
0.8019265374881416
0.8109311453076413
0.7533011952834922
0.7509801509348961
0.7137835585460273
0.759345897914687
0.7340195753909471
0.7160559324299823
0.7695310645335474
0.766489422528685
0.7769023250585589
0.7672193426532496
0.7392163800122342
0.7758298609446395
0.7603711756208102
0.7388792772743875
0.7678606286983224
0.727580625169356
0.7898320541802359
0.7228783391027729
0.7260704891894432
0.815031517179199
0.7708914860093278
0.7218693080366037
0.7151391187145545
0.7901738133236257
0.7175969921528738
0.775203556110166
0.8721697837227971
