689.05
689.45
689.55
689.95
689.85
689.1
689.45
689.15
689.05
688.85
689.6
688.85
688.9
689.1
688.75
690.0
690.2
690.2
690.0
689.5
689.55
688.8
689.1
688.85
688.9
689.75
689.15
690.25
688.85
688.85
689.05
689.35
689.7
689.15
689.65
689.7
689.45
689.75
688.9
689.0
689.55
689.4
690.2
689.75
689.65
689.3
689.35
689.2
689.65
689.5
689.1
689.95
688.45
689.15
688.8
690.1
689.35
690.1
688.75
690.0
689.4
689.8
689.4
689.4
690.1
689.75
689.3
689.7
690.05
690.25
690.0
689.85
689.35
689.25
688.95
689.65
689.0
689.0
690.2
689.95
689.0
689.6
689.6
689.95
689.75
689.5
689.1
689.8
689.3
689.5
689.85
689.1
689.75
689.3
689.65
690.2
689.35
689.65
689.1
690.1
690.05
