0.053576466400011874
0.06742901570439894
0.08177359718544133
0.10011314194686437
0.10495973709520794
0.10239724386021853
0.08250486311728893
0.06714135758627057
0.041858855721070995
0.04649267024250707
0.059764320135494514
0.08657896184013343
0.10873301025773804
0.12410257016209142
0.13196132194116622
0.13515451254407232
0.13749016631533628
0.1412333873078994
0.14040455002335403
0.14042229479868412
0.13813966337329947
0.1381678452283572
0.14143718807199493
0.1412525640795601
0.15218385583580768
0.1597211726018161
0.16229449293745082
0.1552096606284438
0.15444289351534218
0.14789213317689281
0.14888334655484187
0.14428023416862742
0.140570204126371
0.14260201150209123
0.16163101706537478
0.17354627631394132
0.2039186158326249
0.23419360414370619
0.26400241812553393
0.2724550016680301
0.27744271243947655
0.26373964586422344
0.2640498540684849
0.2687244587083635
0.2806542061425937
0.29838021229520173
0.317058082777483
0.3103124152646329
0.2944674965576033
0.2738587654862883
0.26208710320347856
0.2412529321010617
0.23236671849582996
0.2240576535637877
0.222313171050264
0.22059785947296776
0.22732613272774482
0.2349593887929981
0.2434649372691761
0.2418673179369968
0.23476842593579902
0.23278151593915372
0.24259636704639626
0.24768428896659328
0.25490708528547246
0.25564317927537344
0.252325612280501
0.235323947667888
0.21832869523365822
0.20675624518832683
0.20211392072044052
0.19983989168408928
0.20522712087678935
0.21964336099311385
0.22798474251500075
0.22690116733739385
0.22944394100615792
0.22641287179147165
0.2177443525202536
0.21835872275204649
0.22320021809619964
0.22575490767233572
0.2299192568383914
0.2328869671976528
0.2322014919629505
0.24061567455868307
0.24718179387533937
0.24765650256450866
0.25036498059491324
0.25899911220161714
0.2641120320867385
0.2685752454687213
0.27660181427671154
0.28165957999160596
0.2744456204562226
0.27124079803159273
0.2730619300880151
0.27841981446533387
0.2860459928654169
0.2950974698255681
0.2991525279619048
0.30360984432749305
0.30367632153558977
0.30698710608425006
0.30854581726467933
0.3137913708650176
0.3102301369414597
0.31092233499056615
0.309019854203139
0.30926438045936566
0.30606262372427673
0.30632132445661114
0.30375254037302996
0.3010460252960081
0.3034418852398502
0.3044255990997073
0.3106318030467452
0.3342636591227425
0.3621736699899338
0.38754754968459987
0.4137901843818382
0.4368153828978025
0.44396352471631806
0.44196219406994103
0.4393780701027863
0.4301284210631897
0.42012247302331845
0.4067345201432017
0.39389959529083335
0.3771745316149209
0.3707162826128654
0.36227143455845695
0.35352754988997964
0.3536945773047566
0.35650050577107156
0.35433065795115865
0.35810826414491725
0.37062680358455463
0.38020182350938725
0.3950849321594745
0.4130280875368147
0.4299592365368494
0.4377742285404593
0.4463433289334628
0.4492133344153068
0.44919530448808315
0.4454844761361874
0.44413660896178375
0.4403059675283155
0.4424190371171772
0.44109141722106365
0.44010466691437056
0.4432688523099663
0.45251933031113556
0.46184545738400656
0.47713296814303285
0.4943779347394146
0.5102589625593227
0.517072271268298
0.5142836913207369
0.5136758135418402
0.5100568730010475
0.5064499605054249
0.5136219828931868
0.5207340164883941
0.5182636058771111
0.5229245212646296
0.51634531157543
0.5053894980340623
0.4990379148358044
0.4966220130386562
0.4850813760658898
0.4819473481981374
0.4784510674346767
0.4746865040054067
0.46647866227780055
0.4741420686732465
0.4744767444389523
0.4549254775647962
0.43190606245047886
0.41484457329417357
0.3815904056299751
0.3525517425962831
0.34851377350938667
0.35211653131205417
0.36232673318909026
0.37261024183164
0.39314154467271323
0.415649064740446
0.43198527720348234
0.4462812096892579
0.46630406084841275
0.4752531941772842
0.48227375553284346
0.4957475917889953
0.5051051239632327
0.5159014823876954
0.5394816693172769
0.5546755557254185
0.5673064885910258
0.5785587069491328
0.5863555520589026
0.594050470020709
0.6016438121253614
0.6062490249873534
0.6045391231061242
0.5989623744455516
0.5902487316844935
0.5753497714781395
0.5580539275414295
0.5461748310195622
0.5414916175088119
0.533055809046143
0.5383319518552379
0.5456583050474748
0.5506509867078012
0.55992320199428
0.5648998221440225
0.5561873450626451
0.5479811428148599
0.537031594370446
0.521744710804555
0.5082614820621426
0.49875242149438537
0.4767971266519497
0.46613530492071953
0.46886541570458073
0.47477864686628324
0.4859897419303723
0.5146795998927556
0.5354688126213809
0.5382306684704893
0.5359653412451211
0.5270988651028095
0.5090937806752306
0.49657061765942967
0.4825299672063348
0.46636038708536653
0.4590794999484297
0.4687345885814488
0.4721555590311564
0.47421574381142023
0.4800365603420464
0.47728211231079687
0.45850124770604417
0.44987613583595015
0.4477205750936191
0.4436078636793164
0.45352801671338816
0.4680057102257633
0.4743738577056269
0.44161491273664394
0.4002159543956721
0.3554902098942812
0.2964269230603246
0.24654860573331713
0.23719637391470327
0.2426613909435559
0.24630280883034844
0.2635132699709376
0.2726662964933865
0.28111699031661086
0.2855881683441347
0.29091632267826323
0.3033037170895558
0.31360885964288027
0.32140567784807417
0.3308269761856981
0.33718589619325323
0.3393719617293823
0.34353006095653954
0.3472547359341285
0.3517897646278592
0.3515226185223936
0.3489879565146443
0.3418372940394952
0.33362764847649634
0.32534361146267404
0.3124166442604401
0.3034321827606723
0.29258317592226585
0.2832398395980903
0.2652624492558596
0.2567572766894204
0.24562555191510232
0.24262807021153146
0.24690024331158428
0.2574947398038842
0.2700715976260058
0.2808950661653871
0.290943243443425
0.28195966369039455
0.27269090645604704
0.2563675210858614
0.24019064245302896
0.22107475841024726
0.21469514648724167
0.20680365694745867
0.21153621779767365
0.21622157100911563
0.2225454527732114
0.22882041548111673
0.24072911210006437
0.2424019797321384
0.2432745402011665
0.2501556759919501
0.2557276095749785
0.2547037244365911
0.2641693336535887
0.27228321836884456
0.27825145681810104
0.2879830315083511
0.3401917952099564
0.3828891023115805
0.43720674817490063
0.48774688174820097
0.5317591332904978
0.5380279352403332
0.5394926426817164
0.5262359148230702
0.5027826108284718
0.4863534658069362
0.47856104722206677
0.4710688910301933
0.4687427573534561
0.4796807501913696
0.4962171989840328
0.5004867253196104
0.5055412266800215
0.5071895721739748
0.5065565241869368
0.49552293283652527
0.4837143372311266
0.4717114617829405
0.47172136873140297
0.4704085020036029
0.46554262570091215
0.4680366957207564
0.47052895695639924
0.4640213183110383
0.45479795244648685
0.44863573330661266
0.436050738302264
0.4253736548573678
0.42318951985695624
0.4236419765762611
0.42203786542689237
0.41973694360950947
0.42101404590224367
0.4155542169766307
0.4176543379676829
0.4185219445599479
0.4245162914268356
0.4249709657067489
0.4220246581995933
0.4130608654502702
0.40598922066591603
0.3905771408457075
0.37599797220291636
0.36609334697805773
0.35570803189126887
0.3484368912428049
0.34770486408179496
0.34827973841319065
0.3487321562251265
0.3502853482807945
0.3594986004798532
0.37008880634427527
0.3822984105427082
0.3995436412777362
0.4157162448173881
0.42675186881293864
0.44005399539011464
0.43807080481859423
0.4334100074675352
0.4276985988519611
0.414771549287907
0.39885561270492864
0.40476075797101774
0.41082325846043966
0.4167999414703727
0.4284390805486412
0.44605703761507465
0.4562992927916519
0.4540007053862447
0.45412920163350173
0.45813579950062905
0.4488155164290626
0.44184444690015773
0.4425446287220973
0.4444544209959405
0.44418648082508644
0.4509297601679743
0.44969370722688823
0.4408909084299038
0.4090786967412677
0.36353704353569466
0.3087056232178338
0.2772300105613146
0.26297483319600606
0.2697738421207724
0.28443507349182306
0.2951524494793168
0.30024630484629306
0.2969171184500047
0.2862170867190243
0.2890659351434054
0.2989603213455981
0.2982799630472009
0.29800054658576924
0.3013211767117284
0.30192088195565425
0.3116319770058849
0.3191785204684124
0.31905255640989977
0.32746896534405756
0.32670204200059283
0.32314410906791413
0.32030689588880445
0.32384873261018493
0.31718960240031424
0.3134031431291107
0.31638710736197984
0.32183614832075763
0.3346797228391985
0.3611121119937933
0.38728613259308853
0.40732196411549315
0.4297258677004876
0.44179093491388
0.44456077255234266
0.44550404438406244
0.44438487924018394
0.44072990347199004
0.44373525654860546
0.4484816497266491
0.45528392081311375
0.4592316114531454
0.4671335088199826
0.5093618482286837
0.5616022296449807
0.6081923059740852
0.6615443403645598
0.7034043891700738
0.7013321386888794
0.6931052362205204
0.696483715010002
0.6995448057648819
0.7073350554785927
