0.7250513897020082
0.7320401041606922
0.7267375077081571
0.720573193311666
0.71197394709496
0.6953562068393596
0.6920033324506539
0.6875133351016177
0.6888430354988214
0.6934721401978403
0.7038319055281951
0.7069225830150396
0.7167220718778663
0.7152174078737252
0.7148907724227395
0.7158977426065202
0.7237232481981116
0.7309954442815045
0.7347386798807212
0.7499892669946238
0.7611599994744698
0.7653601404747352
0.7633007629497116
0.7714078351711617
0.7566866445140138
0.7511959483126377
0.7463343589508632
0.7550630130160795
0.7581662386347686
0.7584588047158185
0.7557875203893194
0.7567055575711372
0.7540376719854052
0.7535540257915351
0.7674829387132708
0.7806244174693361
0.7878411707292464
0.7849365414540483
0.7779109986954744
0.7706572466621114
0.7509690384558517
0.7185475962352877
0.6938397452389546
0.6741970668003421
0.6563534137128869
0.6374349795292401
0.6445242678799897
0.6339228770341676
0.6202267710136158
0.6046017359890157
0.5954194031770803
