0.018597445797235518
0.02541962444715965
0.03294271166212114
0.042615252533126924
0.04682070508573813
0.047568341030514175
0.03971816293230658
0.03336325691738226
0.021401080638578478
0.024391624611413837
0.03210162095786771
0.04752161365077548
0.06088560744711634
0.07079178463562202
0.0765859638372627
0.07971668975558295
0.08233341585289586
0.08579123226699985
0.08644541383976088
0.08756686785379053
0.08719304978453692
0.08822104923282038
0.09130504777140194
0.09214613828192418
0.10027667988363918
0.10625776802304107
0.1089679486861002
0.1051363142027426
0.10551013227199621
0.10186540672639983
0.1033606788096831
0.10093086165013139
0.09906177169132568
0.10121122515363881
0.11550976383251692
0.12485521382027659
0.1476581121701233
0.17064791945773128
0.193544272179593
0.20092717783653197
0.20578681196190418
0.19672172528392073
0.19803008823571164
0.20260935885757642
0.21270244498384333
0.22728134716622891
0.24270134005286784
0.23868279643801785
0.2275617108634675
0.21260899061182834
0.20438499444436717
0.18896500155772822
0.18278765908210984
0.17699347988046918
0.17633929830770814
0.17568511692867828
0.18175965963382637
0.18859118368220576
0.19616099827690595
0.19560027126989113
0.19055372820675764
0.18961918313048923
0.19831045173921905
0.20317008586459126
0.20980535557675423
0.21111371852854507
0.209057719438247
0.1956002712698911
0.18204936853578904
0.17293755467179808
0.16957319262970913
0.16817137511217203
0.1732179181753055
0.18592773039888533
0.19354427217959302
0.1931704541103394
0.1958806347733985
0.1938246356831004
0.18690900266116128
0.18793700210944472
0.19260972729705575
0.19531990776638372
0.1994319059469799
0.20251590448556148
0.20242245011354643
0.21027262821175402
0.21653407985466333
0.21746862473720058
0.22036571414428974
0.22849625574600477
0.2335427988091382
0.23802861486525684
0.2456918840257032
0.25073842708883665
0.24485079351518094
0.24251443092137545
0.24466388438368855
0.2499907909503294
0.25737369660726844
0.26606496521599826
0.27027041776860944
0.27484968839047424
0.27545714277722777
0.2790084139508091
0.280970958475361
0.28629786504200183
0.2835876845726739
0.2847558657727111
0.2835409571929353
0.28428859313771127
0.28185877617189076
0.2826064121166668
0.2807373221578611
0.2787280504473017
0.2814382311103608
0.2828400486278979
0.2891015002708072
0.31162403492341534
0.33821184057061215
0.36251001081001094
0.38769599893967077
0.40993817028250257
0.4173210759394416
0.4161061673596657
0.41433053196660624
0.40624671755089875
0.397415266996684
0.38534561815131674
0.37375725994176656
0.35843072162087375
0.3528234515507256
0.34530036433576405
0.3374642044321049
0.33811838600486593
0.34129583910919375
0.33970711265389547
0.3438191106407605
0.3563420137328479
0.3660612817898612
0.3809205474757541
0.3987703571344824
0.41568562191067343
0.4238161637061196
0.4326943414463419
0.4360587034884309
0.43661943049544566
0.43358215914287157
0.4328345230043644
0.4296570699000366
0.43227379599734955
0.43152616005257355
0.4311056147973124
0.4347503403429087
0.44437615402790703
0.4540954220849204
0.4697023237155893
0.4872717700645414
0.5035328532679714
0.5108690315451716
0.5087195780828585
0.5087195780828585
0.505729033916292
0.5027384899434567
0.5104484862899106
0.5181117552566258
0.51624266529782
0.5214761174924458
0.515495029353044
0.5051215797232697
0.49932740071536014
0.4974583107565545
0.4864306795540192
0.4838139536504374
0.480823409677602
0.4775525022012593
0.46979577847506665
0.4780197746425279
0.47886086515305015
0.45960923778305357
0.43680633943320685
0.419984529222762
0.38671472667739476
0.35765037668463867
0.35391219657329615
0.35793073999441494
0.36867800769344283
0.3795187297644858
0.4008263560310492
0.42418998138791086
0.4412921552955943
0.4563383299192485
0.47727213831028953
0.48689795199528774
0.49456122115573425
0.5088597598346124
0.5189528459608792
0.5305412041704294
0.5553066470448279
0.5714742758762429
0.585025178610345
0.59717426382691
0.6057720778698936
0.6142764375408623
0.6226873426460847
0.6280142492127256
0.626799340826681
0.6215658888257862
0.6130615291548176
0.5981088089031784
0.5806328171199726
0.5687640954069151
0.5643717337228115
0.556054282989604
0.5620353711290059
0.5701659127307209
0.5758666373666154
0.5860531780586284
0.591753902694523
0.5831093612718006
0.5749788196700857
0.5639511884675503
0.5483442868368813
0.534606475165018
0.5250273886660273
0.5023179448819267
0.49147722261715265
0.49474813009349533
0.5013833996119271
0.5136259393942384
0.5443724702143076
0.5668015506886319
0.5701659127307208
0.5682033682061691
0.5592317360939317
0.5405408359246812
0.527644114569609
0.513111939573231
0.49629012936278616
0.4889072237058472
0.4995610368391289
0.5035795804539788
0.5061495793652843
0.5127381216977085
0.5101681229801343
0.490449223168869
0.4815710456223781
0.4796085010978262
0.4755432302969687
0.4865241341197653
0.5024113992539417
0.5096073957793882
0.4747488667787228
0.4305448877902976
0.3826961830625448
0.31933403126986926
0.2657846020999532
0.25587842491144747
0.2619529674228644
0.26606496560346055
0.28484932033845733
0.2949424064647242
0.30428785664621505
0.3093343997093485
0.3153154876550192
0.3289598447611363
0.3403612938391941
0.34905256244792393
0.3595194666434445
0.36666873598288346
0.3692854620801964
0.37405164163982246
0.37835054856444866
0.38353727337933585
0.38349054619332834
0.3809672746617616
0.3733974600670615
0.3646594642723241
0.3558280139118406
0.341903293302216
0.3322774796172178
0.32059566703565257
0.31054930809539316
0.2910173172218892
0.28185877597815956
0.2698031453273408
0.26667241940902053
0.27153205353439275
0.2833540480614429
0.29737222323681356
0.30947458126737104
0.3207358487874063
0.311016580730393
0.30097022179013366
0.2831204121314053
0.2654107840306996
0.244430248453651
0.2375146152379807
0.22891680100126588
0.23429043475391423
0.23961734132055507
0.24676661065999414
0.2538691528134257
0.26723314660976655
0.2692424185140571
0.2703638725280868
0.27816732344028694
0.2845222294552112
0.28354095719293526
0.2942414975122245
0.3034467659419617
0.3102689443981546
0.3212965756006899
0.37975236608198576
0.42764779799574604
0.488580132822601
0.5453537424765835
0.5948846282253808
0.6022208066963123
0.6041833512208641
0.5896511762244862
0.5636708247703116
0.5455406514143447
0.5370830189293837
0.5289524773276687
0.5266161149275943
0.5391857453994204
0.5580635547001634
0.5631568251430356
0.5691379132824375
0.5712873667447506
0.5708668214894895
0.5587177362729244
0.5456808333598298
0.5324102941292351
0.5326906576327425
0.5314757490529666
0.5262422970520718
0.5293262955906535
0.532410294129235
0.5253077519758034
0.5151212114775215
0.5083924873933436
0.4943743122179729
0.4825055905049153
0.48026268247685605
0.48101031842163205
0.4794215919663338
0.47703850218652066
0.4787206832075652
0.4727395952618946
0.4753563213592075
0.4765712297452521
0.48362704451894495
0.48437468065745226
0.481243954739132
0.4712443229848801
0.46339414488667247
0.44601160766921283
0.42956361533429044
0.41844252975974
0.40676071717817486
0.39863017557645986
0.3979759940036988
0.39881708451422104
0.39951799327298965
0.40148053779754156
0.4122278054965695
0.42456379965089563
0.43876888395775876
0.45876814727253135
0.4775525020075281
0.49044922316886913
0.5059626704275232
0.503906671337225
0.4987666737083454
0.49241176769342104
0.4777394109452894
0.45960923778305357
0.46661832537073894
0.4738143218961855
0.4809168638558859
0.4945612211557341
0.5151212112837903
0.5271768419346092
0.5247470249687887
0.5251208430380423
0.5299804769696834
0.5194201184021479
0.5115699403039402
0.5125979397522237
0.5150277567180442
0.5149343023460291
0.522971389381998
0.5217564808022221
0.5117568492417014
0.4750292302822302
0.4223208914291052
0.35877183050493716
0.32232457504897344
0.305876582714051
0.31391366975001983
0.3311092980297182
0.343725655881283
0.3498001983927
0.34606201847508855
0.3337260243207623
0.3371838409285975
0.3488656535101627
0.34821147213113285
0.34802456299964046
0.35204310661449045
0.35288419712501273
0.3643791007688167
0.3733507328810539
0.3733507328810539
0.3833503644415746
0.3826027283030674
0.3785841846882174
0.37540673158388965
0.37970563870224705
0.3720423697355319
0.3677434628109057
0.37138818835650206
0.3779300035029187
0.3931630872580653
0.42437689071313445
0.4553103306646962
0.47904777409081145
0.5055888523582694
0.5199808456028938
0.5234386620169977
0.5247470249687887
0.523625570954759
0.519513572967894
0.5232517528855054
0.5290459320871461
0.5372699282546073
0.5421295623799796
0.5516619214992317
0.6017535342550436
0.6637138685301821
0.7190389332868888
0.7824010850795644
0.8322123343318693
0.8300628808695559
0.8206239763160501
0.8249228834344075
0.8288479724835113
0.8383803316027633
