0.8892622981725428
0.8981558877652982
0.8919690427179401
0.8847188337563473
0.8744718716904973
0.854364625436881
0.8505461821172408
0.8453260316648937
0.8472594208549159
0.8532529270634297
0.866303303194297
0.8704117548724013
0.8827854447667213
0.8812387334547827
0.8811420639351629
0.8826887752471013
0.8926457289544875
0.9019259966257221
0.9068561387196054
0.9259966903782108
0.9401104306237087
0.9456205894345194
0.9433971918860337
0.9537408234715035
0.9358569747663728
0.9293801213605513
0.9236766237108969
0.9347936108521377
0.9389503971898541
0.9396270832260053
0.9366303301217485
0.938080371914067
0.9350836188098102
0.9347936104513461
0.9523874509984092
0.9690145969504605
0.9782948644212995
0.9750081031589748
0.9665978607635267
0.9578976100096154
0.933730246737507
0.8937090932695142
0.8632582154304279
0.8390908521583197
0.8171468862343011
0.7938495480375839
0.8029364764691832
0.7899827698579358
0.7731622850670403
0.753925063888815
0.7427114074283498
