0.01923722117822516
0.0262940913009742
0.03407598211948676
0.044081270486485004
0.04843139586344075
0.04920475141921207
0.041084517382228
0.03451099465718233
0.022137304562466556
0.025230726985947614
0.03320595684369983
0.04915641655920427
0.06298014844623864
0.07322711051208856
0.07922061672060257
0.08245904352371126
0.08516578826950455
0.0887425578902932
0.08941924412684049
0.09057927756069534
0.09019259968261178
0.09125596359684683
0.09444605553994773
0.09531608061533887
0.10372632301078666
0.10991316805814456
0.11271658232355768
0.10875313482468546
0.10913981270276901
0.1053697040427407
0.1069164153546791
0.10440300944772972
0.10246962045810351
0.10469301780619344
0.11948344408784299
0.1291503892363697
0.15273773579155064
0.17651842118557545
0.2002024370599804
0.20783932389965687
0.21286613551315992
0.2034891985227011
0.2048425707953999
0.20957937405043917
0.22001967495513297
0.2351001095952463
0.2510505695111465
0.24689378297303466
0.2353901181541058
0.21992300563590894
0.21141609372084136
0.1954656338049411
0.18907578302689612
0.1830822768183821
0.18240559058183484
0.18172890454568333
0.18801241911266106
0.19507895612725332
0.2029091818057737
0.2023291650888463
0.19710901463649932
0.19614232004148838
0.2051325791538636
0.21015939076736662
0.21702292205127177
0.21837629432397054
0.2162495662951047
0.20232916508884624
0.188312094362968
0.1788868227128972
0.1754067224113326
0.173956680619014
0.1791768310713609
0.19232387672184803
0.2002024370599804
0.19981575918189687
0.20261917344730998
0.2004924454184441
0.19333890597647102
0.19440226989070608
0.1992357426653652
0.20203915673038259
0.20629261278811425
0.20948270473121516
0.2093860354119911
0.21750626944897516
0.22398312285479674
0.224949817249412
0.2279465701532732
0.236356812548721
0.24157696300106793
0.2462170967364874
0.25414399193462756
0.25936414238697447
0.2532739668592364
0.25085723047190683
0.2530806278199968
0.2585907866308073
0.2662276734704839
0.27521793258285915
0.2795680579598148
0.28430486121485415
0.2849332127917894
0.2886066521325936
0.29063671064183966
0.2961468694526503
0.29334345538763296
0.2945518234810999
0.2932951205276252
0.2940684760833964
0.29155507037684286
0.29232842593261416
0.290395036942988
0.28831664377412997
0.29112005803954305
0.2925700998318616
0.29904695323768327
0.32234429123400465
0.3498467506284458
0.37498080829516933
0.4010332258972919
0.4240405557355452
0.4316774425752218
0.4304207396217471
0.4285840201517408
0.420222112415905
0.41108684892390207
0.3986019890719995
0.3866149768553673
0.37076118645908684
0.36496101928981256
0.3571791284713
0.3490733948722786
0.3497500811088259
0.35303684257154666
0.3513934619403843
0.3556469177977202
0.3686006244089676
0.37865424743557785
0.39402469043415483
0.41248855585621286
0.4299857268836557
0.43839596947949927
0.44757956763111423
0.4510596679326789
0.4516396846496062
0.4484979273661173
0.44772457160995033
0.44443781014722955
0.4471445548930229
0.4463711993372516
0.445936186799556
0.44970629545958424
0.4596632491669705
0.4697168721935808
0.48586067074792905
0.5040345280119193
0.5208550128028148
0.5284435647824834
0.5262201674343936
0.5262201674343936
0.5231267448105167
0.5200333223870357
0.5280085522447879
0.5359354472425324
0.5340020582529061
0.5394155477444926
0.5332287026971347
0.5224983934339772
0.5165048874258591
0.514571498436233
0.503164502936528
0.5004577583911306
0.49736433596764945
0.4939809051857047
0.48595734046794464
0.4944642523830122
0.4953342774584035
0.475420370043631
0.4518330234884501
0.4344325219806271
0.4000181966426688
0.36995399668166623
0.36608721850201814
0.37024400483973424
0.3813609919809753
0.39257464844144035
0.41461528368468287
0.43878264695679126
0.45647315702347385
0.4720369388608947
0.4936908964264494
0.5036478501338357
0.511574745331976
0.5263651716136255
0.5368054725183192
0.5487924847349515
0.5744098897993785
0.5911337052710499
0.6051507759969282
0.6177178049304878
0.6266113945232433
0.6354083147967746
0.6441085655506862
0.6496187243614968
0.6483620216084179
0.642948532317227
0.6341516120436956
0.6186844995254989
0.6006073117811286
0.5883302912060326
0.5837868267898373
0.5751832453551498
0.5813700904025076
0.5897803327979554
0.5956771694868496
0.6062141399111632
0.6121109766000574
0.6031690521472942
0.5947588097518465
0.5833518142521417
0.5672080156977933
0.5529976061330711
0.5430889870852971
0.5195983100497359
0.5083846533888751
0.5117680841708198
0.5186316152543292
0.5312953137075087
0.5630995636188977
0.5863002324963908
0.5897803327979554
0.5877502742887095
0.5784700068178705
0.5591361163204212
0.5457957316306945
0.5307636316501931
0.5133631301423702
0.5057262433026938
0.5167465609243149
0.5209033474624267
0.523561757548608
0.5303769539725054
0.5277185440867199
0.5073212894746398
0.49813769152342086
0.4961076330141748
0.49190251181645095
0.5032611724561478
0.51969497936896
0.5271385271693967
0.491080821200276
0.4453561700826285
0.395861410104557
0.33031952109175694
0.27492792462518695
0.264680962559337
0.2709644769259189
0.2752179329836506
0.2946484930007197
0.3050887939054135
0.314755739254336
0.3199758897066829
0.326162734553645
0.3402764745987473
0.3520701477761399
0.36106040688851515
0.37188738567129254
0.3792825988121173
0.3819893435579106
0.38691948565179374
0.39136628034797355
0.3967314349795523
0.3966831003199403
0.39407302509376685
0.38624279941524653
0.3772042056432593
0.3680689423516522
0.3536651939480861
0.3437082402406999
0.33162455870484364
0.3212325924597618
0.3010286766865257
0.29155507017644705
0.27908471076250724
0.27584628395939853
0.2808730955729015
0.2931017814883855
0.30760219941157135
0.320120893685519
0.3317695628840755
0.3217159398574652
0.31132397361238345
0.2928601081903254
0.27454124674710345
0.2528389545219366
0.24568541487956777
0.23679182508641655
0.24235031855683922
0.24786047736764982
0.2552556905084746
0.26260256898968737
0.27642630087672176
0.27850469424597557
0.2796647276798304
0.28773662705720254
0.2943101497822482
0.29329512052762513
0.30436377280885846
0.3138857139785491
0.3209425839009023
0.3323495794006071
0.39281632214029216
0.44235941677797574
0.5053879000842221
0.5641145928735206
0.6153494030023745
0.622937955182439
0.624968013691685
0.6099359137111837
0.5830618056932821
0.5643079317123646
0.5555593460984452
0.5471491037029975
0.5447323675160637
0.5577344089873189
0.5772616385240078
0.5825301238363625
0.5887169688837204
0.5909403662318102
0.5905053536941148
0.5779383247605551
0.5644529360919923
0.5507258737245777
0.5510158820830414
0.5497591791295667
0.5443456898383758
0.5475357817814768
0.5507258737245776
0.5433789952433649
0.532842025019447
0.5258818244163178
0.5113814064931319
0.499104385918036
0.49678431905032633
0.4975576746060976
0.4959142939749352
0.4934492229279935
0.4951892730787758
0.4890024282318137
0.4917091729776071
0.49296587573068595
0.5002644193518908
0.501037775108058
0.4977993483049493
0.48745571671947957
0.4793354826824955
0.46135496445774504
0.4443411406276097
0.4328374758086808
0.42075379427282456
0.4123435518773768
0.41166686564082955
0.4125368907162207
0.41326191161238
0.41529197012162605
0.42640895726286715
0.43916932503527056
0.45386308199769615
0.4745503449682399
0.49398090498530894
0.50732128947464
0.5233684187097642
0.5212416906808984
0.5159248707089317
0.5093513479838859
0.4941742438241529
0.475420370043631
0.482670579005224
0.49011412680566085
0.4974610050864778
0.5115747453319758
0.5328420248190511
0.5453123842329912
0.5427989785264375
0.5431856564045211
0.5482124678176283
0.5372888197156269
0.5291685856786428
0.5302319495928778
0.5327453552994315
0.5326486859802074
0.5409622588560354
0.5397055559025606
0.5293619245174866
0.49137082955873973
0.43684925796716517
0.3711140299151253
0.3334129433148422
0.31639911948470695
0.3247126923605349
0.3424998717464414
0.35555024807770447
0.36183376244428644
0.35796698446503405
0.3452066166926304
0.3487833865138149
0.36086706804967117
0.36019038201351977
0.35999704297428015
0.36415382951239195
0.36502385458778314
0.37691419728479547
0.38619446475563446
0.38619446475563446
0.39653809614070845
0.39576474038454135
0.39160795384642944
0.38832119238370877
0.39276798728028434
0.38484109228253993
0.3803942975863602
0.3841644062463885
0.39093126801067374
0.4066883888873344
0.43897598619642675
0.4709735751470554
0.49552761629724745
0.5229817408316806
0.53786883663295
0.5414456062537386
0.5427989785264375
0.5416389450925827
0.5373854892352468
0.541252267214499
0.5472457734230131
0.5557526853380806
0.5607794969515838
0.5706397811393502
0.6224546079851313
0.6865464552056129
0.7437747713425849
0.809316660355385
0.8608414788427028
0.8586180814946126
0.8488544668264663
0.8533012617230418
0.8573613787415337
0.8672216629293001
