0.9599311358232997
0.9776154032701326
0.9829033744874861
0.9897251099903785
0.9976574010195811
1.0051462625278529
1.0324688015829349
1.0725369664273527
1.1353214134477678
1.2356177802618868
1.4154797468074372
2.221102083378446
-0.5522866765398864
-0.15133393660210429
-0.080968410140109
-0.05174422808094848
-0.036500981960550224
-0.02631342888541771
-0.01890500126564544
-0.013776711352322982
-0.009583527578194488
-0.006150755817286262
-0.0033490595752003463
-0.0010805852041163224
0.5401106212516847
0.612614647788123
0.6469731662875997
0.6808633486577367
0.703245275405775
0.7189088936394822
0.7288558574869315
0.7402068853940666
0.7464429510182806
0.7536174404886842
0.7743752466758423
0.7934980544520747
0.8060842825625212
0.808128718790497
0.8054851502748013
0.8020499189488476
0.7850887532208857
0.7533461302919185
0.728740120433818
0.7090334720446343
0.690850797793804
0.6710141999590296
0.6813069344283086
0.6708139400583981
0.6565341997834608
0.6398743030219958
0.6306908750044116
