0.02422800158052423
0.033075945714392076
0.04284667412340131
0.05542553128097304
0.06081764097156214
0.06164852207076337
0.05128112015234765
0.042915693013710704
0.027406243089437534
0.03114409527582324
0.040867489819850514
0.06029954477210757
0.07692902685294434
0.08901826190197465
0.09583597333599234
0.09927866239026949
0.10205573641435335
0.10584069002427944
0.106180465167159
0.10709376670071587
0.10620372380198602
0.10701798282425708
0.11029892782738032
0.11088986783733076
0.12014637756407898
0.12680069722675497
0.12956737992073808
0.12464382624619046
0.12468821728693402
0.12004684660326881
0.12143319455023242
0.11825812902769933
0.11575872868849542
0.11793162293930987
0.13412308963068023
0.14454283870175316
0.17038371480857026
0.19636049610124845
0.22217043881574763
0.2301645118286586
0.2352619346769125
0.22446545328060852
0.22553131266892978
0.2303246425290561
0.2413785561894161
0.2575038019513915
0.2745488810526298
0.269554058517932
0.25655609248990335
0.23928199537703132
0.22964771108786242
0.21195807044934636
0.20470485695318305
0.19790799572077566
0.19688806060084857
0.19587638966097282
0.20238614996068768
0.20973267044100619
0.21789293768290244
0.21698639825272556
0.21109772262074786
0.20979584373112842
0.2191847733601406
0.22431142939890364
0.23139999923397492
0.23258265332424582
0.23004731056637492
0.21493041103731536
0.19975205335601062
0.18950323520192303
0.18560143915387073
0.18386675811013362
0.18921583907678946
0.20296790952488158
0.21111936804886305
0.21050541630971092
0.21327208785084856
0.21082379889572841
0.20307313537924943
0.20401125626962477
0.20892664119062648
0.21169799847646714
0.21599484636335495
0.21916891630698931
0.2188849131280858
0.2272372782335456
0.23385424644681602
0.2346830823749837
0.2376413553652619
0.24626764682853583
0.2515442140743818
0.25620848547361086
0.26430106722479724
0.26955773641809966
0.2630142898878682
0.2603107757592433
0.26244659546440485
0.2680020710227919
0.2757619610797031
0.2849162595102521
0.2892433655392179
0.2939669524530401
0.2944310185855033
0.29804834588351403
0.2999635925536453
0.30547398782931445
0.30239636266655767
0.3034644624489337
0.3019916366295126
0.30261525874121875
0.29985484175206273
0.3004837925947288
0.2983290400912038
0.2960295958621941
0.2987533817079939
0.3000857058992902
0.3065784487297545
0.3303005166205597
0.35825326253275397
0.38369606408615303
0.4099732749345796
0.4330580876862621
0.440563190346133
0.4390963388045909
0.43704859800907847
0.42842345407877735
0.4190147949036797
0.40621483666962727
0.39390904638865226
0.3776749034028268
0.37163323195353476
0.3635836211086117
0.35520776334947324
0.3557508631597425
0.3589430964342869
0.35713597857276974
0.3613086906090227
0.37428573082245953
0.3843105181011005
0.39968447080053876
0.4181353668088839
0.43556107800757166
0.4438403217967033
0.4528790876820302
0.45620888451297703
0.4566431709982144
0.45336412823635314
0.45245240214093124
0.4490329170427145
0.45160147662480654
0.450697010037376
0.450132622331765
0.45376597224173487
0.4635593230621939
0.47342916056225937
0.48931102596859405
0.5071408373464169
0.5235734562603227
0.5308991155910464
0.5285911440011775
0.5284680572980988
0.525311135534453
0.5221558664966535
0.5298665439355453
0.537518264607129
0.5355120167217428
0.5406985376744243
0.5345353963819297
0.523915375700059
0.5179312259937515
0.5159325658671114
0.5046185655599436
0.5018582414611834
0.49871748769658514
0.49529085681136537
0.4872822895492717
0.49559089478589663
0.49636280864130417
0.47660660640797126
0.453121802534621
0.4357172731741154
0.4012635847740991
0.3710842260571385
0.3671404051521004
0.37123762676807204
0.38230451444698643
0.39346120248983124
0.41542932807684113
0.4394690197988814
0.45699838772211654
0.47236942694795236
0.4937021163199925
0.5034428974543047
0.5111696092600749
0.5256022211699127
0.5357421289660439
0.5473634786262073
0.5721684879286072
0.5882831702087846
0.6017554159873013
0.6138159361035067
0.6223296915312454
0.6307497086882718
0.6390779851756595
0.6443307481807339
0.6430556882742748
0.6377760816889084
0.6292445965953171
0.6143012386944271
0.5968452369333561
0.5849635322179034
0.5805359216528837
0.5721824699498381
0.5781219139513116
0.5861994539429918
0.5918450453447298
0.6019512940121393
0.6075848745296413
0.5989483413270473
0.5908180565826512
0.579788882318681
0.5641530845472467
0.5503377083426549
0.540665205956758
0.5176666758867289
0.5066189168707804
0.5099176577048976
0.5166322313015775
0.5290141767788019
0.559959641274748
0.5823635922500233
0.5856949878782797
0.583717772275867
0.5747452117551816
0.5560076675175416
0.5430128530520008
0.528309758931749
0.5112101081652628
0.5036659099051377
0.5144963466029356
0.518561804359539
0.5211534424877006
0.527819225970332
0.5251967314230163
0.5051175291571339
0.49602912098066937
0.49400211966390667
0.489820424129711
0.5010379868105631
0.5172227654876602
0.524523071452799
0.48893289256405276
0.4434169493323546
0.39395966128624266
0.3285677359684572
0.2734803542292526
0.2632884619409594
0.2695091779700226
0.27371428132539216
0.292991194456533
0.30334467305942897
0.3129333699845011
0.31810355623847913
0.32423654707913435
0.33826180558477686
0.34998761767247955
0.3589272266273223
0.36970478256184236
0.37706407293420047
0.3797453576446137
0.38464775385086863
0.3890690636705729
0.3944095820624338
0.3943414138690181
0.3917134790680767
0.3838713801421635
0.37482707473055726
0.36569246252295556
0.35131491712157537
0.34138075214823727
0.3293406507681299
0.3189939577714172
0.29891954003863397
0.2895083371480035
0.27713415427731
0.27391168879221517
0.2788770482431816
0.29098027942409643
0.3053442599847577
0.3177535921994891
0.3293097812643182
0.3193046865670878
0.3089734157730471
0.29065174091207685
0.27249698483828205
0.2510128397858566
0.24392736557185737
0.23512323885318084
0.24060917090916492
0.2460466144680466
0.25334729349586094
0.2606002825443617
0.27426044437016844
0.2763042339971631
0.27743950088924635
0.2854141528712598
0.2919083996753636
0.290890515650739
0.30183930330785536
0.311263512175257
0.31824932280186363
0.32956003256854605
0.38982956461117524
0.4395130381841261
0.5027499610143239
0.5608907941656883
0.6104376463167593
0.6177019265841129
0.6196608440088519
0.6053386328931252
0.5794645749732955
0.5612087700002951
0.5526454591572711
0.544378655838263
0.5420121071946924
0.5548569417044694
0.5739964292468347
0.5791528391034978
0.585187441698078
0.5873747820373798
0.5869902570988468
0.5748221346947469
0.5616669770727346
0.5481767226898419
0.5484959895726041
0.5472865180462704
0.541955830008271
0.545154323754503
0.548351427058891
0.5411019659012543
0.5306426115436147
0.5237181466787612
0.5091961737272843
0.4968552910832562
0.49454058067972195
0.49534951087412654
0.49371844989540586
0.49125618207230043
0.4930471107483704
0.48681733989378884
0.4895908932006302
0.4908986109221184
0.498327836077548
0.49915262283765205
0.49591490953900386
0.48546347026679637
0.47725500660733444
0.4590155039030836
0.44176385498474874
0.4301220746091692
0.41790956648145333
0.4094299971399214
0.4087705218262357
0.40967582947495484
0.4104368585157849
0.41252095136518585
0.42382241400763265
0.43683152150712806
0.45185514907801505
0.4730521979446367
0.49300180647990577
0.506725201825064
0.5231892820366955
0.521134977909645
0.51582379374011
0.5092149003719648
0.4937607738345503
0.47459045653271803
0.482147156255928
0.4899187338901143
0.4976050185448552
0.5122660349350373
0.5342319247920614
0.5471221749552115
0.544756854089485
0.5453495733278096
0.5506781829222888
0.5397388630833196
0.5316115247618454
0.5329246416436564
0.5357431232336356
0.5358835995664565
0.5447015719933344
0.543678514094956
0.5332606609766146
0.4938851600636342
0.43721101272442614
0.36998988439235436
0.332152860742292
0.3152694783864441
0.32368326370902384
0.3416384940075303
0.35493248777170444
0.3614462499740422
0.35769439696690924
0.3449671632635501
0.34875117272556067
0.36118308413091904
0.36069815685507767
0.36071469448253457
0.3651762264888317
0.36630568559336085
0.37875526380832164
0.3886175989674555
0.3889295720252831
0.4000224605257225
0.39957977215029816
0.3956185840535368
0.3925821928407721
0.3976559819655037
0.38979394289904984
0.3855987226366604
0.39002967297772095
0.39768271968146696
0.4150431065449421
0.45084076067307116
0.4874793518997665
0.516621452277889
0.5496965095005323
0.5685736168476375
0.5746122762594678
0.5782683303159865
0.5791680062886507
0.5765472290209976
0.5838211594601838
0.5940036135298792
0.6076383020647605
0.6175395512875175
0.6337965428060566
0.6956089269349744
0.7538799157814492
0.7979512476688273
0.8503381393871955
0.8979424717998877
0.9004114924536577
0.896970073805994
0.9064426472130677
0.9163070977398527
0.9320238463285959
