0.8160483018387961
0.8215287220817021
0.8177241516567766
0.8132197887508604
0.806769689397444
0.7938299575309314
0.7913306867055802
0.7878924603264704
0.7891687677372882
0.7931036961989439
0.8015579112648723
0.8041869478260454
0.8120102956735955
0.8110401828527761
0.8109794765061876
0.8119497291291344
0.8181420361499727
0.8238293764818089
0.8268175609632469
0.8381985367504124
0.8463642015325313
0.8494995457370805
0.8482379770205982
0.854065854295209
0.8439236809395497
0.8401736615202354
0.8368377742676478
0.8433108000741532
0.8457003525699214
0.846087757141407
0.8443687218015518
0.8452016051668031
0.8434780581764402
0.8433107998429457
0.8533092994971448
0.8624787829941034
0.8674773582679665
0.8657168488776305
0.861163004650993
0.8563782815577864
0.8426968203894571
0.8187978397279467
0.7995992693533605
0.7837532786553698
0.7689079755398642
0.7526804238143655
0.7590663981721602
0.7499412328169679
0.7378760324842698
0.7237827040780831
0.7154247300467153
