0.020766461440001924
0.028382537587029886
0.03677915966518351
0.04757091965045059
0.05226133205604848
0.0530950653768879
0.04433913001259288
0.03724846495655863
0.023896526547903214
0.027235003887316006
0.03584052463484914
0.05304295797404806
0.06793919495009791
0.07897158039940246
0.0854200923479736
0.0889028980510389
0.09181306789035283
0.09565744268273854
0.09638459823116192
0.09763103058954906
0.09721556998177087
0.09835804540217315
0.10178468812907887
0.10271901924440835
0.11174609207317292
0.11838085846365702
0.12138551620003109
0.11713723334085131
0.11755179570049676
0.11350895063327328
0.11516778509105026
0.11247201806230793
0.11039778677360165
0.11278311072568485
0.12863350373016783
0.1389757672353991
0.16414510168430663
0.1894129546099673
0.21445403984721886
0.2224994075745274
0.22778687287380686
0.2179184219908737
0.21934413720119064
0.2243304334443005
0.23529973878561308
0.2510911561731322
0.26772110917505976
0.26339469145954125
0.2513941986521874
0.23519830624091098
0.22626232410875263
0.2094565155145397
0.20270630341247958
0.19636601490806357
0.195649654402383
0.1949331896954272
0.2015820252845479
0.2090483109108737
0.21730725857341984
0.21669600995235463
0.2111909777556611
0.21017078601690797
0.2196495868039189
0.22494059980530368
0.23215413950589334
0.2335750355830779
0.23134197601010942
0.21669600995235458
0.20189889421376153
0.19192290585235733
0.1882343860930374
0.18669671569910554
0.19223016093452688
0.20613880185916103
0.2144540398472189
0.21404628705906767
0.21700164489836046
0.2147598298646236
0.20721093977732635
0.20833386492250527
0.21343458827853767
0.21639035376536123
0.22087116982142238
0.22422873063348814
0.22412702538053123
0.2326616596040082
0.23945626002710266
0.2404693833391848
0.24360839659816666
0.25240416127333687
0.25785318201245355
0.26268988651484787
0.27093727456284283
0.27635768323546356
0.2700330318949836
0.2675199991841433
0.26983205656170317
0.2755552092567028
0.28347113291833514
0.29276514503150186
0.2972524011018985
0.3021310652209674
0.30277764430511744
0.3065548466578102
0.3086401832999587
0.3142928813081076
0.3114183245030889
0.3126577088856486
0.3113687379507201
0.31216201869873855
0.3095830634101371
0.3103768317163098
0.3083920064081203
0.30625682099302565
0.30913647403849154
0.31062484026560117
0.317263531304429
0.3410124421885334
0.368769205658351
0.3938519974975621
0.4195449977848334
0.4419596327490729
0.4493401911268212
0.4481277549253698
0.4463542498899309
0.43825805681563024
0.4293722846128637
0.41716103016953854
0.40536537555776486
0.3896607362993451
0.38388637410496207
0.376115501346444
0.36799302686268054
0.36867219730489365
0.37196821959514476
0.3703207913606806
0.37458231484836935
0.38751156008743687
0.397494095395878
0.4126649400475663
0.43073844375843473
0.4477078730085251
0.45580797615945434
0.46460997641398766
0.46793358593882506
0.46848687997662597
0.46548767885110637
0.4647485912113311
0.46160386137323833
0.46419406295621585
0.46345440893197687
0.46303821150951957
0.4666418532655678
0.47612183978585204
0.4856380439929156
0.5007987143476567
0.5176835796699112
0.5331336379186504
0.5400466808909938
0.5380249367675868
0.5380249367675868
0.5352069210708144
0.5323829365432141
0.5396513667123392
0.5468361060132138
0.5450874030970538
0.5499777630174002
0.5443872566262395
0.5346337813287887
0.5291545823164706
0.527382361920895
0.5168797516889808
0.5143760407559957
0.5115092798513916
0.5083672292361028
0.5008890434722525
0.5088165097947476
0.5096248657032426
0.49101129850452324
0.4686712704499724
0.45199532695556505
0.4185500536909405
0.3888580477222715
0.3850087474478503
0.38914647270254854
0.4001737493915784
0.41123851714661724
0.4328093524190611
0.45617949595212204
0.4730904993367655
0.48782600742078375
0.5080975940415693
0.5173263790683107
0.5246308824006082
0.5381568842647503
0.5476222457603168
0.5584040201356922
0.5811299766891985
0.5957274561976679
0.6078129507169414
0.6185299737261393
0.6260456503764751
0.6334228638561645
0.6406628208904696
0.6452189344225753
0.644181824924988
0.6397007450900479
0.6323724585501167
0.619349669604336
0.6039106957796333
0.5932938986601127
0.5893383260334437
0.5818092186208155
0.5872285151767783
0.5945533150669507
0.5996598999453646
0.6087241360933181
0.6137624815045385
0.6061126958757277
0.5988662046380357
0.5889588557348338
0.5747851481937032
0.5621642720796824
0.5532855336393782
0.5319853369791269
0.5216958549115069
0.5248085631556114
0.5311013618014723
0.5426352312771998
0.5711500258165221
0.5915282734178736
0.5945533150669507
0.5927897245894972
0.5846914670308538
0.5676325535240011
0.555717272978731
0.5421530094650482
0.5262735567929727
0.5192452703865701
0.5293759478194431
0.5331777836995455
0.5356035660929943
0.5418021906581072
0.5393877579811911
0.5207161357209728
0.5122265060985967
0.5103430268149334
0.5064337466808853
0.5169690885018365
0.5320737024990371
0.5388603813825397
0.5056686426028119
0.46248312277093545
0.41447029004406954
0.34909344934610104
0.2924657643659168
0.28186944686506754
0.28837136205315417
0.29276514544522664
0.312756836752658
0.32344236283359223
0.3332997624283044
0.338607732723102
0.34488472144922194
0.35914607260503395
0.3709992853165337
0.37999463688801804
0.3907801608403783
0.39811646123880656
0.400795324237734
0.40566587196393716
0.41004906166005706
0.41532488725736394
0.4152774192944272
0.41271247000864736
0.4049980426619797
0.39605716876110586
0.38698235622517757
0.3725978094539108
0.362601254416496
0.3504133481019796
0.3398839775801489
0.3192916881403228
0.3095830632044239
0.296754139101181
0.2934137054805095
0.298597304025939
0.3111703836756941
0.32600871871000486
0.3387550234098143
0.35055996063191686
0.34037467472218674
0.32980448604652735
0.3109224222834698
0.29206654493479345
0.2695808213860036
0.26213601302774825
0.25285855489470654
0.25865975197732755
0.2644013114932857
0.27209234766955315
0.2797159436587273
0.2940122571038771
0.29615611817862475
0.29735204408313404
0.3056606796329066
0.3124098744252054
0.3113687379507201
0.32270162421106063
0.33241406682575014
0.33958951474275934
0.3511463246066588
0.41147632440748383
0.4596122800962852
0.5189330704828989
0.5720491626273236
0.6165188734410146
0.6229483052796734
0.6246612101236372
0.6119069597362065
0.5887058031920204
0.5722203488758784
0.5644493258135121
0.556931364329782
0.5547625114025184
0.566386078181603
0.5836326705724564
0.5882417241095713
0.5936298852518707
0.5955597994519233
0.5951824771815312
0.5842257190610383
0.5723487224248212
0.5601343053637043
0.5603936378698892
0.5592694672196507
0.5544151442090558
0.5572780296280636
0.5601343053637042
0.553546303315171
0.5440370411525645
0.5377170080672404
0.5244531787898892
0.5131225367077982
0.510971125923349
0.5116886196265017
0.5101635197278142
0.5078728604344364
0.5094901707346274
0.5037316054564928
0.5062537581426925
0.5074232893351232
0.5141970358076248
0.5149129207449658
0.5119127633682711
0.5022884425729878
0.4946889559403117
0.4777270794787946
0.4615112810820992
0.4504586287158376
0.43877391373017877
0.4305971628190598
0.42993771132740977
0.4307855352546496
0.43149176491870234
0.43346780026537446
0.44425177710286584
0.4565509368278737
0.47060613682723806
0.4901928477244384
0.5083672290498024
0.5207161357209729
0.535427294136998
0.5334867640590037
0.5286231578827149
0.5225859122660521
0.508546957853274
0.49101129850452324
0.4978148076518163
0.5047680111852358
0.511598952339052
0.5246308824006082
0.5440370409710407
0.555283381090651
0.5530247093689804
0.5533724628318508
0.5578844596488628
0.5480587811958237
0.5407052731299593
0.5416706090334942
0.5439494721962379
0.5438618976786371
0.5513715656157008
0.5502392177685903
0.540880841737474
0.5059387247155919
0.45432110179850393
0.39001151925864075
0.35222096777874246
0.3349719392706193
0.3434149218711113
0.36138520605219593
0.37448554914642396
0.3807667705369065
0.3769034587412731
0.36410829669519346
0.3677018937045581
0.37980156211830535
0.3791256700782619
0.3789325207167772
0.38308157726063274
0.383949010904531
0.3957696668544429
0.404950332364835
0.404950332364835
0.415135008424943
0.414375311929283
0.41028700852856215
0.40704854309629307
0.4114287650772482
0.40361399488059163
0.3992171212629882
0.4029455030596765
0.4096206869290013
0.42507900223783457
0.45636522652336764
0.4868235700720725
0.5098044392571707
0.5350746800717244
0.5485824269811647
0.5518068139965159
0.5530247093689804
0.5519808711778101
0.5481460704518287
0.5516327325951302
0.5570180399349892
0.564621608044314
0.5690922825566505
0.5778128799651192
0.6225400295331732
0.6751558368716045
0.7194138015548374
0.7667192785387974
0.801225113984058
0.7997865467236692
0.7934149247210911
0.7963278256618976
0.7989714047057274
0.8053275187778076
