0.8192042816466814
0.824672781582603
0.8208766252406587
0.8163814151165132
0.8099429544905655
0.7970216722550203
0.7945252520355829
0.7910905871829824
0.7923656206361158
0.7962962622740852
0.8047393705602417
0.8073644056762257
0.8151742341479883
0.8142059320842991
0.8141453377617857
0.8151137817893952
0.8212936165536389
0.8269680353343324
0.8299488444413963
0.8412978113336702
0.8494364178473066
0.8525603981700429
0.8513034690602719
0.8571091383841506
0.8470043617446162
0.8432667176187953
0.8399412154431264
0.8463935551752101
0.8487749039430114
0.8491609488194181
0.8474478835240664
0.8482778947576115
0.8465602492193824
0.8463935549447812
0.8563555797159637
0.8654863612086274
0.87046153933174
0.8687094639121817
0.8641764644062251
0.8594121927707928
0.8457816330691676
0.8219480031182722
0.8027835381507638
0.7869551531137111
0.7721186830827276
0.7558931621584679
0.7622792375840216
0.7531535837968452
0.7410843227054583
0.7269816599985789
0.7186159636302293
