0.18384196815938322
0.2482678147491919
0.28874736786326094
0.3229588851340409
0.3631298243056624
0.3525909661867709
0.3666124175732658
0.37258409791967917
0.37820198599600285
0.3721634413849896
0.3821339441945023
0.38798567869260603
0.3919810508683847
0.39279463078081733
0.40827839020014806
0.4096567997318973
0.40919498583674574
0.4136927421173559
0.4122444855075316
0.41632924101533125
0.4153895313376611
0.41779246282026017
0.41912463840998804
0.42495939387563214
0.42148369310926787
0.4208249566130484
0.416492494853599
0.42098185059589843
0.4214071952744569
0.4198998125386907
0.4208088620297107
0.4185736378705305
0.42267378942745354
0.4225755062388319
0.42254132483100315
0.4218941089051945
0.42278853754873313
0.4228187525346727
0.42899406093167736
0.4292590400366537
0.43381265113003964
0.43217314144480773
0.4364933934956052
0.4353201156408706
0.43606092892324444
0.43331545201110677
0.4373090734166614
0.4373569040538259
0.4375824560586408
0.4378091965575067
0.43392029649437003
0.43705434271021215
0.4364004987550099
0.4382278878013328
0.43895900179008523
0.43955360147037237
0.4395683580382568
0.435622291944764
0.43960983237257106
0.43570147798026027
0.43974835754523783
0.4385638310386744
0.4383060631771542
0.4353661098830015
0.4397730164683448
0.43896822546133574
0.44128839890410065
0.44094977254282997
0.4415548354361931
0.4400084226049613
0.44075008822066086
0.4392068251135511
0.4387849277704257
0.436997916260899
0.4405034101588382
0.44069820488952616
0.4403350783532002
0.4412913269142078
0.4372011207523956
0.44125410157155065
0.44052652282343807
0.4375325026520782
0.438183351928101
0.4407270676231578
0.44045394461275056
0.43847919796556134
0.4403758206696004
0.4403648365109854
0.44126177132678573
0.4412090454100147
0.4406339569530292
0.44061297348586087
0.4405197497115537
0.44073081336754616
0.4401320193653713
0.43922325132761264
0.43627273798800326
0.4406755654185103
0.4406629189235913
0.4401290632349804
0.44837784124533053
