0.8604023628864133
0.8690469920944853
0.864631134248351
0.8595150635890805
0.8519589919636925
0.8359506565453325
0.8346236810540735
0.8325686734440889
0.837526011052298
0.8475698095503239
0.8673188253936128
0.9105590761202127
0.781653464016482
0.79968019069823
0.8024248425200099
0.8046014502088518
0.8133006004966452
0.8213934108991673
0.8259602427565149
0.8424952752386682
0.8549824312042666
0.8604245137599186
0.8594657802184027
0.868880683658079
0.881641919146859
0.8802427994719556
0.8773350952973054
0.8881718614165599
0.8923664416661149
0.893124290405456
0.8904168193945698
0.8914182851167377
0.8885260446673433
0.8880511611161488
0.9032298151526108
0.9177381037415824
0.9261311092041637
0.9239226699922591
0.9174499335042727
0.9108025320971915
0.8906365494416895
0.8562367953726238
0.8298392504752009
0.8086833498241704
0.789197044089665
0.7681707625807059
0.7762266446734333
0.7641402127456031
0.7483939827068677
0.7303480295412587
0.719588013291965
