0.023155686234588548
0.01885032253102959
0.018025446896242074
0.01808461515180028
0.03304375238311791
0.05359603373330665
0.06805398066140328
0.07635494455886258
0.07711369102713794
0.07719374222053785
0.08362220344311734
0.09252877212802625
0.09814976009569303
0.10578595054018473
0.10633934818800998
0.08777094490788366
0.08029485685019175
0.09244524017167959
0.10063830882196345
0.11298708005294748
0.13855474458335335
0.14966446198068273
0.1526333182773123
0.1497271107942078
0.14351792021398635
0.12769562203016468
0.11475516783363894
0.11696527766199316
0.10726167739607222
0.09903032342807186
0.1096632140179888
0.1113477702522933
0.10843808241620176
0.13328180523808186
0.1575025208926375
0.16789873846032166
0.18667945147185203
0.18231143895476798
0.16460619683212555
0.14871428892382482
0.12266283667505261
0.10596345551183921
0.10772110202858967
0.12023693655732745
0.12386012442804402
0.15604071585865792
0.18340779237153787
0.20844642254494727
0.2303526136819402
0.25430533170252057
0.27036430311355497
0.27426244973418057
0.27674055719651
0.2882435698548648
0.28928771613201026
0.29074952096101
0.2942752552584519
0.29934632613626033
0.2801827595376052
0.27060445669375455
0.25120073651489977
0.2326740991104568
0.2226850988306859
0.2274498867568026
0.2468431656717164
0.27957715475015554
0.3166547928498702
0.3437503913757879
0.3696208582999186
0.3766653657788685
0.3810890659935439
0.3729621267147521
0.3640242336230805
0.35508634053140903
0.3444395279146043
0.33151995665592027
0.3222966635503987
0.31008015085741886
0.30694771182100244
0.3250880150803538
0.34314130603037135
0.365068380105206
0.37599711238287364
0.37891028077693206
0.35975367508923095
0.33535893502098774
0.3159343316993113
0.3009090653014815
0.313661573057432
0.3402942668028251
0.36684690935481823
0.39456551525304023
0.4352872239563333
0.4398501436199668
0.4409987045863208
0.43998588251095794
0.43634181170239966
0.42591426993293274
0.439613470597734
0.45323610042212226
0.4833562431472407
0.5328731451402601
0.5837161128663081
0.6244517435964889
0.6660609769530744
0.6741217870653542
0.6445759249259027
0.6208181142568514
0.5850038934866001
0.5187980517992882
0.4600230519409976
0.4235475382757457
0.3861148906426819
0.3462981085625964
0.33624994002726716
0.34671576711445057
0.3637875603958679
0.35551095999421717
0.37266280446903444
0.4051253153555315
0.42919985044519515
0.4158904646884325
0.4205055916966701
0.39857155671088157
0.36103797494657613
0.3172673587532536
0.28783635277193137
0.25230057089959634
0.23374260929337068
0.24679095853209204
0.26193456144103816
0.2800226571508054
0.31334832919478633
0.3586956065802178
0.36473077254177183
0.3739923509650098
0.3980146787100693
0.4029047642632362
0.39516763948252304
0.42513464073179563
0.45425936376142595
0.49084625302684054
0.5304646471974298
0.5628471070955068
0.555207436093048
0.5492940872005775
0.5349127111128936
0.5160345445280886
0.47527106974413225
0.43226616072505913
0.38453126853961894
0.3402072544934913
0.33633695192664126
0.3312902443396616
0.33200374437428665
0.3572059576974425
0.3720223949218352
0.351494477067455
0.34665659885889244
0.3668503899127851
0.35724772357312595
0.3427793351761085
0.3460753571572916
0.36852798482617594
0.36553824559170467
0.35909934290020434
0.3579368599069625
0.33235179320166175
0.3032862384275895
0.27121702259713804
0.25236669986112864
0.2581617124474628
0.2968995430806934
0.3257980345570119
0.36903961680329767
0.39849498628042845
0.40896429392557865
0.39543563732147813
0.3815832951808311
0.36298008714095514
0.3652528457828345
0.36583408727945543
0.37046313631458083
0.382157575766498
0.400395332599124
0.4055951816619495
0.3971828423693077
0.38820318340195287
0.3749564464587152
0.35712242615105555
0.3581317676684515
0.38349060261546053
0.4080176012217079
0.4317928142706338
0.45540444437479305
0.460012610267097
0.4568210029751223
0.4476359953922972
0.43536379500172606
0.4305850850487215
0.4445870881072475
0.4620382546228025
0.49022672641748294
0.5154846272332504
0.5305272962159349
0.5363640744729726
0.5526562385532526
0.57632703691297
0.5974292353530171
0.6208668410434889
0.6457279664502236
0.6480598933476611
0.6553654375496324
0.6738607505473128
0.6997416589403642
0.7096366859998476
0.7251735841698191
0.738535177476166
0.7535848071648246
0.7651783124855002
0.7892006404355394
0.8201595806173534
0.8428767253622461
0.8518320208337925
0.8587373088637842
0.8553542745732673
0.8396085470248787
0.8172359705493941
0.797414591818685
0.7872585280361807
0.7870462180997966
0.7960815649697226
0.8026562065522143
0.8236226658962902
0.8364621859615744
0.8492286157444126
0.8644835942535214
0.8964414346887901
0.920505528309533
0.9363730727220251
0.949929573379901
0.958905751789289
0.9547639710304968
0.934726802010417
0.9172373501771456
0.9045753350835157
0.8891602539826275
0.8759518023571065
0.8902148419336737
