0.021955022407452826
0.017872899527299257
0.01709079517238405
0.01714689544785979
0.03133037460638952
0.050816983338099454
0.06452525980878232
0.07239580385251465
0.07311520795670735
0.07319110835227469
0.0792862423404159
0.08773098947810173
0.0930605191466203
0.10030075943222079
0.10082546242029662
0.08321986412553126
0.07613142463106541
0.08765178880338409
0.09542003216185944
0.10712849747504823
0.1313704327813232
0.14190409142256402
0.14471900719990974
0.1419634917828388
0.13607625886130797
0.12107437519247888
0.10880490673583014
0.11090041840898314
0.10169996720607172
0.09389542369221222
0.10397697985049677
0.10557418882526359
0.1028153735177449
0.12637090479041233
0.14933573293383362
0.15919288799021525
0.17699978737634423
0.1728582641359159
0.15607107054580116
0.14100318654145055
0.11630254877697255
0.10046906045299929
0.10213556984808671
0.11400243592765691
0.11743775501438607
0.14794972511047624
0.17389776966331918
0.19763810199205767
0.21840841786186804
0.2411191445288977
0.2563454294939811
0.2600414502266999
0.26239106337624457
0.27329762421442655
0.2742876296359521
0.27567363726495825
0.2790165559208275
0.2838246826860693
0.2656547813573962
0.256573130680683
0.23817552816530793
0.2206095301107257
0.21113847739613012
0.2156562025295961
0.23404390517927667
0.26508057826344267
0.3002356743831464
0.32592631756914997
0.3504553544224017
0.35713459156454225
0.3613289149956473
0.35362337208224576
0.3451489247644225
0.33667447744659923
0.32657972114346984
0.3143300528069127
0.30558500397740523
0.29400193936001273
0.29103192290108465
0.30823161892832374
0.3253488143903974
0.3461389303802994
0.3565009883046652
0.35926310369698294
0.34109980234355664
0.3179699732641558
0.29955257043433786
0.2853063910250856
0.2973976584009101
0.32264939924880226
0.34782523970112705
0.374106586210728
0.41271680134290123
0.41704312544504935
0.4181321314670328
0.4171718260312934
0.4137167068244726
0.4038298517823049
0.41681872434314643
0.4297349963988683
0.45829335574724556
0.5052427176357511
0.5534493863726675
0.5920728016496856
0.6315245216914
0.6391673643540792
0.6111535081138693
0.5886275825029106
0.5546703932600454
0.4918974431076124
0.43617003231901413
0.40158583940281634
0.3660941416302581
0.32834193105421616
0.31881477806414477
0.32873793326169665
0.3449245234681682
0.33707707962932654
0.3533395702313654
0.3841188417543408
0.4069450690571209
0.39432579880277296
0.39870162320515
0.37790490724000125
0.3423175089517842
0.30081647764669794
0.27291152206699176
0.23921833416621285
0.22162263612584454
0.233994405073399
0.24835278503360267
0.2655029805662615
0.29710065679388753
0.3400965965828349
0.3458188283740349
0.3546001773589265
0.37737690436147775
0.3820134302154932
0.37467748921988253
0.4030906477523719
0.4307052017003022
0.4653949951922049
0.5029591046273768
0.5336624759491362
0.5264189355787364
0.520812204423287
0.5071765284577238
0.4892772286407349
0.4506274130740272
0.40985238565402904
0.3645926331711502
0.32256689868363686
0.3188972782406076
0.3141122514859052
0.3147887552651157
0.33868418866413913
0.3527323670668268
0.3332688585400075
0.32868183298622095
0.3478285397859261
0.3387237889043223
0.3250056123735937
0.3281307297084554
0.34941914839674354
0.34658443249930626
0.3404793984511193
0.3393771922842909
0.3151187571370747
0.2875603034646201
0.2571539339442346
0.23928103422258407
0.24477556502143336
0.281504769716662
0.3089048226227352
0.3499042513389875
0.3778323071235843
0.3877587624059351
0.3749315908906255
0.3617975175138961
0.3441589191485456
0.34631383118197334
0.34686493426538756
0.35125395881260946
0.3623420206220635
0.3796341170801625
0.3845643446507528
0.3765882002256671
0.36807415266766064
0.3555142827735873
0.3386049883781241
0.33956199372906454
0.3636059276400724
0.38686115741526944
0.40940358306152064
0.43179090783183804
0.4361601320646172
0.4331340153302133
0.4244252668504413
0.41278940204237213
0.4082584767640613
0.4215344508718795
0.4380807431304474
0.4648075921477578
0.48875582554310676
0.5030185051820029
0.5085526360266841
0.5240000222032227
0.5464434472490158
0.5664514588840025
0.5886737827183406
0.6122458142206518
0.6144568265295554
0.6213835651728408
0.6389198630472855
0.663458799960583
0.6728407521347666
0.6875720342919115
0.7002408050408397
0.7145100844606312
0.7255024457544265
0.7482791729513288
0.7776328366051148
0.7991720566849958
0.8076630040381115
0.8142102405092089
0.8110026226091818
0.796073339251121
0.7748608209584
0.7560672162355445
0.7464377625602162
0.7462364612745013
0.7548033092175357
0.7610370438519668
0.7809163547063582
0.793090122647348
0.8051945901680172
0.8196585707039258
0.8499593398429578
0.8727756670856921
0.8878204508851522
0.9006740226901514
0.9091847701633587
0.905257748159139
0.8862595422601207
0.8696769498461687
0.8576714829259574
0.8430557014045631
0.830532131665874
0.8440556070804857
