0.021344420517785026
0.01737582755794854
0.016615474690604877
0.0166700147338212
0.03045903020128577
0.04940368730598393
0.06273071618047912
0.07038236866597807
0.07108176507000527
0.07115555456246807
0.07708117379166857
0.08529105992742314
0.09047236743400333
0.0975112458481381
0.09802135606422364
0.08090539569321038
0.0740140962640012
0.08521406194149114
0.09276625887623458
0.10414909432156606
0.12771682528258874
0.13795752718017013
0.14069415595507034
0.13801527552790954
0.132291775326851
0.1177071163980729
0.10577888014268605
0.10781611251355905
0.09887153956875348
0.09128405204004021
0.1010852250984218
0.10263801331150196
0.09995592476876414
0.12285634161520637
0.14518248366666953
0.15476549655218585
0.17207715953124092
0.168050818223665
0.1517305015029113
0.13708167780629368
0.11306800158597108
0.09767486616673314
0.099295027452176
0.1108318583025332
0.11417163604628214
0.14383502278625443
0.1690614135533207
0.19214149186308133
0.21233415429743913
0.2344132618132212
0.2492160811038107
0.2528093099922869
0.25509357689884105
0.2656968100275824
0.2666592819230679
0.26800674261453694
0.2712566897210998
0.27593109531611754
0.2582665260194718
0.249437449581199
0.23155151180716493
0.2144740503346446
0.2052664017094346
0.20965848217480143
0.22753479541315833
0.25770829236921616
0.29188567287908035
0.3168618209948885
0.340708668781039
0.34720214638511837
0.3512798194313875
0.34378857914890665
0.3355498188392823
0.32731105852965797
0.31749705244213
0.3055880656359896
0.2970862296459609
0.28582530731620837
0.28293789144080556
0.29965923829121216
0.3163003790401097
0.336512290923714
0.3465861645760694
0.34927146142333027
0.3316133085467848
0.3091267544812496
0.2912215670690229
0.2773715951382419
0.2891265863504105
0.3136760386561653
0.33815170146945717
0.36370212456919043
0.40123853208310395
0.40544453466505226
0.40650325380677016
0.40556965589620825
0.4022106287032128
0.3925987418327728
0.40522637449218696
0.4177834257747153
0.44554753459306295
0.4911911647653446
0.5380571342089931
0.575606374752053
0.6139608836699958
0.6213911674891602
0.5941564183361445
0.5722569722836809
0.5392441830753363
0.47821704220844
0.42403949375668276
0.39041713878149736
0.35591251801233525
0.3192102526692821
0.3099480640008558
0.3195952414652656
0.33533165847747093
0.3277024637457416
0.34351267025040977
0.3734359243662634
0.3956273202730012
0.38335901072917006
0.3876131369342345
0.36739480863053003
0.33279714891965867
0.29245032313838215
0.2653214459562221
0.23256531581923595
0.21545898036179198
0.22748667197898825
0.2414457239962019
0.2581189470345462
0.28883784480065944
0.33063800343320676
0.3362010914312472
0.34473821801524585
0.3668814902988675
0.3713890674597132
0.36425714991492303
0.39188009616844527
0.4187266482209543
0.45245166686247235
0.48897106243768396
0.5188205272500209
0.5117784405313629
0.5063276409242782
0.4930711934266688
0.4756696998104276
0.438094793209075
0.39845378006297966
0.3544527687409644
0.31359583255465623
0.31002826972447267
0.3053763216942784
0.3060340108952896
0.32926487668344495
0.34292235431070733
0.32400015495977874
0.3195407014220493
0.3381549097739803
0.32930337558193795
0.31596672198281955
0.319004925147671
0.3397012811890681
0.3369454029649214
0.33101015901109776
0.3299386068402334
0.30635483492343346
0.2795628229141407
0.25000209984050087
0.2326262720936063
0.23796799180320446
0.2736757025834331
0.3003137191877002
0.3401728926956068
0.3673242276315365
0.37697461340046934
0.36450418463955025
0.3517353894153107
0.3345873467548506
0.33668232747346305
0.33721810355889525
0.341485062793106
0.35226474908064265
0.36907592656823546
0.37386903716325515
0.3661147212003698
0.3578374619922525
0.34562690079616076
0.32918787907540514
0.33011826868144395
0.35349350496105586
0.37610197214216995
0.398017459339357
0.4197821592470953
0.42402986884311356
0.4210879129244944
0.41262136771738156
0.4013091136489359
0.3969042001544226
0.4098109496389646
0.4258970648531835
0.4518806003720164
0.475162797709919
0.4890288109743695
0.4944090293935146
0.5094268007413923
0.5312460406923469
0.5506975997086074
0.572301887602274
0.5952183457823856
0.5973678665442144
0.6041019622638747
0.6211505495625254
0.6450070220732991
0.6541280481769
0.6684496314252736
0.680766064781167
0.6946384942767715
0.705325141622599
0.7274684140951666
0.7560057086210582
0.7769458908936134
0.7852006923479611
0.7915658404163612
0.7884474311500007
0.7739333534091624
0.7533107868602279
0.7350398602902104
0.7256782160710286
0.7254825132740407
0.7338111044097972
0.739871469594777
0.7591979071909355
0.7710331045046132
0.782800928745928
0.7968626444294743
0.8263207040257275
0.8485024752078422
0.8631288411506902
0.875624935969902
0.8838989868734961
0.8800811812031083
0.861611343720526
0.8454899379123372
0.8338183609172547
0.8196090660598369
0.8074337954577151
0.8205811628688917
