0.8569232386995463
0.8620695074548893
0.8658085977966596
0.869422451398639
0.8693216626194689
0.8617294013252351
0.8575009152630574
0.8623417101580831
0.8673471078640455
0.8663556529701385
0.8692809492224951
0.8689220290479466
0.8571091825111059
0.8410735585459913
0.8335188824888354
0.8320053398098335
0.8336012209017983
0.8361896945079254
0.8496260111472403
0.8584559472156837
0.8514186624197077
0.8466817354639661
0.8459065390041117
0.8408124961169497
0.8402259855810663
0.8530151988607959
0.8706869736414555
0.8843028709360633
0.89584499809317
