0.026092205346333327
0.021241664376632052
0.02031227624297294
0.0203789417646522
0.037229860045120466
0.06036302302479307
0.07661788008377216
0.0859416170142022
0.08679348685227936
0.08688335929362107
0.09409813826274328
0.1040859008506454
0.11038390310257898
0.11893268263569484
0.11955188129391045
0.09875174798080487
0.09036438929863568
0.10399227585054005
0.11317078302189974
0.1269863496161933
0.1555097588379755
0.16786496532497985
0.1711622791025342
0.1679345647866344
0.16103247450436126
0.1434096693366275
0.1289625018922973
0.13143197142302507
0.12058377538010089
0.11137013015185492
0.12326998014637197
0.12515367902799054
0.12189973812828232
0.1496370312567707
0.1765660176372036
0.1880855215026447
0.20882892505273026
0.20401243844922093
0.18443994709271072
0.1668092717920167
0.13779435016525682
0.11913129865025267
0.12109772721932481
0.13508606309205537
0.13913062991102085
0.174944288247718
0.20522182629346145
0.23275301913532395
0.25668870559209345
0.2826809667089949
0.2999931658296882
0.30418091612007975
0.30684008181609085
0.31915187540228857
0.3202668118980699
0.3218269777032108
0.32558634750370474
0.3309844284552362
0.31052980699646743
0.3002513292314825
0.2793232360573617
0.25921635132686016
0.24832788479571594
0.25352573127187084
0.2746046092459665
0.3098809913740153
0.3493265610926895
0.37777081236540355
0.4046006434900416
0.4118477681703326
0.416385466123895
0.4080412219603521
0.3988248473457847
0.3895680101400076
0.3784897687155214
0.36497364986220304
0.35527698178931594
0.3423745566652585
0.33905569197954183
0.3582156946957159
0.37713518142745583
0.39990363207674984
0.41116140136993407
0.4141518203607656
0.39440688636608484
0.36899809771274167
0.34856567658751303
0.332645770811147
0.34616389550259236
0.37416170893849654
0.40173988616615264
0.43014494508823276
0.4711061806807832
0.47563570724082277
0.4767738860157785
0.47577026070660705
0.47215416176072306
0.4617628783266446
0.47540107449559194
0.48885069055068386
0.5181748084968062
0.5650701799000845
0.6113896540373005
0.6470601789585593
0.6820875747927527
0.6887022626813305
0.6641835257443244
0.6439326533281714
0.6125374325060825
0.5519129430413573
0.4955086431226852
0.4593954457511513
0.42152824189602406
0.38042763323029216
0.36993116438191737
0.38086287902236976
0.39858024595734814
0.3900086835982757
0.4077332383807315
0.4408573519886998
0.46504398284373677
0.4517138004794598
0.4563478010521229
0.4342161340378205
0.3957364802737685
0.3499733154924625
0.31871693026937153
0.2805131394600469
0.26037915573565396
0.274548035998672
0.29091746698739057
0.31035829510977453
0.34583269065462396
0.39331088158950406
0.3995548853070357
0.4091009021552817
0.43365072763766566
0.43860984341485054
0.4307574231100865
0.46098338022716473
0.4898563451869618
0.5253754865042032
0.5628287345500356
0.5926116412807538
0.585654925816699
0.5802403748825088
0.5669650276730316
0.5493132350968515
0.5103605375157911
0.46810036516049214
0.41990922016484417
0.37407077171407704
0.3700222638758028
0.36473262228163805
0.3654811881775505
0.391766874938046
0.40707414186027285
0.3858367868765881
0.3808012243704459
0.4017434781110015
0.3918101799281412
0.3767573507054109
0.380195467489115
0.4034740399357976
0.4003889042023253
0.3937291596419231
0.3925245862371125
0.3658462565873538
0.3351709548960285
0.3009097336142813
0.28058467022151434
0.28684695709159547
0.3283812022754936
0.3589626332676395
0.40400153904604663
0.4341384010925098
0.4447364154933222
0.431029965522081
0.41689179089668454
0.39774551039770684
0.40009415966225825
0.4006943887958565
0.4054684986136922
0.41747996376310337
0.43606664210906276
0.4413325690553583
0.43280583396980865
0.42366116213342064
0.4100920634002277
0.39168026256675953
0.39272659815168487
0.4188445631036607
0.44378060830127397
0.4676289151990309
0.4909809484179755
0.49549842207688544
0.4923710432759303
0.48333547560905515
0.4711822944529882
0.46642542225323486
0.48032467818397834
0.49747997931640164
0.5247813046080441
0.5487952762616349
0.5628870908505603
0.5683115854669221
0.5833221006501397
0.6047790704633551
0.6235453106932956
0.6439746648334929
0.6651535252116317
0.6671135349749221
0.6732240360749154
0.6884889440045082
0.7093459215488709
0.7171616571955162
0.7292533991597369
0.7394735221744282
0.7507839158193723
0.7593498042970362
0.7766845774564498
0.7981836825605947
0.8133428214969175
0.8191727426406645
0.8236111639422156
0.8214429107321838
0.8111945649635846
0.7961945525745957
0.7824818972147155
0.7753041086905532
0.7751529718096019
0.7815456055448537
0.7861463604182657
0.8005286420805355
0.8091159855002942
0.8174864946740547
0.8272666184404391
0.8469591995355744
0.8610639826308876
0.8700186887960589
0.87744892125224
0.8822561216348599
0.8800491751615945
0.8691025164095528
0.8591853259838107
0.8517969657412182
0.8425682251618225
0.8344581715130757
0.8432077231695045
