0.01251954543798665
0.015020564754180806
0.01752330233594109
0.020026356801434872
0.022540020590838653
0.025084591919704278
0.027644438421824888
0.03019327266263024
0.03270102967193864
0.035204567496077054
0.037751562705417734
0.04032769770085618
0.04288475921969198
0.04547176609072658
0.04798138122247867
0.050298948256342305
0.05274613636065041
0.05534514680662565
0.05792895460381253
0.060581091314192634
0.0635131447722208
0.06626020493938042
0.06883494335330831
0.07126775719444045
0.07362965663940867
0.07582475709892342
0.07812656646674844
0.0806609643015143
0.08303497989001982
0.08544538669752466
0.08807091548860564
0.09059569629687585
0.09306158167274109
0.09594959769145248
0.09899513777130606
0.10178919928562204
0.10491685126684025
0.10726270152678134
0.10920209288018753
0.11129246135869379
0.11328688786026879
0.11555882363033182
0.11808306864922258
0.12075816203690029
0.12331825459601473
0.1264905321735384
0.1298287625016971
0.13334926901024358
0.1369679614605145
0.14095916127261587
0.14463088059817827
0.14743950239877848
0.1501413763024314
0.15361495715865378
0.15621003306030953
0.1588430465094235
0.16166499616340707
0.16464031288274045
0.16544174703053907
0.16717676129450668
0.1682828664552957
0.16963894330116022
0.17159449229844678
0.17435268938057594
0.17800933372040176
0.18291283619403093
0.18890385355348416
0.19453178455614473
0.2005157719277214
0.2040557296078353
0.2072300688189201
0.20851181551119438
0.20973178734259795
0.21101324329553212
0.2121392800971224
0.21308199052069596
0.2145429492812049
0.21575468818142776
0.21794253526351165
0.22236123367402544
0.2269952776423775
0.23240578368151457
0.23649512325558478
0.2394369177882577
0.2391769440841575
0.23856354965539173
0.23888834004473014
0.23988014510463998
0.24365631259496168
0.24917113435906238
0.25518489045213905
0.2619368145454168
0.27185720051108336
0.2752838083607341
0.27802236333947716
0.2803176467853079
0.2820810845064222
0.2825350899854606
0.28775059973688943
0.2931239095532009
0.3026121670658819
0.3186406881925002
0.3379082069125281
0.3561317251866677
0.37695525152662884
0.3832846326866815
0.37220665216717447
0.3646547020928591
0.35339128551344406
0.3345505320066084
0.322153324316869
0.31712622037769744
0.31313932145327966
0.30999196773828297
0.3112577527889791
0.3150510483139703
0.3198321537433435
0.3212034082079684
0.3261104373601865
0.3338066015026037
0.34073981678697507
0.34073054480859005
0.34408684479550666
0.3426999260931635
0.3394746503220155
0.3366479214781847
0.33630072857628646
0.3360598383249648
0.3374036591132645
0.3407031865096448
0.34424230919506854
0.3481499555562758
0.3537572654531737
0.3616812764372599
0.36501906805542644
0.3688579085539047
0.37514597956217643
0.3784780468032153
0.3796786635306019
0.3875132865165077
0.39597102135707285
0.40711528304685474
0.4205453680571933
0.43328126672977324
0.43326035645771904
0.4338568648104019
0.4318918023926137
0.4288837053783025
0.4207941186435732
0.4139292093809012
0.40800605440901144
0.40434859797736733
0.40638345039835316
0.40829197766771697
0.4108779736387619
0.41654625286904096
0.4211318732698265
0.4207941697153064
0.42267399569918507
0.42789473682957063
0.42906705757433716
0.42969602933466833
0.4326124163526355
0.4381466360081037
0.44022389662936473
0.4418333425863719
0.44417841869559754
0.4434580154677545
0.44285525066281395
0.4425580363120412
0.44369475474150133
0.4465969839583045
0.4522593410489108
0.4577259341329703
0.46575356949504265
0.4728448415206956
0.4771519561949225
0.4773412636339441
0.4776337250416806
0.4774105828602141
0.48023215969368704
0.4828172983002218
0.48598358076904136
0.4902374250508811
0.49569268674941613
0.49908846906308096
0.5001586687201529
0.501197782323825
0.5016616358427131
0.5016381467583154
0.5042776490859872
0.5104682215083692
0.5170335052491076
0.523969310540947
0.531385282291156
0.5349088848437609
0.536702888880195
0.5372200901846584
0.5371941525032415
0.5387501386301938
0.5440877388855391
0.5503822303745104
0.5596427693369245
0.5688989726907123
0.5757521192297149
0.580011015021989
0.5876209274530919
0.5980988374271334
0.6082861433601436
0.6199840324739202
0.6330290987566994
0.6365637389836122
0.6423469842960392
0.6534869576853635
0.6688969935653969
0.6765946225827345
0.6875512747685005
0.6976200596852299
0.7089787431217558
0.7185494374423803
0.73639284236182
0.7600901509712192
0.7791988624140479
0.7884993536824482
0.7963423464449538
0.7962184572577267
0.7867659854845099
0.7730367859619643
0.761881881648022
0.7576445552052671
0.7600085234898121
0.7684964157551892
0.7754406605516115
0.7925995636429122
0.8044542941597108
0.8165448414564488
0.8308884079482459
0.859584078283534
0.883083847962586
0.9000465957340589
0.91529786896827
0.9264446885610363
0.9249391096088
0.908535494331797
0.8951849743452348
0.8865811907880733
0.8759759441560766
0.8676027839527443
0.8818644625957373
