0.8096767588792164
0.8175972213473222
0.8234380609761115
0.8291554809154539
0.828995035101112
0.8170696018387587
0.8105592098586527
0.8180199337745929
0.8258632588005063
0.8242989136098391
0.8289302397005512
0.8283594235005702
0.8099606243830056
0.7860727317334041
0.7752025371247434
0.7730519479549093
0.7753197858842333
0.7790192928289831
0.7986677171653568
0.8120217342507329
0.8013490113995915
0.7942955724951705
0.7931508543576541
0.785693215815834
0.7848416194861839
0.8037495251407231
0.8311733937283294
0.8535154539771352
0.8734415727056237
