0.023899173214491497
0.019455572111059614
0.018604211219549815
0.018665279260205527
0.03410472718710742
0.05531690492025642
0.07023907023463913
0.07880656298880692
0.07958967142651369
0.07967229291817275
0.08630716034143135
0.09549970275157367
0.10130117042197145
0.10918254505638618
0.10975371129641373
0.09058911035077666
0.08287297869968006
0.09541348873599885
0.10386962192279549
0.11661488974364619
0.1430034854912184
0.15446991571284652
0.15753409658674775
0.15453457606585658
0.14812601966657182
0.1317956962585078
0.11843974760797721
0.12072082004417167
0.11070565481823161
0.10221000704178262
0.11318430041424925
0.11492294468612825
0.1119198320644441
0.13756124165160757
0.16255964044414747
0.17328966165399126
0.19267338921045488
0.18816512775401292
0.16989140250109938
0.15348923432687794
0.12660131731699695
0.1093657493899147
0.11117983074030546
0.12409752595762161
0.12783704780265143
0.1610508995085967
0.18929668308544356
0.21513925814478457
0.23774881724611324
0.26247061348796386
0.27904520927021215
0.28306851829063995
0.2856261932775237
0.29749854675586124
0.2985762186713448
0.30008495939533425
0.303723898610056
0.3089577923527806
0.28917891847667065
0.2792930737451893
0.25926633539410215
0.24014484135047173
0.22983511243519344
0.2347528890375764
0.25476885087472323
0.28855386882069606
0.3268220024597532
0.35478759138511784
0.3814887119606773
0.3887594057654121
0.3933251429501554
0.3849372624287232
0.37571238984207583
0.36648751725542844
0.35549885484510574
0.3421644596455785
0.33264502336959284
0.32003626066790963
0.3168032447098973
0.335526000121527
0.3541589494167889
0.3767900619691209
0.3880696959679889
0.3910764009020274
0.3713047114390648
0.34612670062535067
0.32607840861169873
0.3105707082309938
0.3237326758224942
0.35122049693655344
0.37862569655895356
0.4072342964905032
0.449263505214032
0.4539729319310902
0.4551583711015905
0.45411302915105056
0.45035195385501736
0.4395896026802299
0.4537286597684673
0.46778868746583857
0.49887593320496715
0.5499827328820357
0.6024581758515717
0.6445017536129566
0.6874469837925667
0.695766611860196
0.6652720858120982
0.6407514550424251
0.6037873047659482
0.5354557138872993
0.47479355565694703
0.4371468795730717
0.3985123376900803
0.35741711113815894
0.34704631418222487
0.3578481799466646
0.3754681174678916
0.3669257704770815
0.38462832948996756
0.41813315257289674
0.4429806772084131
0.4292439512760922
0.43400726162065867
0.41136896465517936
0.3726302478295256
0.3274542367404364
0.2970782546728571
0.26040148346101
0.24124765945243593
0.25471496745877625
0.2703448039207926
0.2890136754933525
0.32340937426900523
0.3702126702741637
0.3764416144407128
0.38600056530635085
0.41079420631435887
0.41584130362276195
0.4078557538341234
0.4387849410030812
0.46884480593031874
0.5066064336823584
0.5474969024497479
0.5809191042525795
0.5730341373058102
0.5669309215329269
0.5520877856094103
0.5326034754226388
0.49053115958554167
0.4461454411357451
0.39687786836086375
0.35113069082018566
0.3471361198754699
0.3419273716845416
0.34266378090788735
0.3686751914744622
0.383967357556695
0.36278032558690365
0.35778711190600904
0.3786292888713079
0.3687182983764689
0.3537853563365846
0.35718720759026934
0.3803607483069168
0.3772750139820122
0.370629369833252
0.3694295616248955
0.3430230049502357
0.3130242080636538
0.27992530802587257
0.2604697357032516
0.2664508156063849
0.30643244754240184
0.33625881703251836
0.38088880785649903
0.41128993568743605
0.42209539376423016
0.4081323565963741
0.3938352409379659
0.37463471771503076
0.37698045050423534
0.3775803546084136
0.38235803399083607
0.39442796062899677
0.4132512986709346
0.4186181054320336
0.4099356612212631
0.400667681732609
0.3869956161532982
0.36858897788201017
0.36963072752019577
0.3958037885461731
0.42111830447905463
0.4456568963873767
0.4700266530000263
0.4747827787198841
0.471488694721216
0.4620087732464441
0.4493425348164596
0.4444103891762205
0.4588619710924452
0.47687346283252546
0.5059670152000891
0.5320359012834041
0.5475615630143194
0.5535857496078981
0.5704010254519762
0.5948318501052815
0.6166116017661036
0.6408017463575791
0.6664611172949529
0.6688679181248133
0.67640803006709
0.6954971939342154
0.7222090912352765
0.7324218296210399
0.7484575893397656
0.7622481991111563
0.7777810450436574
0.7897467967391558
0.8145404379587251
0.8464934134156582
0.8699399643706407
0.8791827980959371
0.886309802368357
0.8828181449983045
0.8665668507695452
0.8434759315445566
0.8230181243849637
0.8125359678616586
0.8123168410392706
0.8216422964677874
0.8284280378365082
0.8500676920658086
0.8633194657736767
0.876495802403033
0.8922405905332136
0.9252245391143921
0.9500612870244067
0.9664383094352704
0.9804300846788386
0.9896944718551383
0.9854197060473789
0.9647391799646052
0.9466881736348726
0.9336196042605329
0.9177095729354731
0.9040770219458146
0.9187980217880197
