0.9343350196073281
0.9434749206533709
0.9502150190312005
0.9568126959591184
0.9566275478225998
0.9428660685670627
0.9353533332048624
0.9439627141088346
0.9530136015914115
0.9512084089903322
0.956552776488003
0.9558940771248895
0.9346625891937589
0.9070969039960779
0.8945531284937684
0.8920714334813715
0.8946884289340931
0.8989575139187539
0.9216310200262912
0.9370410286235155
0.924725127734637
0.9165857376573131
0.915264778111751
0.9066589576077252
0.9056762490581276
0.9274952258371101
0.9591412876926811
0.9849231433180445
1.0079170977927308
