0.05568159430784049
0.052140567567629525
0.05146213320499564
0.05151079724119078
0.06381421887843686
0.08071782629566812
0.09260903461300976
0.0994363173129896
0.10006036250828468
0.10012620210650039
0.10541341003012977
0.11273878369152737
0.11736187016467686
0.12364239752986472
0.12409754975482057
0.10882561988659686
0.10267677171784043
0.11267008127485556
0.11940862351486589
0.12956510091107654
0.15059370384003945
0.15973109828307122
0.1621728895597336
0.15978262496913295
0.15467576027813015
0.14166241580407563
0.13101929770873458
0.13283704379010192
0.12485613662782416
0.11808610591363927
0.1268313252486538
0.12821681996681902
0.1258236928949413
0.14625687645291716
0.1661776561373212
0.17472821932755517
0.19017476729726177
0.18658221387098906
0.1720202070081633
0.15894961071690333
0.1375231075487795
0.12378838980703966
0.12523399899227694
0.1355278807160627
0.13850783920932772
0.16497536730164913
0.18748393020271145
0.20807741895001622
0.22609457474295006
0.24579493477095316
0.2590029355583777
0.2622090390077769
0.26424720474554514
0.2737080722171013
0.2745668498123618
0.27576913847944434
0.27866894446233964
0.28283974136039985
0.26707830831176865
0.25920045435302486
0.2432415025097465
0.22800392376556392
0.2197882840347313
0.223707172802216
0.23965753703307358
0.26658021735035087
0.2970754128820136
0.31936069364539793
0.34063834205506976
0.3464322287211272
0.35007058353372844
0.3433864306296465
0.33603529362521795
0.3286841566207894
0.319927486854898
0.3093015443215776
0.3017156747485941
0.29166797585565063
0.28909164290127976
0.3040114739166711
0.31885974003411355
0.33689407138906796
0.3458826112422372
0.3482786009639815
0.332522893046494
0.3124589837347816
0.2964828561608931
0.2841250453563082
0.29461358339346405
0.316518139479708
0.3383568559677363
0.36115454077328185
0.3946468701916408
0.3983997286386529
0.3993443840440162
0.39851136962319716
0.39551423556791154
0.3869379092032362
0.3982050724938723
0.40940925866756983
0.43418213226253455
0.474908232569634
0.5167249803906822
0.550228760239918
0.584451050875562
0.5910808146123052
0.566780268804317
0.5472402139656427
0.5177841395990459
0.46333190933121693
0.41499131362682606
0.3849913465753041
0.3542041668264704
0.3214561112003716
0.3131918074333438
0.32179962227219366
0.3358406373118479
0.32903339282375527
0.3431402474616252
0.3698396454726349
0.38964019622289486
0.3786936434795061
0.38248944083156966
0.3644493843454715
0.3335791894364016
0.2975792291431646
0.2733731489262895
0.24414608182851455
0.2288827399098906
0.23961459829661166
0.2520697371735868
0.2669466291153372
0.29435595013174487
0.33165266485176714
0.3366163997468721
0.34423375779403004
0.3639913696392386
0.3680133117788468
0.3616497690848331
0.3862966886145101
0.4102508607008096
0.4403424306935783
0.47292731848048164
0.4995608770618652
0.49327748704681057
0.4884139428739626
0.47658571167355956
0.4610590111934833
0.4275323304824937
0.39216214034710595
0.3529016872685415
0.3164465745817591
0.31326337199411375
0.30911261313935123
0.3096994445607385
0.33042747532293076
0.34261353067589945
0.32572996147055533
0.32175095823599864
0.3383597186176029
0.330461826446972
0.31856203034862
0.3212729051492889
0.3397394878674454
0.33728052102876244
0.3319847253241228
0.33102861948788254
0.3099857038153552
0.28608019576525073
0.25970427061417584
0.24420047082726387
0.24896668709631112
0.2808273389656625
0.30459544268819183
0.3401602891369496
0.36438640756571195
0.37299708505442836
0.3618701889098236
0.3504770715538997
0.335176515861368
0.337045788628797
0.33752384154691717
0.3413310893298576
0.3509493993408761
0.3659493828666372
0.3702260957866874
0.36330721031405055
0.3559217221855809
0.3450266961282538
0.330358773243438
0.33118892501439046
0.3520457721545581
0.3722184599695377
0.3917728277203658
0.41119265362489593
0.4149827256772263
0.41235772868666026
0.40480334775644095
0.394709847477169
0.3907795082788073
0.4022957170501523
0.41664875468745405
0.4398328894698731
0.4606067214498045
0.4729788453351329
0.47777941255963186
0.49117920701055995
0.5106476969512852
0.5280035939436056
0.5472802902208276
0.567727786859547
0.5696457236631711
0.5756543048544858
0.5908661202556376
0.6121523564463196
0.6202907061480597
0.6330693180535593
0.6440588098705889
0.6564366587184716
0.6659719535692539
0.6857295655830518
0.7111923238029377
0.7298764635276287
0.7372419134442112
0.7429212964758577
0.7401388567772399
0.7271884892515346
0.7087877461315937
0.6924852832164932
0.6841322389894959
0.6839576207194235
0.6913889104028111
0.6967963470919951
0.7140406029311819
0.7246007058662867
0.7351006943343193
0.7476474361525411
0.7739317585309589
0.7937237215002085
0.8067742795795814
0.8179240765859399
0.8253067020645429
0.8219002171706301
0.8054202735041801
0.7910357473927039
0.780621636734774
0.7679432155515314
0.757079677968379
0.7688105810963917
