0.9691922716807798
0.9786731551667425
0.9856647065065457
0.9925085230770431
0.9923164676159244
0.9780415886255519
0.9702485755205871
0.9791791467407397
0.988567695832748
0.9866951568813591
0.9922389067859075
0.9915556333147293
0.9695320619112047
0.940937983238647
0.9279262368956207
0.9253519572462346
0.9280665849917166
0.9324949368007076
0.9560143237766634
0.9719992338202161
0.9592238634126038
0.9507808169746644
0.9494105763694266
0.9404836983771202
0.9403573847673403
0.9620973056109309
0.994923987621032
1.021667687361831
1.0455194776774839
