6.247822235109492
3.9076509647470927
2.878527355509889
2.725870992165514
2.2762949683361784
2.0512296162129457
1.9565162365524909
1.8296109210910387
1.7765579718790263
1.713105076225076
1.684011652011392
1.694755317232913
1.6762479030191528
1.6972050005570831
1.6928867652290915
1.673756762178661
1.6786981432057737
1.637851615121437
1.6386966879542952
1.6606889285083661
1.6618402317079575
1.6188086554535033
1.6525143502236859
1.6674044510593362
1.648786887827581
1.6192711467367928
1.620573056096872
1.6145010780976439
1.6066715641632379
1.6038121575526987
1.611247317157023
1.59876079733888
1.6187754351273074
1.6195667603131336
1.595080881172049
1.6244801447001862
1.6193717888443817
1.6245382790575604
1.6236055477599922
1.616169935502035
1.6165029730837754
1.6199306773596054
1.61754842744047
1.613837269031747
1.6185926922708955
1.6075095978567098
1.6418976689380038
1.4857800834673616
1.4902516681522089
1.5134180220968911
1.4844227028758206
1.470595325898039
1.4674437730259793
1.4728183392340468
1.4613559078606029
1.4705917553010481
1.4694043376696073
1.4683197358035553
1.4649289637784628
1.4591088648670514
1.4659859767796122
1.4620630540775588
1.456903387000677
1.4528094713083315
1.4462423302700764
1.4521118400630353
1.4560928132243838
1.443661445183291
1.4556966507045632
1.4477418393489827
1.4418769597170347
1.4281402245461199
1.4309661278030812
1.4284365858956993
1.4295900408373081
1.4288449830063752
1.4272914603115585
1.4248990161596358
1.4136405393597955
1.419359874884152
1.4161090226177833
1.4255709461704813
1.412050627697348
1.4185246157879705
1.4160371699208762
1.4193047702607036
1.4066400869336517
1.4147131858792517
1.417677988066887
1.4090298742882983
1.4067199788621758
1.408094919493227
1.41648823766351
1.4065228815541695
1.4089528473724073
1.407150539255529
1.3933644936027867
1.4015245747070537
1.3993319498742467
1.4029039058129484
1.2858127969654822
