0.8692911919058659
0.8753038438295194
0.8798616419644074
0.8843207997870965
0.8847434362005533
0.8770559945859095
0.8730599732572519
0.878753297247208
0.8846869076062319
0.8841235872767688
0.887828614970538
0.8879462935356228
0.8756885357072083
0.859349646976749
0.8520674644743618
0.8509989024191353
0.8531022933028323
0.8562286084471215
0.8706831116203215
0.8805534346536127
0.8735265594862835
0.8690028941085188
0.8686552433839752
0.863797423338215
0.8636448512924518
0.8775555761800173
0.8972187297008085
0.913077061043705
0.9270995632778651
