0.8942865325823341
0.9030346692175706
0.9094858661448851
0.9158007462458642
0.9156235341307805
0.9024519144136793
0.8952611981114107
0.9035015543377348
0.9121644928059818
0.9104366763397415
0.915551967726707
0.9149215022543753
0.8946000615237537
0.8682159268008032
0.8562098162900722
0.8538344943969721
0.8563393173353029
0.8604254161415279
0.882127065692152
0.8968765536876544
0.885088550380049
0.8772980397207736
0.8760337005844981
0.8677967521483734
0.8668561655248216
0.8877399135153135
0.9180295273399119
0.9427062929399367
0.9647146554501692
