0.885892818985709
0.8945588461954482
0.9009494926197746
0.9072051016783825
0.9070295528643614
0.8939815610891791
0.8868583363693026
0.8950213491630937
0.9036029778701418
0.9018913785737198
0.9069586581777711
0.9063341102122053
0.8862034051654492
0.8600669101667822
0.8481734882064933
0.8458204609258514
0.8483017737635727
0.8523495207196273
0.873847480038692
0.8884585303261214
0.8767811684293336
0.8690637789821788
0.867811306848494
0.8596516698596112
0.8587199115192139
0.8794076460474991
0.9094129635821133
0.9338581147102758
0.9556599082016187
