0.024615426232896705
0.020039334099635393
0.019162538038483175
0.019225431040242665
0.03512316119438864
0.056949666948188746
0.07228832081915539
0.0810874530178039
0.08189142971428133
0.08197624980340915
0.08878568285914136
0.09821316350101433
0.10415842313292327
0.11222914145826031
0.11281374844791978
0.0931781105536639
0.08526164438344436
0.09812478565846705
0.1067893595052486
0.11983327482936336
0.14677201130430448
0.158444859660074
0.16156052641002258
0.15851062288058185
0.15198938859515795
0.13534266034607273
0.12169925500041803
0.12403112484268343
0.11378800633592678
0.1050894540805605
0.11632423782684788
0.11810282416489006
0.11503048603535072
0.14122453127310727
0.16666701295468628
0.1775547332449421
0.19716745463968555
0.19261266233614543
0.17410881370353384
0.15744736545714436
0.13003938612256388
0.1124166612188524
0.11427325658117206
0.1274817660201174
0.13130136570215334
0.16513443478320491
0.19375629101804587
0.21979986940678667
0.24245817792951158
0.26708233613482596
0.2834954684493528
0.2874673018010782
0.2899896902449782
0.3016716139912078
0.3027297929304322
0.3042106164738828
0.30777919197751386
0.31290428576490115
0.29349005729089617
0.2837403031004412
0.26390014419631125
0.2448518757807657
0.23454174126882327
0.23946308224075735
0.2594288178023918
0.2928745028784934
0.330327744068366
0.3573765354898914
0.38292589556767814
0.3898335977059141
0.39416023678828155
0.386204977546133
0.3774226289374219
0.3686062016990944
0.35806070920874716
0.34520260643374406
0.3359832114317372
0.3237222775508149
0.3205695696864354
0.33877683291945104
0.3567716767615991
0.3784503776211764
0.3891792545557367
0.3920303402508097
0.3732143098236402
0.3490302302605338
0.32960468666081294
0.31448184672103835
0.32732247270096504
0.353942414125122
0.3801999015623723
0.4072868602301793
0.4464325613296674
0.45076810122671324
0.4518577598798233
0.45089691399612675
0.447435533961207
0.4374938386971268
0.45054348207148
0.46342542339630716
0.4915589765443745
0.5367013482962272
0.5815041809698717
0.6161808533432066
0.6504077679885423
0.6568933220323496
0.6328893295120825
0.613133679750689
0.5826174586491281
0.5240156062408963
0.46980724565646736
0.43522984862026864
0.3990652046887658
0.35990494606583284
0.34991777097172544
0.36031918818223063
0.3771896078415089
0.36902580992073597
0.3859114242923096
0.4175142595547321
0.44063219501310125
0.4278863689219835
0.43231591034575895
0.41117291274938
0.3744807050880871
0.3309423649953541
0.3012588233364295
0.26502779865019666
0.24595312282808884
0.25937521383604134
0.2748898200649226
0.293327336363856
0.3270077755092732
0.3721704691440751
0.37811812297152914
0.38721504661048417
0.41063315908491793
0.4153679330584156
0.40787142312540386
0.4367483590077743
0.46438915851461204
0.49847783970290527
0.5345390372832892
0.5633125907619038
0.5565832505205679
0.5513492946786005
0.5385296869571304
0.5215110143770885
0.4840553641548707
0.44355625707014246
0.39752088694825277
0.3538558939121163
0.35000442774646184
0.34497339056824194
0.34568528123990755
0.3707000536080266
0.3852832264740994
0.36505373163781696
0.3602605082387581
0.3802033240266913
0.3707412929167556
0.3564121468397004
0.3596839877406351
0.3818523115305701
0.3789127120319691
0.3725688320645456
0.3714216353089184
0.34603247285727057
0.31687990012049194
0.2843647253340807
0.2650955887961897
0.27103104814888407
0.31043256303025557
0.33948695479741176
0.382354977363839
0.4110987054478465
0.4212194199229777
0.4081315509003471
0.394643082342822
0.3763944151627124
0.37863189792108615
0.37920376342275536
0.38375295455163067
0.3952039985983087
0.4129395965158156
0.41796812213771894
0.4098266341957836
0.4010999374540542
0.38815985992691865
0.3706175730003797
0.37161401973599956
0.39650543579624853
0.4203063762289577
0.443105176367442
0.46546697251464175
0.469797445972581
0.4667993620751672
0.4581414196388025
0.446505403636597
0.44195374939031806
0.45525777019470076
0.47169746147778785
0.4979067478516733
0.5210120815987471
0.5345953270303779
0.5398291986161978
0.5543278496351347
0.5750953684633916
0.5933026720053618
0.6131746028251113
0.6338371389254756
0.6357527537958991
0.6417287101805248
0.6566840509633335
0.6771839072866883
0.6848869625163908
0.6968288249436541
0.7069467828032255
0.7181720653115347
0.7266942621667749
0.7439998634471225
0.7655853497414488
0.7808981698484071
0.7868099356020756
0.7913197337213494
0.7891156101441433
0.7787230500910054
0.7635820242627066
0.749806396398828
0.7426186528850669
0.7424674681482485
0.748867940161287
0.7534818932874289
0.7679487651087138
0.7766201228407345
0.7850986482420963
0.7950400935054059
0.8151856081262294
0.8297352915777868
0.8390326388103676
0.8467868282154268
0.8518244257343771
0.8495095931136049
0.8380790878062779
0.8277909389938195
0.8201637178820926
0.8106776606468648
0.8023762008407528
0.8113335952750552
