0.91961983064309
0.9286157839956561
0.9352497300628201
0.9417434977283407
0.9415612655585343
0.928016520946806
0.920622106441871
0.929095895010965
0.9380042367077102
0.936227474754829
0.9414876718254344
0.9408393465630401
0.91994224121454
0.8928106982229203
0.8804644792961088
0.8780218694194423
0.8805976488395875
0.8847994984205276
0.9071159110660276
0.9222832217190563
0.9101612885238226
0.90215008872143
0.9008499334579714
0.8923796492147638
0.8914124177068061
0.9128877593232705
0.9440354156065294
0.9694112232197617
0.9920430373721552
