0.9505541416402199
0.9598527022327031
0.9667098019813576
0.9734220079860861
0.973233645862981
0.9592332810827501
0.9515901321439596
0.9603489632949833
0.9695569651375118
0.9677204361972443
0.9731575765727526
0.9724874428470935
0.9508873975072515
0.9228431995676105
0.9100816766606168
0.907556901903364
0.9102193257813468
0.9145625178142099
0.9376296133246427
0.9533071242681574
0.9407774316501135
0.9324967498967129
0.931152859813795
0.9223976508677021
0.9213978834799423
0.943595615886815
0.9757910217446173
1.0020204246135784
1.0254135311545123
