0.023203781943171124
0.018889475748513844
0.018062886799003294
0.018122177950473453
0.03311238618083794
0.05370735581607735
0.06819533274177851
0.07651353822458846
0.07727386065345755
0.07735407811784724
0.08379589162869248
0.09272095977535781
0.09835362286232359
0.10600567411899675
0.1065602212059589
0.0879532502710476
0.08046163394315382
0.09263725431827405
0.10084734044919783
0.11322176079705369
0.13884253085540346
0.14997532378264644
0.1529503465666701
0.15003810272140505
0.14381601529080934
0.12796085327238368
0.1149935209990151
0.11720822135416965
0.10748446614549023
0.09923601517601582
0.10989099089880348
0.11157904605449233
0.10866331462734447
0.1335586393080873
0.15782966279934368
0.16824747391625075
0.18706719556224025
0.18269011042882435
0.16494809348737985
0.14902317716102426
0.12291761452904786
0.10618354777881281
0.1079448450297201
0.12048667567552661
0.12411738911841604
0.15636482151119283
0.18378874103547768
0.2088793779016677
0.23083106947317183
0.25483353868376263
0.2709258655134746
0.2748321088116064
0.2773153634474265
0.2888422685328523
0.2898885835626123
0.2913534246453576
0.29488648209822627
0.2999680858855183
0.2807647154432114
0.2711665179066436
0.2517224950711676
0.23315737676209533
0.2231476287471193
0.22792231341519523
0.24735587329961706
0.280157852779356
0.31731250329230287
0.34446438095403936
0.37038858234431676
0.3774477216754772
0.38188061017307473
0.3737367907681981
0.3647803331521534
0.3558238755361088
0.3451549488695728
0.33220854290912377
0.32296609248678254
0.3107242053856152
0.3075852600909293
0.3257632418163957
0.3438540305028954
0.36582664838731915
0.3767780802782688
0.37969729949270514
0.36050090441956956
0.3360554950557855
0.31659054570198436
0.3015340709509784
0.3143130664080712
0.3410010778091006
0.36760887174574025
0.3953850508023689
0.4361913408657191
0.4407637379791765
0.4419146845735342
0.4408997588077479
0.4372481190519389
0.4267989186710581
0.44052657337329587
0.4541774981930268
0.470932387796144
0.5191765415077094
0.5687126766737061
0.6084012668597694
0.6489410051931268
0.6567946258043553
0.6280081901182665
0.6048610338214215
0.5699673570695212
0.5054632246539569
0.4609785466053869
0.4244272711744127
0.3869168737526449
0.3470173898977893
0.3369483507313431
0.34743591595077444
0.3645431683408672
0.35624937695826525
0.37343684681274764
0.40596678422453264
0.4300913235253521
0.41675429339941444
0.42137900629517067
0.39939941304157567
0.36178787184249867
0.3179263415307351
0.2884342056363268
0.2528246138759206
0.2342281063028747
0.24730355772272386
0.26247861477667006
0.280604280514432
0.31399917191968374
0.35944063824065564
0.36548833959331806
0.37476915485421
0.3988413783727307
0.40374162091832383
0.3959884256789358
0.4260176701346752
0.45520288690986727
0.47822987963001307
0.5168299499341034
0.5483800734273233
0.5409367672568288
0.5351754110039945
0.5211636838839122
0.5027707486667965
0.4630550301113031
0.4331640027102077
0.38532996237426526
0.340913884770134
0.33703554335949854
0.3319783534670089
0.33269333548275043
0.3579478952704139
0.3727951070976301
0.3522245515625987
0.3473766247993044
0.36761235953302873
0.357989747896253
0.34349130781409204
0.3467941758248457
0.36929343890873506
0.3662974898117919
0.3598452131444869
0.35868031560638086
0.3330421072278057
0.3039161816040837
0.2717803561450759
0.25289088019115646
0.2586979293560554
0.2975162207190775
0.3264747360448489
0.36980613357526376
0.3993226835698801
0.40981373657659986
0.396256980165007
0.3823758659031612
0.3637340179169877
0.3660114972109009
0.36659394597995393
0.3712326098194584
0.3829513393030428
0.40122697701853005
0.40643762647062776
0.3980078142594545
0.38900950401757073
0.37573525283039155
0.35786419022414134
0.35887562820263924
0.38428713492638805
0.4088650775368606
0.43268967308763534
0.45635034592234225
0.4609680832435216
0.45776984679736554
0.4485657614189805
0.43626807095363157
0.4314794353418073
0.44551052137597275
0.4629979349805
0.47762627690514015
0.502234966066654
0.5168909886654655
0.5225777424016452
0.5384511439382333
0.5615135244301039
0.5820733265222684
0.6049085081683573
0.6291306203621715
0.6314026090197004
0.6385203765544347
0.6565402987888548
0.6817559821707703
0.6913966742824277
0.7065342227425215
0.7195523788742135
0.7342151832658158
0.7455106971254142
0.7689155717335775
0.7990787646790719
0.8212120036105987
0.829937118346627
0.8366649176178438
0.8333688385063882
0.818027828274125
0.7962303010669666
0.7769183973781152
0.7670233780512462
0.7668165251829702
0.7756196337314708
0.7820252852633234
0.8024528372035779
0.8149623391045574
0.8274006293852776
0.8422635044529427
0.873399922609033
0.8968454893719191
0.9123051853716663
0.9255132390908127
0.934258700004058
0.9302233767200015
0.9107012292664789
0.8936613142351565
0.881324754840521
0.8663058923476222
0.853436941648662
0.8673333738976556
