9.020630124506345
7.257048987511934
6.9961189236791
6.935470664671129
6.744749646276587
6.540343712649947
6.408214421732313
6.0692186660315
5.804073896059444
5.5649916661246035
5.504494761926957
5.377316735504796
5.197935957019629
4.956187538708783
4.900762821843209
4.800893243226907
4.4471035779904415
4.430012968655163
4.399062200523362
4.319333778167839
4.1938977840371
3.955857158743386
3.9551023287080667
3.866367361412288
3.780509281144951
3.7033814556933238
3.650792202228981
3.586648530655682
3.526308859737405
3.4799009528521054
3.4476361413949315
3.403135649855616
3.3503432070125725
3.3149655013137105
3.2194775550391306
3.193211285272214
3.1601149800198947
3.121038480591422
3.095102248958915
3.0768988646982542
3.018326555833914
2.992131956716007
2.949038952128034
2.8576042491327045
2.8157588320210505
2.756123080304485
2.7386492428000486
2.726380998398037
2.6770244023309724
2.6690695758583676
2.6158998190646536
2.5838398038610797
2.5629061795491554
2.542294734938942
2.5214170793258375
2.491992346404942
2.4744104876451583
2.4564194096958363
2.415892867628039
2.389447964604943
2.37877946166037
2.3623735941317405
2.316927009244497
2.271335699060464
2.2550199662377195
2.2364724904659092
2.2334727607940392
2.2147754970841795
2.157218461360265
2.143821400840857
2.0958341802358373
2.081633653050603
2.061247544652591
2.052536523674308
2.022456602157844
2.0188388740378884
1.9869502840826627
1.9712631174264434
1.9565086225477244
1.9474089068866078
1.9220670306103826
1.9046171886524053
1.883904290166615
1.8796223172215654
1.8749759302019644
1.8600076217699517
1.8560716087452178
1.8549133301454475
1.8429517844637016
1.8384047230944014
1.8374785906112556
1.832347985382474
1.827001064298632
1.8206071030263835
1.8177955877279608
1.812506308203195
1.8045967588915186
1.7971645527949405
1.7937777077303647
1.7911623327890218
1.7882016646196845
