0.04354721934273882
0.037308317672274244
0.037308317672274244
0.03757413534867819
0.07621154232385904
0.09233261352336586
0.09233261352336586
0.09233261352336586
0.09233261352336586
0.09233261352336586
0.12121294147824392
0.12917184063675852
0.12917184063675852
0.12917184063675852
0.12917184063675852
0.12917184063675852
0.09558497319680012
0.1275925693954861
0.1275925693954861
0.1345351069042731
0.15265762992715887
0.15265762992715887
0.15265762992715887
0.15265762992715887
0.15265762992715887
0.14549618379785612
0.14093037148044027
0.15085945006537066
0.15085945006537066
0.15085945006537066
0.15085945006537066
0.15085945006537066
0.13778746657770732
0.16705870271772882
0.1784732344321553
0.1784732344321553
0.17930196077921715
0.17930196077921715
0.17930196077921715
0.17930196077921715
0.17930196077921715
0.11816385376640046
0.12606020813098873
0.1437449129919561
0.1437449129919561
0.20358520309882935
0.22722735529493235
0.2385480688975825
0.24216006435919707
0.24216006435919707
0.2757312960611173
0.2757312960611173
0.2757312960611173
0.2938381824250781
0.2938381824250781
0.2938381824250781
0.2938381824250781
0.2938381824250781
0.2822985602019121
0.2822985602019121
0.272463299728758
0.272463299728758
0.22758699200399948
0.22915062566546
0.27974983636680023
0.34218575936467355
0.3439213935116486
0.3493159321761263
0.3493159321761263
0.3493159321761263
0.3620595531934594
0.3620595531934594
0.3620595531934594
0.3620595531934594
0.3620595531934594
0.3091617996744862
0.3091617996744862
0.30522144082165453
0.3040174429483743
0.3450628465910025
0.3851231609808663
0.3851231609808663
0.3851231609808663
0.3851231609808663
0.3851231609808663
0.36448318651983175
0.30423635156889006
0.30423635156889006
0.3615279169197646
0.3786497140309609
0.3948176942863559
0.401744594215331
0.41881948227063914
0.41881948227063914
0.41881948227063914
0.41881948227063914
0.41881948227063914
0.3902675177069782
0.44357181607001983
0.4450103592227409
0.5255844419024249
0.6078316130142709
0.6078316130142709
0.626579589501741
0.6319428557692555
0.6319428557692555
0.6319428557692555
0.6319428557692555
0.6319428557692555
0.5617982155512334
0.4936550262357034
0.4936550262357034
0.46568160700162536
0.33450831362060107
0.32548614375647067
0.34476575559674855
0.3879220658334571
0.3879220658334571
0.3879220658334571
0.4352063711465499
0.4529223493253673
0.4529223493253673
0.4529223493253673
0.4529223493253673
0.4529223493253673
0.32812868570335885
0.3090367091657467
0.26658403476736053
0.26658403476736053
0.3252046894211417
0.3252046894211417
0.3252046894211417
0.3252046894211417
0.3856704329925992
0.3856704329925992
0.3856704329925992
0.3856704329925992
0.3856704329925992
0.3850918876630163
0.48694703492724406
0.4967666587414732
0.5494611393779688
0.5494611393779688
0.5494611393779688
0.5494611393779688
0.5494611393779688
0.49906520155910616
0.4963913872152548
0.4848517649920889
0.4848517649920889
0.4848517649920889
0.4142536699532233
0.39686605516562307
0.39686605516562307
0.39686605516562307
0.39686605516562307
0.39686605516562307
0.36897081738439635
0.36897081738439635
0.36897081738439635
0.3533501091407342
0.3533501091407342
0.3533501091407342
0.36972136135772
0.36972136135772
0.36972136135772
0.36972136135772
0.36972136135772
0.3399184889440038
0.2969029058749597
0.28206401492247135
0.3080985289688704
0.3785402592602596
0.3785402592602596
0.3901111548012756
0.3901111548012756
0.3901111548012756
0.3901111548012756
0.3901111548012756
0.3551326523435974
0.3551326523435974
0.35774392189352244
0.35774392189352244
0.35927628315801985
0.3884693387660769
0.3884693387660769
0.3884693387660769
0.3884693387660769
0.3884693387660769
0.378118078678153
0.3826526185986057
0.4338772818436433
0.4338772818436433
0.4338772818436433
0.4338772818436433
0.4338772818436433
0.41953875476788655
0.41953875476788655
0.41953875476788655
0.41953875476788655
0.4662601514103214
0.49793938513867714
0.49793938513867714
0.49793938513867714
0.49793938513867714
0.49793938513867714
0.5711331130685428
0.6001228948732352
0.6001228948732352
0.6001228948732352
0.6041727084967683
0.6041727084967683
0.632943581680945
0.6428101154719491
0.6821042483086773
0.6821042483086773
0.6821042483086773
0.692971508011371
0.7104216675928975
0.7341889112186268
0.7565488840885981
0.7904953873167369
0.7950299272371896
0.7950299272371896
0.7950299272371896
0.7950299272371896
0.7950299272371896
0.7652114181645483
0.7652114181645483
0.7413503573479295
0.7403965395712413
0.7603485157737653
0.7603485157737653
0.7603485157737653
0.777267040002484
0.7977506506369291
0.8288826123535519
0.8676294740994341
0.8676294740994341
0.8676294740994341
0.8676294740994341
0.8692087444198195
0.8692087444198195
0.8692087444198195
0.8692087444198195
0.8692087444198195
0.8490222238587417
0.8017691918634989
0.8379673288533822
