0.9364335524148807
0.9364335524148807
0.9364335524148807
0.9364335524148807
0.9364335524148807
0.9017780704148807
0.8966162534148806
0.9294209534148806
0.9294209534148806
0.9294209534148806
0.9294209534148806
0.9294209534148806
0.9196916094148807
0.8962936404148807
0.8962936404148807
0.8844588184148806
0.8844588184148806
0.8844588184148806
0.8963615594148806
0.9016761924148806
0.9016761924148806
0.9016761924148806
0.9016761924148806
0.9016761924148806
0.8969898064148807
0.9297775264148807
0.9873895074148806
0.9873895074148806
0.9873895074148806
