0.9372953177219616
0.9372953177219616
0.9372953177219616
0.9372953177219616
0.9372953177219616
0.9030633424928706
0.8979646053960643
0.9303684160773805
0.9303684160773805
0.9303684160773805
0.9303684160773805
0.9303684160773805
0.9207579693722011
0.8976459348831399
0.8976459348831399
0.8859557401386345
0.8859557401386345
0.8859557401386345
0.8977130238800721
0.9029627094913619
0.9029627094913619
0.9029627094913619
0.9029627094913619
0.9029627094913619
0.8983335933975226
0.9307206315826608
0.9876285662779815
0.9876285662779815
0.9876285662779815
