14.375099506091525
14.427262981838723
14.457029539926932
14.678154379236059
14.676897816313959
15.524592808843972
15.450157072703794
15.743718398278812
15.996925700030454
15.626684956631902
15.666548049849101
15.947462851219806
15.931200067038565
15.678394152723223
15.939814461915727
16.182852646347843
15.867968683689066
15.964130649721326
16.24490417501186
15.932837989597298
16.23666252779322
16.454667997611896
16.07289273706586
15.896114821527371
16.081656866490853
15.850611026034183
16.18790299583766
16.394290043859403
15.957606653353306
15.82839453732035
15.808015095065358
15.740650587520111
15.696704959551536
15.903569981941459
16.336185012434026
16.057081521878
16.164583735897715
16.044780732022467
16.03806198108367
15.563121304585426
15.745860069636013
16.21483287847304
15.767267479665085
15.65457904611186
15.718319294175242
15.54956566912222
15.73790783423039
15.919004210778661
15.30038933651289
15.57502515674878
15.74318254610236
15.926489601990477
15.917897263371094
15.681769599689583
15.648162484767585
15.441784037583876
15.516480203323004
15.289345969790707
15.726723175928019
15.555206315994756
16.166551853832168
16.229690779731826
16.09867030641582
16.277505997253265
16.07853797078442
15.97359586407957
16.072227478927882
16.08839449446092
15.957006686034594
16.246934183162764
16.115200335515333
16.034877373170097
16.10469514706195
15.877910609619391
15.834748122860912
15.896972182958063
15.721684939605911
15.746513635503135
15.992608511306495
15.900906366798054
15.690881475339609
15.925323889393212
15.860832590088398
15.991890949479977
15.857483773336526
15.897530003441165
15.98725039004955
16.28011723826423
16.359273241338297
16.307957215791173
16.287139568281297
15.948064304727776
16.05654913373421
15.961227786134682
16.305161358118255
16.288288730247878
16.45695505918929
16.406782611200363
16.048751808280567
16.020746945571023
14.089243509068002
