14.685123047699099
13.03114024702007
10.274831739944362
9.921055900107003
9.250404109225522
8.387877950205112
8.170733291814368
7.29514945344836
7.0795260853165285
6.481186655160585
6.050859442260767
5.883561310561938
5.580744938202551
5.39700589576188
5.0625348886774475
4.973895189042538
4.704489644060091
4.559925173428666
4.411972485979959
4.226910647445746
4.048678903164116
3.825041082270104
3.7006234721311477
3.590768623733561
3.531365906587731
3.4482292598496116
3.3156577189760896
3.2030807973099344
3.098577800447341
3.0446676467670564
2.9281524512852815
2.869388941596063
2.7056701110116275
2.6522725770477846
2.600559147446119
2.5486175782897975
2.5387495417305503
2.488858220414177
2.4711892831222877
2.455540767700529
2.4325167035168827
2.3838944318567603
2.3308307685846086
2.3167780458640435
2.29719017355683
2.265916814638816
2.2479329285767045
2.2143657489594775
2.1850644824840573
2.1493624560900533
2.138766954326173
2.1154261921650543
2.1025600568093092
2.088811756062646
2.062066498339588
2.046074071986879
2.0332496986652147
2.0253592755140053
2.012353537729816
2.0029552361878222
1.9870645116781804
1.9747585010696902
1.9539398450659065
1.9377205600335923
1.9324325321420208
1.9226647034179756
1.907036491329714
1.8944844491295783
1.8799747976349193
1.8716853672781801
1.867755776383418
1.8630273071432122
1.8419321002872304
1.831299560881132
1.8258018149072968
1.8176814312756993
1.814175484034617
1.8103026655257293
1.7884491945368044
1.781719734214533
1.771043827243091
1.7642904634873133
1.7555456193624017
1.7507444359973867
1.741768457234229
1.7338417449660983
1.7289670849250787
1.7253857145751308
1.722211650009766
1.7190231602264
1.7145001162795022
1.7080465523129995
1.702096325936882
1.6994690627873912
1.6959622427687204
1.6907935615149952
1.6852887118473088
1.6746183979991796
1.6606314681056529
1.6539997039645467
1.6530832649568257
