105.31929616147397	0.00940563036159716	6
102.4046443987454	0.009670745504852129	5
84.94117979988016	0.011635865394547381	5
83.78137365795239	0.01179504361458528	6
72.87342543053765	0.013536667538725258	7
41.95083193032284	0.023282436103269293	13
41.79662648738427	0.02336632772433087	13
37.591204751004895	0.02591264010678393	17
35.74441893357131	0.02721501738285365	18
31.72728474815268	0.03055554433236157	18
31.689298713208373	0.030591050874882855	18
30.416207480196  	0.03183070396483647	18
24.998497441248745	0.03846376131004472	20
24.998497441248745	0.03846376131004472	20
24.998497441248745	0.03846376131004472	20
20.70170894897656	0.04607932040518677	21
19.107166355572737	0.04973351203825139	23
16.877880205420002	0.055935043109687686	23
14.7105004218776	0.06365169619978837	24
13.91792762097948	0.0670334395907427	23
14.426586001312376	0.06482315658921084	24
8.591930629768243	0.10425429859725348	25
8.591930629768243	0.10425429859725348	25
8.36379469442651	0.1067943107077323	23
6.6991643039975735	0.12988422645828954	24
6.6991643039975735	0.12988422645828954	24
5.913141382752624	0.1446520394469102	24
5.332406803694708	0.15791783929872283	25
4.9976611377076985	0.16673166039890663	25
4.98831506406389	0.16699188157300515	25
4.6945818311217735	0.17560551936137694	25
4.663366507176386	0.1765734212562159	25
4.496613709742025	0.18193019426262963	25
4.496613709742025	0.18193019426262963	25
4.008533245601269	0.19965925171371227	25
3.585749972227955	0.21806683880633748	25
3.585749972227955	0.21806683880633748	25
2.763869431785654	0.26568403025754805	25
2.763869431785654	0.26568403025754805	25
2.763869431785654	0.26568403025754805	25
2.752582849131633	0.26648312381201794	25
2.763869431785654	0.26568403025754805	25
2.763869431785654	0.26568403025754805	25
2.763869431785654	0.26568403025754805	25
2.763869431785654	0.26568403025754805	25
2.763869431785654	0.26568403025754805	25
2.763869431785654	0.26568403025754805	25
2.5254842052122086	0.28364898033625063	25
2.5254842052122086	0.28364898033625063	25
2.5240117635394483	0.2837674976985944	25
2.5240117635394483	0.2837674976985944	25
2.5240117635394483	0.2837674976985944	25
