435.5551984731039	0.002290661074470311	0
142.15079472434834	0.006985640575210242	0
79.63577892705425	0.012401442800033377	6
82.92263393285532	0.011915736591395335	6
20.68014042441287	0.04612516249543995	24
52.23467726766834	0.018784748050071153	9
52.23467726766834	0.018784748050071153	9
40.20588620529233	0.024268377459906777	10
37.24685430460396	0.026145941102393492	14
20.93942555348668	0.04558004481758535	22
16.499064479604463	0.05714591206664342	25
10.828470921058944	0.084541781154455	25
10.828470921058944	0.084541781154455	25
8.2526687746632  	0.10807692616624552	25
8.097204327526402	0.10992388034796483	24
8.097204327526402	0.10992388034796483	24
6.192882557908522	0.13902632108187382	25
6.192882557908522	0.13902632108187382	25
5.5447107195975605	0.15279514142704398	25
5.5447107195975605	0.15279514142704398	25
2.813698137222575	0.26221267756872757	25
2.813698137222575	0.26221267756872757	25
2.813698137222575	0.26221267756872757	25
2.8102279872077194	0.2624514867239843	25
2.8102279872077194	0.2624514867239843	25
2.427036679179624	0.2917972854143433	25
2.368352251648581	0.29688106388236785	25
2.2713368531029783	0.3056854261435855	25
2.2095302459239434	0.31157207546804877	25
2.2095302459239434	0.31157207546804877	25
2.2095302459239434	0.31157207546804877	25
2.1851612666923366	0.313955845958927	25
2.16505494687798	0.3159502810484864	25
1.8080833579163755	0.356114784548992	25
1.8080833579163755	0.356114784548992	25
1.776730336058666	0.36013579965399717	25
1.6861364156497238	0.3722819117353426	25
1.6018369258747995	0.38434384186617543	25
1.6018369258747995	0.38434384186617543	25
1.6018369258747995	0.38434384186617543	25
1.594805507295412	0.38538533897375166	25
1.576526073922274	0.3881194955181218	25
1.5040748818801486	0.39934907986823637	25
1.4099918539613903	0.4149391618715491	25
1.3114135890809315	0.43263568438118505	25
1.3114135890809315	0.43263568438118505	25
1.311379864223296	0.43264199687749494	25
1.3056495686678016	0.433717254169634	25
1.2849800052880926	0.4376405910273683	25
0.789005523370605	0.5589697666868763	25
0.7640901280606389	0.5668644612275876	25
0.7640901280606389	0.5668644612275876	25
