321.3807449729677	0.00310192223199885	0
112.47762290565935	0.00881231007836108	2
86.08994907012288	0.011482381269907763	3
54.97809192773256	0.017864131583673754	0
22.58230303398766	0.04240467941399804	0
1.5448969107386894	0.3929432252364741	25
1.5448969107386894	0.3929432252364741	25
15.395444772949093	0.060992550909622405	25
6.6490273200743975	0.13073557697663885	25
1.880108907195746	0.34720909251090176	25
1.880108907195746	0.34720909251090176	25
1.880108907195746	0.34720909251090176	25
0.37151279469750165	0.7291218892497158	25
4.994332076016148	0.16682425786871038	25
3.8258413510299256	0.20721775277311616	25
2.5734113476636473	0.27984463659741154	25
2.326702164079691	0.3005979948543554	24
0.0518657472426689	0.9506916663284946	25
0.0518657472426689	0.9506916663284946	25
0.0518657472426689	0.9506916663284946	25
0.0518657472426689	0.9506916663284946	25
0.0518657472426689	0.9506916663284946	25
0.0518657472426689	0.9506916663284946	25
0.0518657472426689	0.9506916663284946	25
0.05151721716831226	0.9510067773240597	25
0.05151721716831226	0.9510067773240597	25
0.04171389401135883	0.959956477252377	25
0.04171389401135883	0.959956477252377	25
0.02525396201443364	0.9753680912729035	25
0.02525396201443364	0.9753680912729035	25
0.02525396201443364	0.9753680912729035	25
0.02525396201443364	0.9753680912729035	25
0.02525396201443364	0.9753680912729035	25
0.02525396201443364	0.9753680912729035	25
0.02525396201443364	0.9753680912729035	25
0.02525396201443364	0.9753680912729035	25
0.022695920996021357	0.9778077524999637	25
0.013648080386651884	0.9865356817116984	25
0.013648080386651884	0.9865356817116984	25
0.013648080386651884	0.9865356817116984	25
0.013648080386651884	0.9865356817116984	25
0.012882779466375283	0.987281075631316	25
0.012882779466375283	0.987281075631316	25
0.012882779466375283	0.987281075631316	25
0.012882779466375283	0.987281075631316	25
0.012882779466375283	0.987281075631316	25
0.012882779466375283	0.987281075631316	25
0.012882779466375283	0.987281075631316	25
0.012882779466375283	0.987281075631316	25
0.012882779466375283	0.987281075631316	25
0.012565073157908557	0.9875908487355567	25
0.012565073157908557	0.9875908487355567	25
