266.72420354241876	0.003735187132012732	0
235.63952511264043	0.0042258367427165855	2
80.71721553925595	0.01223732347463078	0
80.71721553925595	0.01223732347463078	0
13.017022357065342	0.07134182813769614	25
13.017022357065342	0.07134182813769614	25
29.684078434931358	0.03259019175435233	12
31.826178553071045	0.030463491154880264	11
4.233476509089641	0.19107757496631034	25
4.19440482168579	0.19251483746995685	25
3.638885164133825	0.2155690353647115	24
3.8226555497295145	0.20735463888895952	25
3.1222284315698126	0.24258723566640958	25
2.3731343074522098	0.2964601788285502	25
2.458986608642485	0.28910201545777603	25
2.458986608642485	0.28910201545777603	25
2.2091599662975625	0.3116080253094112	25
2.2091599662975625	0.3116080253094112	25
1.85661103623619	0.35006516018980965	25
1.9374910646750383	0.34042656742876787	25
1.784368592740373	0.35914785226614016	25
1.784368592740373	0.35914785226614016	25
1.784368592740373	0.35914785226614016	25
1.722713231364482	0.3672806920980261	25
1.722713231364482	0.3672806920980261	25
1.722713231364482	0.3672806920980261	25
1.729856579532301	0.366319610890081	25
1.7100211476042624	0.3690008105228364	25
1.6906600846536328	0.37165601322276626	25
1.6906600846536328	0.37165601322276626	25
1.650142761788036	0.3773381624638613	25
1.650142761788036	0.3773381624638613	25
1.6422856936904342	0.37846021056236256	25
1.6422856936904342	0.37846021056236256	25
1.6422856936904342	0.37846021056236256	25
1.6422856936904342	0.37846021056236256	25
1.6422856936904342	0.37846021056236256	25
1.6412276401733177	0.3786118185308631	25
1.6412276401733177	0.3786118185308631	25
1.6412276401733177	0.3786118185308631	25
1.6412276401733177	0.3786118185308631	25
1.6412276401733177	0.3786118185308631	25
1.6412276401733177	0.3786118185308631	25
1.6412276401733177	0.3786118185308631	25
1.6412276401733177	0.3786118185308631	25
1.6412276401733177	0.3786118185308631	25
1.6412276401733177	0.3786118185308631	25
1.6412276401733177	0.3786118185308631	25
1.6412276401733177	0.3786118185308631	25
1.6412276401733177	0.3786118185308631	25
1.6412276401733177	0.3786118185308631	25
1.6412276401733177	0.3786118185308631	25
