497.3537050470926	0.0020066069337349537	1
215.49564537664958	0.004619030550292336	3
97.89341064501971	0.010111897177755595	7
80.35450115879787	0.012291882879941396	13
80.35450115879787	0.012291882879941396	13
74.99746453414286	0.013158333717182589	11
78.93617674668103	0.012509980345557623	6
74.44759430788608	0.013254233076262261	16
62.899250184543035	0.015649635905147067	22
67.56760997333393	0.014584145493606994	15
68.67938014775154	0.014351447987619169	23
56.09382933412388	0.017515027659956228	25
56.05036390432202	0.01752837197808377	25
55.587704402551324	0.01767168346123816	24
53.58010782900813	0.018321693374678934	25
53.019924890890316	0.018511688085827673	25
53.3909023145078	0.018385427662472663	25
51.77138104038589	0.018949665145861938	25
50.852753189784316	0.019285379049014766	25
50.852753189784316	0.019285379049014766	25
50.787191785329384	0.01930979389933413	25
50.46926707869927	0.01942907013754337	25
50.46926707869927	0.01942907013754337	25
50.37120219583494	0.01946615919533761	25
50.3031145288362	0.019491993988745557	25
50.291779132212625	0.01949630168652062	25
50.28221049862783	0.01949993945808473	25
50.26077530163558	0.01950809354941795	25
50.177105785843374	0.019539987356546065	25
50.177105785843374	0.019539987356546065	25
50.16865528976509	0.019543214382653964	25
50.16865528976509	0.019543214382653964	25
50.16865528976509	0.019543214382653964	25
50.16865528976509	0.019543214382653964	25
50.16778171344329	0.01954354803966947	25
50.16841605807124	0.01954330575457126	25
50.16443998011394	0.01954482449898151	25
50.163776560649936	0.019545077928612098	25
50.16287305653506	0.01954542308237847	25
50.158140377339386	0.019547231244608575	25
50.160304337255056	0.019546404442942252	25
50.160304337255056	0.019546404442942252	25
50.15976457564369	0.01954661066747917	25
50.15976457564369	0.01954661066747917	25
50.158140377339386	0.019547231244608575	25
50.158140377339386	0.019547231244608575	25
50.158140377339386	0.019547231244608575	25
50.158140377339386	0.019547231244608575	25
50.15758434465753	0.01954744370380795	25
50.15494101475976	0.01954845377910747	25
50.15494101475976	0.01954845377910747	25
50.15494101475976	0.01954845377910747	25
