0.10989403466490563
0.1257120469596143
0.13323936537313597
0.139706148535418
0.13727090052468585
0.14240178961958044
0.15338768383315976
0.15668493409184442
0.15770554427158268
0.16931058337670662
0.17063430557344064
0.17279162375636642
0.17756637820513915
0.18515491243517151
0.18669640450089983
0.19684891077670594
0.20260029856263376
0.2088344826016754
0.21211161546550383
0.2206107887484295
0.22552326914541826
0.22829810812219214
0.23120348921051517
0.23386990995554444
0.2408045100566542
0.24356492089566123
0.24822427907973638
0.249159090413153
0.2532274999147942
0.25759179097321583
0.2622630318125872
0.2652541347038766
0.2692141679369156
0.27166408037636086
0.2744018600535282
0.2805051546476047
0.2815996922971303
0.28382192311522053
0.289813378391674
0.29180165128050184
0.2963891931618716
0.2990025695179972
0.3013560069886806
0.3038422231848053
0.30526698266928615
0.3093321330364679
0.31089568416690866
0.31150207582421735
0.31545528800827916
0.31724588877546506
0.320446648071933
0.32206061321782
0.3238569140837731
0.3257612459108724
0.32782258025823924
0.32902454550330773
0.3311066461626311
0.33335826328216495
0.3346396131571695
0.33523177871542414
0.3375083060395954
0.33884166077191624
0.34338097289219016
0.34423649140553325
0.3452311658685085
0.34704902328122744
0.3492641502080743
0.34998322139917576
0.3506866310146301
0.35187137711776695
0.352778302005426
0.3532461546158188
0.35466526694905137
0.35542799671469755
0.3572816786177207
0.3581862478463912
0.3592071925101704
0.3597586171195983
0.36106788066496287
0.36170878375979904
0.3627013748612487
0.36423464400497896
0.3652144877718727
0.3659018005776532
0.3673288650547394
0.3688455928779686
0.36984865755279706
0.3713310812831615
0.372259428983871
0.3728982984682653
0.373927733622084
0.37464551831256465
0.37724963126636685
0.3777842217045969
0.3780393971579932
0.37947184261962286
0.38074360194888135
0.382118205484826
0.38308846831233023
0.3848889931539754
0.3850199318608592
