0.005361363779108261
0.05211453848698476
0.11140329952496106
0.1867827454900017
0.2904071928267851
0.4407167454689019
0.6865808794126269
0.1740699614647957
-269.1904152792876
-1.8274744874780557
-0.5632206037331163
-0.13764867911269985
0.07732510851552618
0.20734310606962345
0.2951773104326099
0.3582977201445966
0.40647116373922804
0.4443967376128438
0.47508260677628283
0.5014183655791227
0.5227108040158824
0.5421919223863978
0.5585127720293434
0.5733660159752223
0.5865432591402852
0.5981637371111223
0.6089671332733116
0.6191006867328057
0.6281832962119414
