0.413373419
0.398607598
0.387011403
0.39546374
0.413897395
0.423363326
0.42549359
0.421147164
0.424935255
0.432983873
0.430389761
0.41790023
0.416525866
0.401828763
0.400016321
0.37536367
0.379787403
0.382630618
0.370673653
0.364815427
0.374831104
0.37874804
0.37536367
0.376222647
0.366035175
0.370519037
0.364136835
0.346046771
0.337491357
0.329794919
0.348185625
0.346347413
0.340351751
0.32711491
0.311567419
0.311696266
0.30394829
0.294009921
0.296080057
0.300237507
0.298639809
0.30088174
0.320732708
0.315621792
0.302316233
0.275669895
0.283556166
0.290488114
0.282512509
0.286356433
0.298115833
0.33696738
0.348211394
0.345144845
0.360572079
0.361431056
0.38026843
0.388694999
0.383206133
0.376634956
0.37725342
0.380912663
0.377794576
0.387758713
0.404457234
0.387277686
0.385808835
0.385070114
0.393247579
0.399561063
0.405084287
0.380912663
0.361903494
0.33278416
0.349113321
0.350444736
0.355246419
0.360872721
0.38026843
0.380715099
0.363544141
0.365030172
0.362204136
0.353459746
0.345531385
0.336881483
0.332964546
0.336563661
0.341459832
0.328429145
0.33203685
0.340514957
0.352343076
0.366060944
0.362573496
0.356878476
0.348280113
0.339716108
0.33052505
0.330301716
0.330628127
0.315939614
0.328008246
0.334124165
0.340489188
0.355315137
0.356766809
0.35329654
0.355512702
0.353391028
0.348245753
0.338693925
0.33887431
0.346003822
0.348237164
0.344895742
0.33395237
0.330860051
0.327398372
0.325242339
0.323756308
0.331315309
0.335532888
0.335928018
0.327638886
0.321136427
0.331220822
0.331830696
0.327973887
0.339174952
0.34304035
0.351999485
0.354301544
0.353906414
0.353245002
0.355426804
0.351286533
0.350539223
0.357763223
0.355796165
0.349474091
0.346587927
0.342121245
0.337903666
0.338393283
0.334459166
0.336443404
0.344869972
0.346416132
0.348778319
0.359283613
0.367521206
0.366670818
0.36393927
0.374350076
0.383790238
0.383566904
0.376179698
0.376394442
0.375612773
0.377657139
0.3848296
0.38333498
0.385525372
0.386650632
0.395944768
0.3905418
0.386599094
0.395206047
0.39547233
0.394450147
0.402996972
0.396357077
0.391014238
0.393110142
0.390507441
0.388377177
0.386410119
0.377983551
0.363002985
0.354713853
0.353425387
0.349929349
0.35634591
0.359713102
0.352489102
0.340935856
0.356182704
0.353193463
0.34458651
0.356311551
0.355650139
0.355074624
0.349620117
0.33772328
0.336194301
0.331306719
0.322184379
0.30051238
0.306009835
0.307882406
0.289989907
0.294920437
0.302350592
0.313663324
0.320371937
0.322321816
0.321703352
0.333368265
0.357325144
0.36813967
0.367976464
0.36393927
0.358501943
0.369093135
0.368234157
0.368723774
0.360125411
0.35254064
0.333806344
0.345204973
0.351303713
0.347721777
0.348142676
0.336263019
0.331512874
0.325010415
0.326290291
0.336477763
0.335369682
0.338144179
0.33507763
0.327690425
0.334562244
0.361431056
0.359610024
0.341820603
0.351655894
0.350685249
0.356182704
0.361267851
0.351269354
0.338762643
0.341038933
0.350032426
0.332543647
0.327346834
0.337688921
0.342868555
0.353837696
0.360065282
0.361465415
0.351097558
0.370166856
0.370939936
0.361611442
0.342834196
0.341107651
0.335172118
0.337439818
0.33622866
0.339673159
0.343272274
0.345960874
0.344285868
0.337130586
0.340970215
0.341073292
0.34952563
0.346450491
0.344921511
0.360013744
0.364884145
0.367143256
0.370493268
0.36661928
0.37154981
0.36887839
0.365545558
0.35901733
0.364549144
0.36964288
0.361482595
0.361886314
0.358579251
0.360219898
0.346733953
0.33127236
0.328094144
0.337826358
0.342628041
0.341459832
0.325001825
0.332397621
0.331736208
0.341983808
0.345419718
0.356466167
0.355658728
0.337491357
0.307813688
0.306636889
0.29102927
0.286906178
0.282006571
0.284346426
0.258537591
0.239497498
0.242213585
0.259004016
0.279276741
0.277586274
0.272569846
0.274746494
0.281995404
0.263291172
0.250502717
0.27660618
0.275244701
0.277104387
0.29596839
0.297566088
0.293589022
0.298502373
0.301483024
0.341657397
0.342267271
0.343323813
0.331684669
0.33734533
0.337542895
0.348520626
0.352214229
0.360494771
0.360305796
0.363312217
0.357565658
0.364935684
0.36813108
0.36396504
0.361147594
0.366739537
0.36167157
0.358123993
0.361851955
0.388394357
0.396760796
0.394630532
0.398229648
0.398599008
0.391057186
0.383429467
0.379186119
0.37420405
0.372151094
0.366730947
0.37039019
0.374693667
0.385413705
0.383841776
0.377124573
0.376823931
0.366421715
0.36699723
0.36890416
0.357239247
0.344165611
0.343538557
0.346270105
0.342945863
0.347884983
0.344887152
0.337972384
0.328523633
0.328265939
0.338169949
0.334656731
0.337517126
0.333754805
0.331392617
0.323584513
0.31039062
0.311464342
0.306173041
0.325293878
0.329863637
0.331487105
0.336623789
0.333703266
0.340970215
0.33470827
0.333780574
0.319040522
0.317485773
0.322064123
0.32215861
0.320475014
0.333746215
0.334175704
0.335008912
0.329932356
0.325938111
0.323240922
0.323833616
0.309454335
0.31987373
0.320930273
0.323764898
0.322983228
0.316583847
0.315750639
0.310132927
0.315175124
0.308844461
0.307272532
0.320492194
0.320552322
0.315518715
0.305631885
0.292730045
0.285806687
0.298304808
0.28836644
0.285067967
0.26907209
0.254445423
0.246587498
0.198634226
0.192055318
0.175163528
0.148500011
0.166622716
0.170586896
0.172529903
0.16937402
0.184417291
0.183912213
0.192495115
0.209482251
0.212833981
0.20805549
0.209178173
0.204209848
0.21846286
0.233850581
0.23187751
0.226979621
0.232055318
0.238771662
0.216834239
0.215466747
0.230480813
0.234466468
0.230141517
0.236501385
0.248120772
0.243413576
0.219460992
0.21590053
0.221172934
0.226272682
0.237665299
0.248329504
0.252067773
0.258736015
0.250890115
0.248804518
0.261659115
0.270558121
0.274308416
0.274802328
0.280615028
0.28063822
0.273548221
0.279336869
0.282017738
0.282011725
0.271229841
0.267984624
0.273324028
0.269660489
0.273518157
0.294860309
0.297188138
0.291158116
0.28913093
0.284002835
0.27574119
0.273119591
0.269619258
0.276704104
0.283951296
0.290221831
0.289165289
0.288606953
0.288899006
0.297162368
0.295281208
0.298485193
0.294456589
0.288993493
0.297583267
0.307006249
0.308423562
0.300778663
0.305906758
0.29138145
0.291089398
0.281381236
0.281452531
0.275468035
0.270421543
0.268115189
0.269137372
0.263170056
0.270351107
0.273862607
0.273577426
0.274748212
0.263360749
0.275979127
0.277821633
0.274516288
0.26320012
0.259710954
0.260565637
0.26078124
0.273428823
0.274564391
0.28248674
0.287129512
0.283281294
0.27399403
0.278861855
0.285205403
0.282851805
0.29746301
0.298691348
0.304558164
0.303140851
0.314840123
0.334184294
0.333840703
0.33430455
0.334768398
0.33965598
0.338221487
0.337585844
0.335910838
0.329975304
0.334794168
0.339424056
0.340454829
0.336494943
0.326075547
0.32483003
0.321230915
0.319822192
0.321626044
0.325809264
0.317176541
0.312916013
0.311833702
0.305133678
0.311438572
0.304875985
0.308835871
0.316540898
0.315183714
0.303072133
0.30203277
0.309110744
0.310674083
0.304867395
0.305906758
0.304626882
0.29784955
0.296672751
0.286038611
0.289740804
0.277233234
0.283178216
0.290075805
0.292730045
0.290548242
0.284690017
0.275681921
0.295427234
0.295066463
0.28796272
0.29217171
0.308784332
0.312623961
0.31002126
0.312993321
0.312606782
0.307805098
0.296200314
0.301199562
0.301336998
0.292815943
0.281649237
0.277785556
0.286270535
0.281476582
0.260252969
0.265533962
0.265676552
0.251410656
0.258421629
0.261918526
0.250405652
0.250459768
0.239595422
0.25581721
0.258736015
0.259735864
0.246035175
0.233732042
0.22851719
0.23222196
0.210552537
0.219924839
0.227904739
0.224865677
0.208405953
0.202828613
0.229367578
0.231990036
0.224063393
0.208269375
0.18427556
0.183787661
0.169415251
0.16544334
0.17297743
0.164265682
0.145724655
0.119762922
0.101771641
0.128194644
0.137417484
0.133838126
0.171990465
0.176307686
0.174125024
0.173917152
0.154543776
0.137720704
0.146759723
0.150369146
0.172466339
0.179274594
0.174582859
0.174880065
0.175118002
0.184216291
0.182782657
0.196234243
0.195579702
0.194536904
0.203354307
0.201162196
0.192404063
0.198201301
0.181620461
0.174578564
0.178129577
0.167471385
0.149718041
0.146935813
0.151618099
0.15877338
0.162604419
0.173280649
0.160227629
0.143348723
0.144278137
0.152273498
0.132619237
0.125500032
0.112333627
0.109533361
0.099780531
0.101502781
0.110760839
0.110498851
0.084970043
0.105738398
0.108210535
0.103408852
0.092357249
0.079738871
0.07842893
0.067895291
0.073126463
0.10236004
0.103540275
0.132803917
0.130778448
0.138195718
0.139321837
0.157898941
0.156717847
0.153340348
0.158826637
0.149091846
0.156491936
0.145178345
0.150295273
0.153268194
0.15742135
0.173601907
0.170229562
0.179559774
0.176658148
0.16829944
0.156872463
0.154191595
0.153232976
0.157665299
0.161001568
0.16549316
0.157813903
0.166076406
0.184419009
0.186465093
0.185475551
0.183373634
0.191577727
0.192472781
0.200464707
0.184810703
0.180557906
0.176901239
0.169209956
0.166158868
0.160575515
0.164604119
0.163679859
0.156888784
0.16474585
0.165699315
0.156485924
0.154239698
0.154962957
0.158432366
0.153102412
0.159374664
0.149444886
0.142171924
0.141877295
0.163090601
0.165428737
0.179610454
0.179762493
0.174068332
0.178503232
0.181153177
0.185511628
0.183285159
0.18425065
0.18003393
0.170610948
0.164397964
0.149032577
0.144050508
0.142442502
0.123755449
0.120633925
0.124415144
0.122960895
0.118543174
0.123904911
0.119827346
0.123943565
0.110150965
0.110934353
0.105144845
0.109597784
0.09835377
0.092106427
0.103007709
0.117371529
0.114544635
0.113190886
0.114214787
0.11233105
0.104011854
0.10446883
0.104366612
0.10790388
0.109249039
0.097588421
0.091566131
0.091722464
0.0888363
0.088462645
0.080125411
0.072365409
0.095752786
0.104968755
0.123368909
0.128825134
0.134690231
0.138226641
0.155695664
0.155063457
0.139850967
0.13532158
0.132470634
0.12845835
0.123110357
0.119476883
0.138040243
0.139670582
0.137114265
0.155526446
0.140289905
0.144198252
0.13017201
0.139844955
0.141072433
0.14540941
0.149180321
0.140686752
0.145024588
0.15271759
0.156056435
0.15485902
0.148579037
0.153933043
0.15892456
0.156260012
0.152789744
0.161800417
0.162546868
0.165920931
0.165391801
0.160242232
0.163478858
0.174703975
0.172970559
0.173410355
0.173356239
0.174627526
0.168959134
0.158107673
0.155779844
0.164797389
0.164598106
0.178910387
0.184243778
0.184935255
0.185429167
0.197020207
0.191618099
0.201669852
0.200617605
0.215282926
0.202447227
0.201832199
0.212477506
0.217020637
0.215866171
0.224137265
0.227041467
0.225399961
0.223650224
0.220490906
0.2138931
0.208834582
0.210632422
0.204659952
0.205802392
0.202584663
0.201104645
0.209477956
0.2095922
0.219168939
0.217044688
0.216419353
0.210013099
0.209321623
0.220654111
0.217183843
0.209917753
0.206494728
0.212900981
0.212870917
0.211721605
0.214217794
0.220912663
0.221183241
0.222837632
0.221623038
0.217057573
0.227782765
0.21685829
0.214704834
0.212864904
0.208298581
0.208335517
0.213177572
0.218350334
0.223390813
0.224407842
0.225478128
0.225701462
0.232763116
0.234970687
0.233096399
0.238093929
0.239685614
0.226869672
0.227135096
0.226544119
0.230461915
0.232922026
0.242777933
0.248052913
0.249058776
0.247377757
0.248221273
0.246985204
0.240113385
0.239932141
0.238684906
0.238907381
0.245798097
0.247799515
0.253675779
0.255672042
0.251874503
0.246858934
0.247648335
0.236122576
0.227514764
0.230696416
0.229217257
0.237348337
0.24063822
0.253992742
0.250417678
0.252968841
0.25446432
0.262768055
0.257919127
0.264039341
0.266572465
0.269753259
0.267469238
0.266813838
0.263562609
0.264109777
0.260479739
0.250181459
0.248362145
0.253757382
0.261157472
0.264364035
0.268786909
0.268881397
0.273717439
0.271885241
0.270554685
0.271521893
0.274353942
0.2675517
0.262124681
0.270554685
0.270001503
0.273443426
0.262506067
0.261202139
0.257523998
0.259108811
0.25259948
0.261106792
0.265046063
0.265000537
0.265885284
0.274238839
0.274085941
0.277655851
0.276955784
0.276059012
0.280073872
0.282903344
0.279061997
0.284913351
0.287112333
0.294628385
0.294456589
0.29521249
0.304463676
0.307822278
0.311670496
0.314926021
0.311971138
0.312099985
0.321291043
0.321815019
0.322356175
0.327905169
0.32937402
0.329812099
0.328978891
0.333540061
0.333248008
0.324864389
0.326427728
0.32975197
0.33354865
0.334235832
0.335635965
0.337912255
0.339406876
0.337912255
0.343212146
0.342920094
0.339192132
0.327527219
0.326513626
0.331512874
0.328076964
0.327664655
0.327518629
0.333608779
0.335764812
0.336469173
0.346794082
0.345797668
0.345746129
0.345789078
0.344526381
0.347369596
0.341751884
0.338041102
0.33736251
0.335515709
0.335215066
0.338676745
0.342378938
0.340910087
0.335034681
0.334450577
0.338582258
0.337121996
0.328137093
0.323343999
0.310244594
0.303355595
0.303347005
0.301629051
0.310682672
0.310880237
0.309660489
0.29863122
0.293915434
0.291931196
0.302058539
0.305984066
0.312744218
0.315905255
0.317142182
0.318628213
0.325276698
0.330628127
0.33166749
0.331538643
0.330232998
0.32784504
0.330104151
0.318310391
0.319624627
0.32215861
0.321445659
0.324529388
0.311232418
0.325293878
0.324117079
0.326685421
0.328789916
0.323610282
0.317683338
0.311318316
0.310897417
0.315819357
0.312555243
0.309110744
0.306001246
0.292626968
0.285926944
0.286777332
0.289002083
0.288280542
0.283487448
0.281523826
0.29064273
0.280115103
0.285798097
0.286545408
0.293090815
0.293700689
0.301723538
0.301242511
0.301070715
0.307444328
0.306851633
0.308586767
0.316240256
0.319813602
0.319684755
0.317941031
0.317107823
0.319401293
0.316429231
0.316137179
0.32025168
0.320432066
0.317099233
0.32446067
0.324512208
0.324512208
0.32252797
0.31949578
0.323112075
0.321127837
0.311335495
0.306714197
0.305537398
0.305288294
0.3031838
0.304721369
0.304721369
0.307281122
0.302883158
0.303115081
0.295401465
0.296002749
0.303003414
0.288950544
0.286545408
0.282963472
0.291493117
0.295255438
0.296638392
0.295495952
0.30012584
0.297952627
0.296586853
0.293726459
0.279264715
0.270497992
0.277884339
0.278701226
0.277180836
0.270175017
0.279809307
0.284690017
0.289783752
0.289749393
0.293537484
0.293898254
0.295246849
0.29974789
0.299258273
0.300778663
0.299541736
0.297574677
0.30052956
0.308535229
0.310278953
0.313852299
0.313663324
0.311610368
0.310287543
0.312563833
0.311850882
0.309866644
0.306851633
0.309677669
0.307023429
0.305872399
0.303596109
0.291974145
0.289620547
0.286648485
0.291183886
0.294336333
0.294911847
0.299696351
0.305863809
0.301629051
0.303261108
0.303338416
0.295349926
0.291123757
0.291424399
0.293563253
0.282929113
0.281151889
0.279214036
0.284397964
0.273677926
0.274317865
0.2726085
0.263556596
0.273057745
0.284226169
0.286502459
0.286425151
0.289216827
0.29406146
0.301148023
0.309969721
0.318430648
0.317485773
0.319384113
0.320380527
0.32444349
0.32898748
0.330997487
0.329863637
0.334416217
0.332913007
0.331916593
0.326273112
0.326874396
0.327939528
0.329305302
0.33051646
0.324134258
0.333333906
0.336683918
0.337869307
0.333488522
0.331358258
0.326170035
0.330954539
0.332079799
0.337826358
0.342344579
0.343298044
0.345067537
0.346141259
0.345797668
0.3483746
0.35330513
0.356912835
0.357204888
0.356423218
0.35596796
0.355667318
0.354146928
0.357144759
0.34874396
0.341425473
0.339982391
0.338745464
0.33964739
0.335876479
0.336142762
0.335739043
0.331341078
0.336658148
0.336434814
0.329605944
0.326633882
0.320681169
0.326427728
0.328334658
0.325422724
0.324589516
0.326462087
0.331624541
0.335584427
0.334278781
0.344818434
0.345643052
0.346587927
0.346330234
0.348254343
0.353863466
0.351552816
0.355856293
0.355942191
0.354894238
0.35066807
0.349937939
0.342825606
0.347549982
0.355263599
0.354962957
0.355572831
0.357350914
0.357299375
0.365305044
0.367203384
0.364454657
0.361937853
0.357840531
0.357565658
0.351827689
0.354679494
0.346338824
0.339209311
0.338788412
0.336795585
0.335034681
0.325362596
0.327183628
0.328463504
0.327372603
0.32938261
0.329193635
0.331504284
0.320801426
0.323567333
0.327819271
0.330490691
0.330190049
0.32405695
0.328145683
0.327398372
0.318533726
0.306559581
0.291690682
0.296080057
0.298656989
0.301414306
0.301474435
0.304987652
0.305279705
0.301500204
0.299352761
0.299507376
0.304833036
0.308792922
0.316351923
0.317494363
0.317047695
0.3156991
0.315527305
0.309368437
0.310321902
0.302762901
0.304558164
0.311576009
0.323936693
0.325130672
0.325525802
0.330808512
0.327535809
0.325860803
0.32937402
0.330052612
0.329219404
0.333007495
0.330731205
0.33015569
0.323953873
0.332354672
0.329305302
0.32785363
0.328901583
0.333248008
0.333033264
0.333308137
0.333789164
0.339011747
0.337405459
0.336786995
0.338144179
0.333230829
0.318911676
0.3111637
0.317829364
0.3198995
0.318095647
0.312168703
0.316059871
0.31532115
0.30926536
0.322347585
0.328523633
0.32936543
0.331160693
0.339132003
0.338822771
0.337628793
0.340059699
0.342018167
0.342774067
0.339209311
0.341605858
0.336409045
0.33811841
0.343667404
0.344285868
0.3403947
0.34269676
0.342602272
0.342499195
0.335103399
0.33469109
0.337534305
0.344431894
0.34155432
0.341288037
0.338908669
0.337637383
0.333222239
0.33356583
0.336434814
0.337714691
0.332243005
0.330653897
0.322613868
0.321376941
0.324512208
0.322278867
0.324280284
0.326771319
0.325371186
0.333583009
0.337645972
0.337310971
0.342413297
0.342920094
0.340532136
0.337027509
0.332638134
0.338247257
0.338006743
0.334588013
0.324254515
0.320818605
0.32178925
0.326376189
0.325259519
0.326625293
0.331031847
0.331581592
0.334914424
0.331409797
0.320303219
0.314376275
0.312469345
0.31039062
0.309514463
0.309170872
0.303364185
0.307710611
0.312787167
0.313689093
0.318207314
0.319813602
0.312787167
0.315879485
0.31800116
0.319959628
0.312632551
0.317399875
0.32444349
0.321746301
0.325027595
0.330842872
0.330086971
0.333600189
0.331959542
0.33433891
0.338943028
0.342464836
0.343633045
0.346373183
0.34381343
0.345144845
0.35103743
0.354387442
0.358003737
0.364308631
0.36471235
0.364403118
0.36508171
0.362075289
0.362942857
0.361783237
0.357969377
0.363054524
0.357204888
0.355409625
0.351870638
0.352360255
0.35749694
0.361645801
0.363269268
0.363406704
0.361869135
0.356517706
0.360022333
0.359171946
0.360357335
0.362762471
0.353519875
0.353519875
0.349972298
0.35674963
0.359309382
0.360649387
0.36585479
0.370269934
0.369737368
0.372640711
0.372468916
0.367907746
0.364918505
0.359094638
0.361319389
0.358287199
0.345943694
0.347086134
0.347970881
0.353760388
0.362719522
0.362564906
0.361963622
0.365751713
0.364248502
0.356818348
0.352600769
0.35331372
0.356972964
0.364437477
0.363810424
0.363372345
0.372632121
0.374435974
0.378911246
0.379873301
0.380629201
0.382209719
0.380208302
0.375879056
0.379924839
0.377141753
0.374496102
0.37305302
0.377700088
0.371721605
0.367589924
0.370828269
0.372752378
0.377038675
0.378559065
0.382390105
0.388007817
0.392800911
0.393453733
0.395025662
0.397310542
0.396777976
0.396640539
0.395687075
0.392629115
0.392740782
0.389519617
0.390799493
0.384975627
0.389828849
0.388033586
0.390095132
0.389742951
0.39166706
0.38446883
0.384563317
0.380912663
0.383858956
0.382278438
0.392629115
0.394561814
0.401528121
0.403400691
0.399432216
0.399062856
0.40116735
0.404345567
0.404414285
0.405333391
0.405273262
0.405032749
0.408314042
0.418905233
0.420382674
0.423569481
0.426103464
0.423466403
0.411483669
0.405926085
0.408090708
0.403761462
0.3897859
0.384022162
0.383592673
0.385946271
0.382982799
0.387002813
0.392886808
0.39242296
0.384254086
0.391744368
0.393084373
0.389906157
0.376626366
0.375183284
0.365502609
0.366490433
0.362272854
0.356706681
0.352815513
0.371670067
0.372417377
0.373482509
0.371094552
0.379847532
0.375217643
0.374908412
0.372718019
0.374040844
0.366919922
0.385327807
0.388772307
0.388402946
0.387861791
0.390619108
0.387793072
0.383523955
0.381522537
0.38141946
0.369617111
0.355512702
0.351587175
0.35254064
0.371841862
0.371738785
0.364394528
0.37420405
0.380027917
0.382089462
0.384666395
0.389433719
0.387346404
0.38445165
0.38824833
0.39168424
0.398100801
0.389665643
0.392268345
0.390077952
0.380904074
0.378945605
0.385946271
0.38866064
0.397808749
0.400523117
0.401304787
0.401261838
0.401493762
0.400385681
0.397284772
0.395798742
0.401845942
0.401132991
0.403503769
0.403349153
0.409465072
0.410470075
0.408580325
0.403340563
0.403134408
0.404714927
0.412600339
0.417255997
0.415701248
0.421233062
0.419077029
0.416809328
0.422555887
0.422693324
0.414326884
0.421490755
0.426112054
0.430449889
0.431111302
0.432270921
0.430973866
0.433731183
0.441650955
0.443265832
0.442887882
0.443514935
0.443927245
0.443781218
0.450962269
0.451039577
0.454183435
0.452620096
0.458684476
0.456811905
0.458632937
0.465186935
0.465925656
0.467145403
0.46877746
0.468597075
0.464499753
0.464173342
0.465083858
0.457224215
0.459715249
0.464542702
0.471294264
0.47107952
0.470495415
0.465350141
0.468579896
0.474017222
0.479488908
0.482426611
0.483852514
0.484943415
0.48362059
0.485441622
0.482271995
0.478440956
0.467248481
0.475108124
0.478063006
0.475735177
0.481060837
0.48324264
0.483251229
0.485424442
0.483027895
0.484891876
0.483113793
0.486094445
0.491471643
0.496204608
0.496582558
0.496685636
0.497252561
0.495981274
0.490526768
0.490354972
0.499030644
0.49994975
0.499614749
0.504278996
0.498274744
0.495672042
0.49273434
0.494495243
0.493223957
0.501203857
0.502621169
0.504691305
0.50717375
0.506993364
0.504837331
0.503617583
0.502037065
0.507989778
0.50792106
0.500740009
0.501049241
0.50068847
0.510867352
0.513066335
0.513178002
0.512946078
0.512894539
0.514586725
0.511623253
0.51247364
0.506615414
0.51097043
0.519663281
0.521346877
0.520505079
0.522798548
0.521681878
0.520032641
0.513023386
0.514320442
0.508496575
0.484797389
0.479274164
0.475683639
0.470650031
0.473707991
0.476499667
0.480511092
0.4828561
0.484496747
0.480854683
0.466707325
0.470589903
0.470787468
0.474592737
0.479686473
0.495637683
0.495337041
0.498326283
0.496247557
0.494692808
0.488490991
0.487236884
0.490226126
0.488362145
0.5003277
0.500946164
0.503608993
0.505421436
0.504983357
0.504253227
0.502303348
0.507294006
0.517240965
0.522291752
0.526457792
0.525736251
0.537435523
0.538947323
0.53946271
0.549564284
0.551737497
0.553043142
0.55424571
0.552166985
0.562345867
0.561529839
0.564768183
0.567619988
0.567336526
0.572052312
0.571176155
0.568977173
0.573297829
0.581698628
0.58238581
0.584713638
0.588304164
0.590666352
0.59072648
0.592710718
0.593973415
0.5846621
0.58883673
0.594969828
0.598148045
0.599771512
0.599634076
0.598182404
0.59110443
0.581578371
0.577369382
0.581397986
0.57894131
0.58199927
0.590288402
0.599488049
0.597701377
0.596352782
0.598259712
0.588793781
0.587153134
0.582317092
0.579199004
0.577523998
0.58313312
0.585383641
0.58653467
0.591155969
0.590150965
0.594755084
0.597924711
0.596095089
0.59109584
0.61505272
0.620412739
0.62529173
0.628117766
0.623298903
0.6275852
0.627026865
0.623994674
0.621160049
0.610955398
0.607631155
0.585065819
0.574491808
0.5831503
0.574088088
0.583562609
0.58085683
0.580719394
0.592564692
0.600097923
0.596361372
0.566657934
0.569380892
0.563505487
0.550345953
0.530520755
0.554735328
0.555937896
0.555645844
0.56149548
0.565979342
0.573100264
0.573598471
0.567697296
0.565532673
0.567396654
0.577180407
0.58276376
0.578400155
0.574577705
0.571322181
0.558128288
0.56833294
0.571253463
0.580642086
0.579826057
0.579113106
0.603894603
0.614846565
0.610946808
0.615679773
0.61543926
0.607948977
0.618995426
0.619390556
0.619768506
0.636149204
0.635462022
0.629569438
0.627121352
0.636922284
0.632069062
0.640572938
0.640401142
0.643244358
0.634972405
0.636406898
0.625540834
0.627327507
0.61882363
0.616650418
0.590769429
0.599135869
0.599642665
0.603997681
0.610010522
0.617758499
0.615001181
0.62300685
0.619716967
0.594694956
0.593440849
0.597855992
0.595931883
0.570738076
0.562844074
0.55427148
0.567697296
0.571871926
0.562689458
0.558471879
0.555474048
0.549555694
0.540991689
0.53868963
0.543534262
0.539625915
0.56832435
0.570076664
0.580444521
0.575307836
0.567499732
0.579757339
0.594583289
0.597718556
0.605097172
0.607339103
0.600845234
0.585649924
0.584601971
0.569492559
0.564338695
0.566125368
0.565103185
0.581045805
0.588690704
0.588716473
0.587659931
0.579104516
0.571657182
0.564338695
0.552175575
0.544341701
0.530383319
0.532290248
0.517756351
0.534429102
0.527540104
0.522686881
0.52121803
0.507087852
0.498893208
0.483766616
0.462395258
0.478200442
0.488722915
0.496256147
0.487589065
0.49765628
0.512963257
0.51476711
0.520376232
0.518838663
0.508711319
0.487958425
0.482993536
0.478647111
0.476087358
0.494752937
0.503660532
0.502329117
0.486790216
0.497828076
0.494289089
0.49768205
0.488602659
0.504648356
0.517498658
0.519414177
0.513650439
0.504270406
0.478604162
0.476697232
0.484470977
0.476302102
0.462524105
0.448119054
0.468244894
0.480485322
0.472926321
0.47106234
0.460977946
0.48816458
0.494074344
0.486962012
0.507869521
0.503548865
0.500130135
0.49538858
0.487262654
0.48247815
0.511107866
0.514243134
0.512422101
0.513573131
0.517455709
0.506598235
0.507817983
0.51020594
0.504278996
0.486008547
0.487743681
0.508187343
0.510824404
0.531225116
0.527522924
0.525315352
0.526363304
0.535365388
0.532530762
0.535073335
0.530864346
0.541189254
0.542821311
0.551711727
0.545355295
0.544298752
0.543482724
0.532590891
0.52842485
0.532101273
0.531001782
0.539746172
0.540287328
0.540493483
0.552072498
0.542563618
0.528519338
0.511923895
0.507860932
0.503608993
0.506134387
0.516854425
0.513676208
0.509243885
0.502019885
0.497054996
0.506916056
0.506237464
0.482941998
0.486145983
0.47905942
0.477556209
0.481086606
0.481894045
0.482160328
0.468064509
0.464293598
0.459775377
0.444657375
0.446212124
0.447921489
0.438000301
0.410212382
0.40609788
0.403572487
0.405823008
0.397525286
0.402816587
0.402129405
0.404457234
0.391752958
0.389244744
0.389064359
0.37916035
0.389511027
0.406905319
0.412411364
0.416611764
0.421507935
0.428508601
0.423036915
0.406656216
0.400274014
0.402756458
0.418922413
0.418261
0.405101467
0.401364915
0.421439217
0.427417699
0.424849357
0.433817081
0.443016729
0.4357326
0.422976786
0.430235145
0.429513604
0.427838598
0.409611098
0.407549552
0.409439303
0.42283076
0.422332553
0.406003393
0.416165095
0.429968862
0.429797067
0.436411192
0.416156506
0.414275345
0.389596925
0.417556639
0.418140743
0.401227479
0.406819421
0.408039169
0.404311208
0.376540469
0.37345674
0.375097387
0.410023407
0.402430047
0.380835356
0.362384521
0.379632787
0.382974209
0.380551893
0.357273606
0.358441815
0.353545644
0.35103743
0.310364851
0.29328838
0.250689115
0.235233534
0.188259497
0.233502695
0.264973909
0.223261108
0.197879185
0.220886894
0.219642236
0.221181523
0.199130715
0.179215324
0.169527777
0.162302918
0.203789808
0.227947688
0.219628492
0.235411343
0.232004638
0.252659609
0.249703868
0.210091266
0.193438272
0.210446883
0.18539309
0.169647175
0.185817424
0.190140658
0.159914961
0.151896407
0.154189018
0.12690446
0.117004746
0.162289175
0.163014152
0.173255739
0.182252668
0.181883308
0.148393498
0.164458093
0.165128095
0.169752829
0.199007881
0.191078661
0.186364593
0.180371508
0.169472803
0.168932506
0.193199476
0.193411643
0.18672021
0.17846286
0.162501342
0.162734125
0.153661606
0.156631091
0.156425795
0.168843172
0.183224172
0.202346726
0.199691627
0.204303477
0.196476475
0.17698456
0.176950201
0.16260356
0.155687075
0.149173449
0.13542208
0.140149892
0.135922005
0.131686387
0.130153972
0.123948719
0.130742371
0.130236434
0.145704898
0.142893465
0.127656924
0.11089484
0.120425194
0.124769901
0.120103936
0.13767346
0.137905384
0.13398587
0.109444886
0.105586359
0.108336805
0.097581549
0.078008031
0.077768377
0.065254794
0.062826465
0.05749651
0.059727275
0.059501364
0.041719673
0.030007516
0.012513583
0.023158889
0.014121588
0.003913501
0
0.018629502
0.026237464
0.040810016
0.045784354
0.058693925
0.059028926
0.074046428
0.072055318
0.064536689
0.092005927
0.093367406
0.099127708
0.104888011
0.104190521
0.091376297
0.087250628
0.09271716
0.117346619
0.112447871
0.112229691
0.108185625
0.101179805
0.118338738
0.120514527
0.115772972
0.114390878
0.125282711
0.127218846
0.121917238
0.10905491
0.114692379
0.109027423
0.121793545
0.12136921
0.11871497
0.132966264
0.137255997
0.129722765
0.148195074
0.150193055
0.155364958
0.160420899
0.161283312
0.159737153
0.155290227
0.150529774
0.143194107
0.144767754
0.154810918
0.157055426
0.161687032
0.146587927
0.142120386
0.153421951
0.153497541
0.148174458
0.155761806
0.176183993
0.17845427
0.17443941
0.175372259
0.182944145
0.181618743
0.179839801
0.182560182
0.186253785
0.180034789
0.179430927
0.166129663
0.159202869
0.161565916
0.16380527
0.157125862
0.142701054
0.147641033
0.152970988
0.151107866
0.156644834
0.158982112
0.160702644
0.154067902
0.139013464
0.138870874
0.129697855
0.130483819
0.126633882
0.139332145
0.141870423
0.16480512
0.174367256
0.175633388
0.18426697
0.190479954
0.192427255
0.205047351
0.205404686
0.207339103
0.207468808
0.204885004
0.217907102
0.215310413
0.222373784
0.224321086
0.224061675
0.224665536
0.234337621
0.228689845
0.225457513
0.233169412
0.231656753
0.231267636
0.223698327
0.216797303
0.223633045
0.228001804
0.241329697
0.247224
0.24999592
0.246815127
0.249112891
0.250749243
0.243386948
0.244665965
0.225165461
0.226826723
0.235025662
0.240634784
0.246321215
0.25111259
0.252358967
0.250950244
0.258045397
0.265433461
0.270145811
0.269555694
0.267062942
0.269185475
0.275592587
0.265920502
0.259954045
0.267490712
0.268419267
0.263466403
0.257870166
0.241802994
0.250430562
0.263251659
0.260331136
0.268607383
0.271041725
0.276780553
0.273625529
0.285016428
0.288040028
0.287936951
0.292772994
0.291089398
0.29290184
0.291673503
0.292051453
0.288847467
0.278130865
0.274255159
0.280052398
0.279384113
0.270490261
0.264381214
0.276455859
0.283762321
0.28645951
0.302238925
0.305039191
0.312014087
0.310261773
0.308895999
0.319933859
0.32027745
0.319805012
0.319169369
0.312074216
0.32520798
0.321634634
0.323996822
0.321480018
0.313929607
0.325697597
0.326745549
0.326238753
0.327020422
0.320706938
0.315767818
0.312039857
0.320827195
0.324211566
0.326848627
0.325525802
0.326444907
0.320440655
0.314616789
0.321978225
0.323850796
0.324907338
0.32748427
0.330018253
0.332483518
0.329940945
0.330310306
0.334605193
0.332852879
0.333746215
0.335240836
0.33584212
0.340721112
0.339595851
0.343547147
0.344809844
0.343615865
0.34532523
0.344474843
0.33545558
0.31610282
0.30470419
0.307126506
0.304549574
0.304867395
0.303192389
0.29900917
0.309677669
0.309024846
0.306095733
0.285385788
0.285093736
0.294611205
0.289981317
0.296518135
0.29443941
0.306645479
0.310132927
0.317563081
0.320303219
0.31988232
0.317949621
0.316437821
0.314135761
0.313001911
0.318198724
0.321883737
0.322966049
0.321480018
0.331761977
0.333119162
0.335258015
0.33433032
0.335189297
0.338041102
0.337972384
0.342250091
0.348606524
0.349980888
0.353064617
0.352197049
0.359421049
0.358897073
0.36471235
0.360752464
0.361370928
0.363398115
0.360580669
0.364789658
0.367512616
0.367452488
0.365330814
0.364188374
0.368594928
0.371094552
0.371876221
0.379289196
0.381806
0.381745872
0.376720854
0.381084459
0.381737282
0.381393691
0.386195374
0.390696416
0.387337814
0.375277772
0.385482423
0.385533962
0.383798827
0.381376511
0.36396504
0.358209891
0.332380441
0.354378852
0.357754633
0.360726695
0.36168875
0.349706015
0.339415466
0.344388945
0.327518629
0.320449245
0.299687762
0.299507376
0.287936951
0.298012756
0.305331243
0.304798677
0.301388537
0.304472266
0.309712028
0.304085726
0.281123542
0.278656559
0.288229003
0.29859686
0.301190972
0.310871647
0.317709107
0.31948719
0.320535143
0.324160027
0.333677497
0.325036184
0.314247428
0.308243176
0.300065712
0.299979814
0.294301974
0.274813495
0.265069255
0.262955312
0.270450748
0.28492194
0.294654154
0.299971224
0.301560332
0.317640389
0.317004746
0.315192304
0.313233835
0.298725707
0.302943286
0.30544291
0.313835119
0.320603861
0.32787081
0.332311723
0.32975197
0.332887238
0.326204394
0.342095475
0.34078983
0.343022312
0.341026048
0.340076878
0.344478279
0.342826465
0.336915842
0.313701978
0.313123886
0.311251315
0.32390577
0.323206563
0.317953916
0.30591363
0.308810102
0.297501664
0.2910035
0.291631413
0.296370391
0.295570683
0.288940237
0.306609402
0.310156119
0.321389825
0.32101617
0.319289626
0.323577641
0.323118947
0.331391758
0.333172418
0.333127751
0.334492666
0.338484334
0.349133077
0.354223377
0.351817381
0.348085984
0.357005605
0.357642966
0.358760496
0.357304529
0.364143707
0.357070887
0.355968819
0.365580776
0.366315202
0.36840853
0.37129813
0.37115468
0.373105418
0.381868705
0.378172526
0.380662701
0.382196835
0.380526124
0.381666846
0.386877402
0.382196835
0.389803079
0.384410419
0.382999979
0.3839397
0.379788262
0.38951704
0.387391071
0.388002663
0.406361587
0.407320205
0.406296304
0.404709773
0.399987115
0.396603603
0.392903988
0.392663474
0.385259089
0.372156248
0.385687719
0.386244336
0.386234028
0.384010995
0.385369897
0.384297034
0.375734748
0.373914575
0.392251165
0.400643374
0.401937853
0.402213585
0.407265231
0.40195675
0.40404063
0.404069835
0.409768291
0.412693109
0.413119162
0.412758391
0.411756824
0.412949943
0.415702966
0.417237958
0.418427642
0.417770524
0.41931153
0.422220886
0.419590697
0.419850967
0.429648464
0.428510318
0.432329332
0.431819099
0.430977302
0.426715915
0.429017115
0.435726587
0.433580862
0.436750489
0.442302059
0.442513368
0.441132132
0.446313484
0.452967123
0.453227393
0.45619516
0.456110121
0.455499388
0.445149569
0.458791848
0.459406876
0.461350742
0.462371207
0.470646595
0.474944059
0.47627032
0.47501879
0.478994137
0.478158352
0.477423927
0.480473297
0.482891318
0.488043464
0.487917195
0.473426246
0.465566603
0.467405674
0.474621943
0.476884489
0.464321086
0.478750188
0.477742607
0.475343484
0.47601005
0.476578693
0.472593897
0.4619065
0.45805141
0.453461035
0.442123392
0.437299375
0.448169734
0.461158331
0.458811605
0.464408701
0.470854468
0.476747912
0.477875749
0.478948612
0.487370885
0.487217987
0.490484678
0.489428136
0.492067773
0.493166405
0.492275646
0.493117444
0.492571134
0.487175897
0.48321687
0.480681169
0.486151996
0.483619731
0.478083621
0.49527949
0.497901948
0.497915691
0.507101596
0.515279919
0.521101209
0.525970752
0.529678957
0.526643331
0.523724526
0.516670604
0.519648678
0.516456718
0.521523826
0.518702085
0.516156935
0.515806472
0.509656194
0.500931561
0.503493032
0.508856486
0.506386067
0.498357206
0.490728628
0.49223012
0.492363262
0.495990723
0.50376275
0.503350441
0.480778234
0.475724011
0.467445187
0.469798785
0.46288144
0.470162132
0.465156871
0.455434106
0.464808985
0.460892048
0.453575279
0.460693624
0.463011145
0.473100694
0.472298409
0.463772199
0.45934503
0.462920094
0.470790044
0.478860996
0.491118603
0.505638757
0.506125797
0.5096854
0.519189984
0.516098525
0.510767711
0.50344407
0.506919492
0.504423304
0.497795435
0.495256297
0.506620568
0.506272682
0.518978676
0.518071596
0.512838706
0.505404256
0.497265445
0.487494578
0.475311701
0.478691777
0.465625013
0.446264522
0.445322224
0.416243262
0.405822149
0.389494707
0.388119484
0.392491679
0.398312968
0.410160844
0.410453755
0.414032255
0.40345223
0.375956364
0.370299998
0.383724955
0.397015913
0.403442781
0.396574398
0.415072476
0.422656388
0.429745528
0.430109734
0.410808512
0.388932076
0.404170335
0.40953379
0.39386003
0.373863036
0.380633496
0.401758327
0.405762879
0.414272768
0.412069491
0.415797453
0.407004961
0.379024631
0.352084523
0.37347306
0.400256834
0.395771254
0.391825112
0.381624756
0.366747267
0.35354049
0.364316361
0.379924839
0.38846737
0.405756866
0.407004961
0.422246655
0.413037559
0.424096034
0.42379711
0.424603689
0.422968196
0.41846286
0.438323276
0.449343097
0.446947409
0.445087723
0.478854124
0.476071896
0.474128031
0.450288831
0.443852514
0.460095776
0.458168231
0.460826766
0.470539223
0.468725922
0.451094552
0.46987008
0.469083256
0.468615114
0.463797969
0.450002792
0.441961045
0.43688363
0.417646831
0.410866923
0.399584255
0.416817918
0.422135847
0.458356347
0.459813172
0.467032018
0.470455043
0.472961539
0.476565808
0.471260764
0.472714154
0.47001267
0.467119634
0.450139369
0.451670067
0.451699272
0.448065798
0.46449374
0.464714497
0.470126914
0.479981961
0.482647368
0.480125411
0.479683037
0.479348036
0.495633388
0.491368566
0.491882234
0.490100715
0.489571585
0.498643245
0.494167114
0.495981274
0.494814783
0.503707776
0.504449073
0.508187343
0.516320141
0.5201005
0.515292804
0.521283312
0.526754139
0.517477183
0.511066635
0.5162875
0.521829622
0.518159211
0.529159276
0.528372453
0.532059184
0.531194193
0.533863036
0.530849743
0.530703717
0.529926343
0.531694977
0.532943071
0.537574677
0.540763201
0.538432796
0.539993558
0.541517384
0.542694183
0.542177937
0.545119076
0.543136556
0.540116391
0.538383834
0.536785277
0.528109606
0.53493504
0.537649408
0.538299654
0.555826229
0.559336869
0.562106213
0.565161595
0.563497756
0.560812593
0.556652565
0.551021968
0.54891232
0.561277299
0.56309146
0.558595572
0.553349797
0.55961346
0.565851354
0.563124101
0.55735435
0.547898727
0.545288294
0.534282217
0.527000666
0.53921017
0.539157773
0.53919385
0.551613804
0.550254902
0.547219275
0.547420276
0.542752593
0.544650933
0.549409668
0.5598995
0.563237486
0.559980244
0.569420405
0.564219297
0.564732965
0.557939313
0.544546997
0.540392982
0.533613933
0.53446432
0.533287521
0.52477076
0.51957996
0.516504821
0.506952133
0.496777546
0.498078038
0.5039062
0.498094359
0.500782099
0.500226341
0.506968454
0.504175919
0.496511263
0.488072669
0.466775184
0.467106749
0.490062061
0.502128116
0.502037065
0.51030644
0.503997251
0.50582086
0.51444757
0.520977516
0.521598557
0.531649451
0.529780317
0.5280804
0.512334486
0.509395924
0.503944854
0.509997208
0.508225997
0.530056048
0.531922606
0.535708978
0.537006034
0.530829987
0.52074731
0.525752572
0.511294264
0.508603088
0.521839071
0.521396697
0.52566152
0.533625099
0.538403591
0.535419503
0.524907338
0.517145618
0.517375824
0.53442223
0.550443877
0.551380162
0.547430584
0.546758005
0.53774046
0.551770138
0.556417205
0.558881611
0.557737454
0.557529581
0.558215904
0.557940172
0.559486332
0.556899092
0.563466833
0.564495029
0.564050937
0.568741813
0.557944467
0.555050572
0.555406189
0.555462881
0.552984732
0.552769128
0.549037731
0.553375566
0.548266369
0.548568729
0.565595379
0.567840746
0.568169734
0.570767282
0.57242339
0.589578027
0.596442116
0.591280521
0.590333068
0.594143492
0.59178474
0.595914704
0.592032126
0.593604913
0.581592974
0.585240192
0.582219168
0.591718599
0.589039449
0.586394657
0.59138188
0.597183413
0.592760539
0.591210084
0.581460691
0.577136599
0.574802757
0.577924281
0.588121202
0.588574742
0.590900853
0.587186634
0.571987888
0.569956407
0.553662465
0.554462173
0.553362682
0.556571821
0.563841347
0.565193377
0.552405781
0.565305044
0.559942449
0.538632079
0.530897846
0.528414542
0.531590182
0.522955741
0.506021861
0.506329375
0.522823459
0.523886014
0.527101166
0.541313806
0.541056113
0.538628643
0.539393991
0.545704039
0.544946421
0.547830867
0.542263835
0.547984624
0.546934095
0.553840273
0.5571104
0.566663947
0.568628428
0.563042498
0.556686065
0.561317671
0.571756824
0.571055898
0.567357141
0.566954281
0.556683488
0.555352073
0.552505422
0.548530075
0.549704297
0.575781133
0.577317843
0.578736015
0.577792858
0.572749801
0.57611098
0.581406575
0.582993966
0.585012563
0.587262224
0.586276118
0.594779994
0.596157794
0.601507505
0.608557992
0.615891082
0.617292933
0.618988554
0.623650224
0.623318659
0.621165203
0.627927073
0.627068954
0.627396225
0.625507334
0.625202397
0.628171022
0.625624154
0.62957545
0.628749114
0.625399961
0.626393798
0.630077952
0.631233277
0.620003865
0.626330234
0.633235553
0.619222196
0.635235252
0.639039663
0.635426804
0.637240965
0.650826551
0.653771125
0.656695085
0.661718384
0.664715356
0.667355853
0.666840466
0.672551807
0.672538922
0.671031417
0.670408658
0.673198617
0.670184465
0.670890545
0.674652866
0.674463032
0.674300685
0.676486782
0.678257994
0.685024159
0.684907338
0.679934718
0.678291494
0.67892456
0.687770309
0.69723624
0.702463118
0.700547598
0.700534713
0.6916589
0.691233706
0.682083879
0.67379217
0.676807181
0.688196362
0.690429703
0.692201774
0.690092125
0.698808169
0.698364937
0.698364937
0.697920845
0.712949514
0.711169712
0.716993579
0.721300492
0.724566324
0.722303777
0.721868276
0.730984603
0.738010179
0.738108961
0.742825606
0.745783924
0.749448322
0.758716688
0.742053385
0.73847145
0.756920566
0.746506324
0.746373183
0.745830309
0.733953229
0.738322847
0.72661069
0.71561492
0.734079498
0.73795005
0.7336921
0.732851161
0.72950029
0.729813817
0.734606051
0.741338716
0.739790839
0.721188825
0.699976378
0.694584577
0.695979556
0.706884274
0.718568944
0.715100393
0.719279318
0.716353641
0.714350506
0.723937552
0.734692808
0.739649108
0.74209977
0.753661606
0.754936328
0.755888934
0.754916572
0.755246419
0.762753882
0.758901368
0.76162089
0.764026886
0.763887732
0.760256834
0.760311809
0.75998282
0.76314128
0.766612408
0.768018554
0.768683402
0.768406812
0.764389374
0.756467026
0.759981102
0.75574119
0.75007108
0.75543024
0.751044302
0.740704791
0.724131681
0.721264415
0.718561213
0.71381794
0.711191187
0.7143213
0.716418923
0.706907467
0.700735714
0.704911203
0.699089913
0.70640067
0.708409818
0.711049456
0.712970988
0.719719973
0.728629287
0.740179956
0.741787961
0.744850216
0.759358344
0.759805012
0.773077072
0.771901132
0.768369017
0.752235703
0.749383898
0.744120944
0.7453845
0.739393991
0.733584727
0.730026843
0.727814976
0.723054524
0.719340305
0.718078468
0.70680353
0.699455838
0.722954882
0.732509288
0.738709386
0.738059141
0.744264393
0.744432753
0.747598943
0.747359289
0.756629373
0.752124895
0.757533876
0.761139004
0.763586231
0.770800782
0.774058024
0.768119054
0.767907746
0.768723774
0.768121631
0.776573969
0.780644663
0.777776537
0.78010952
0.780275302
0.782817875
0.788144394
0.794843559
0.800624477
0.80024395
0.79947087
0.799401293
0.80393154
0.807440462
0.808352696
0.80729959
0.813013507
0.806441471
0.79842893
0.794618507
0.789106449
0.799943307
0.803039921
0.800519681
0.797784697
0.784718792
0.780225482
0.79203728
0.790976443
0.812887238
0.814749501
0.822748298
0.825348423
0.828998218
0.839512101
0.843464256
0.841346018
0.848552838
0.84724891
0.842582086
0.843806129
0.846325509
0.843453089
0.84314987
0.839911525
0.836946335
0.830142376
0.841425902
0.839056843
0.840565207
0.842741856
0.836977259
0.830059914
0.815485644
0.793107565
0.793375566
0.79175983
0.790080529
0.78489746
0.772987738
0.75351558
0.753202912
0.766420856
0.780715958
0.780997702
0.800359053
0.801163914
0.801405287
0.813102841
0.812396762
0.817412331
0.811908004
0.814508987
0.823796251
0.819863852
0.819699787
0.82175532
0.832292396
0.825657655
0.834056735
0.832945219
0.836692078
0.84146198
0.836943758
0.837564799
0.829353834
0.83281809
0.812200915
0.821245088
0.829800503
0.829231859
0.828429575
0.837231516
0.830708442
0.832999334
0.838055275
0.823873559
0.833659029
0.839327421
0.846589216
0.848547684
0.849918612
0.852265338
0.834207915
0.823523096
0.835717139
0.837131875
0.812645006
0.813893959
0.821410011
0.834517147
0.837578543
0.837490068
0.846616703
0.843177357
0.844516503
0.841114094
0.841003286
0.846073829
0.848890416
0.849968433
0.851274078
0.845083428
0.843596538
0.842942857
0.851533489
0.84857603
0.858567655
0.861188395
0.859660274
0.851540361
0.840885606
0.843228037
0.84199111
0.844783645
0.846589216
0.85068482
0.857175253
0.856047416
0.858043679
0.858620053
0.863017158
0.861899628
0.861837782
0.870676659
0.877257285
0.881356325
0.879311959
0.879275882
0.870510877
0.865682565
0.866920351
0.868754268
0.876220499
0.877316555
0.882018597
0.879971654
0.881289325
0.873917581
0.872968411
0.87123929
0.872836129
0.883808706
0.882761612
0.890333498
0.889784611
0.886000816
0.883803552
0.882685163
0.87955505
0.891506861
0.894258166
0.895888505
0.896922714
0.893668048
0.891853888
0.895382567
0.894258166
0.894211781
0.891119462
0.884026027
0.888771018
0.882541714
0.873644426
0.848235875
0.849203943
0.846923358
0.84016836
0.841334851
0.845828162
0.851955247
0.848616402
0.855583568
0.859373376
0.864598535
0.870191337
0.877828505
0.88347714
0.8903146
0.889415251
0.894636116
0.897132304
0.89543926
0.894401615
0.893362252
0.893671484
0.896948483
0.897787704
0.894994309
0.895753645
0.893491958
0.890805077
0.889823265
0.887705027
0.88837503
0.898270449
0.902914081
0.907574892
0.914040415
0.907790495
0.898685335
0.903385659
0.901518243
0.896646982
0.893171559
0.896384994
0.887456783
0.87165933
0.886312625
0.892458608
0.882911933
0.884514785
0.883008139
0.86309962
0.84976915
0.837851698
0.824935255
0.816158224
0.834734469
0.832522602
0.851347091
0.854191165
0.863951725
0.867747547
0.869918182
0.884475272
0.889547534
0.903158889
0.917897223
0.919195138
0.918042391
0.925718212
0.932050594
0.933340778
0.937338459
0.938742028
0.937754204
0.944520369
0.940970215
0.941908218
0.947117057
0.945102755
0.945805399
0.960785105
0.957386991
0.957340606
0.95553933
0.96066399
0.954981854
0.960975798
0.963303627
0.964489875
0.969062211
0.966431164
0.956708399
0.952466768
0.949075526
0.934605193
0.918584405
0.920637361
0.917361221
0.950784032
0.958998432
0.966621857
0.975764812
0.977226792
0.978705092
0.976092941
0.972827109
0.973531471
0.965676982
0.954469045
0.933832113
0.935209054
0.962606996
0.96254515
0.952113729
0.963205704
0.936238109
0.928365581
0.92930702
0.934489231
0.935423798
0.956151781
0.953713145
0.943736981
0.938769515
0.925530955
0.921126119
0.919989692
0.915504112
0.941537999
0.951112161
0.960334142
0.965617712
0.954485365
0.960399424
0.960989542
0.967727361
0.973032405
0.974286512
0.97400219
0.972281659
0.982213155
0.98194859
0.989669079
0.99081066
0.990385466
0.988137522
0.994611635
0.994037838
0.987287994
0.983592673
0.981477012
0.972485236
0.968922198
0.946779479
0.961237786
0.960288616
0.968831147
0.967432731
0.978161359
0.976088646
0.986765735
0.987507892
0.982638349
0.973424099
0.949161423
0.946552709
0.970561127
0.966844332
0.950794339
0.953930466
0.964818863
0.968369017
0.967774604
0.968463504
0.975553504
0.97905899
0.97631284
0.983607276
0.984358022
0.978628643
0.97774046
0.979241952
0.974630962
0.981245947
0.979170657
0.984899178
0.980096635
0.978104666
0.972681942
0.972300556
0.981308652
0.977207035
0.971515451
0.967505744
0.987447763
0.986994223
0.980056263
0.981225331
0.991740932
0.993245002
0.99778212
1
0.999894346
0.996867309
0.994460455
0.989553976
0.986169605
0.983059248
0.980824189
0.978909528
0.977710396
0.984257521
0.97722765
0.964732106
0.957136169
0.954170979
0.973696394
0.979247965
0.972896686
0.960435502
0.96291451
0.969647175
0.984827882
0.979929993
0.985424013
0.986037323
0.981970924
0.972919879
0.96994524
0.96438508
0.94530891
0.952796616
0.954828956
0.947001095
0.952076793
0.949118474
0.949620117
0.952423819
0.968751262
0.976074044
0.977583267
0.981123972
0.980222905
0.981597268
0.978122705
0.962891318
0.95787489
0.948906307
0.932176863
0.939760775
0.950644877
0.949310885
0.951229841
0.944458522
0.938533296
0.940731419
0.933058174
0.919563639
0.937962076
0.934909271
0.920333283
0.925305044
0.926260227
0.931285245
0.932745506
0.928346683
0.913583439
0.883121524
0.837514978
0.824904331
0.824114931
0.855290656
0.855572401
0.852312582
0.843380076
0.828309318
0.845273262
0.829956836
0.841265274
0.855115425
0.83598514
0.835368394
0.836751348
0.853351086
0.862960466
0.878203019
0.855982133
0.847723925
0.839035368
0.828542101
0.820108661
0.837985698
0.824931819
0.808235875
0.82358666
0.827990637
0.838633367
0.866601671
0.872332768
0.880768785
0.890903
0.893445573
0.895879056
0.89876522
0.893488522
0.896326583
0.902820452
0.904188803
0.906673825
0.91097816
0.927315051
0.942277579
0.940673868
0.938481757
0.950917173
0.951436854
0.952635987
0.956582129
0.967916336
0.96673696
0.963764039
0.962263405
0.961296197
0.949947388
0.953256169
0.943356454
0.921651814
0.925410699
0.935402324
0.948530075
0.950317607
0.96246097
0.958495931
0.958016621
0.957356927
0.955247278
0.955838255
0.960842657
0.961364915
0.950972148
0.958349045
0.956546911
0.944392381
0.949864067
0.94385552
0.933290957
0.916392295
0.93783323
0.951295982
0.952361114
0.926576331
0.90731634
0.922670561
0.936140185
0.936004467
0.930039728
0.948346254
0.945263384
0.93465759
