52.87246291428943	0.018562359058857034	49
52.87246291428943	0.018562359058857034	49
55.302819056105236	0.01776110000821645	53
46.32020004543586	0.021132624102176683	100
46.2542093853144	0.02116213588182006	98
46.2542093853144	0.02116213588182006	98
43.82384534245784	0.022309554041156407	73
42.21391645359484	0.023140693602114206	70
40.435048046659226	0.024134158089401003	87
41.15831298572154	0.02372011423556457	82
41.77932945265192	0.02337577546901005	76
41.74863726863317	0.023392558544404186	75
40.29992344283162	0.024213119944016964	131
40.29992344283162	0.024213119944016964	131
39.88581694305054	0.024458359273899073	126
39.88164252753702	0.02446085671157711	125
39.88164252753702	0.02446085671157711	125
39.42679691679483	0.024736068060454277	132
39.422725841271074	0.02473855929277815	132
39.26101928529226	0.02483792059296695	77
39.2584473630248	0.024839507370531276	77
39.021620458655065	0.02498649451321105	95
38.80052493039032	0.02512529675799412	83
38.63822288283414	0.025228174405191692	96
38.62781407744761	0.025234800941723028	95
38.61527567511515	0.025242787862969813	85
38.60986045461478	0.02524623890421947	103
38.60315149107032	0.02525051573800835	103
38.603369623836784	0.025250376659821196	103
38.57712839422379	0.025267118676198554	88
38.57643454353158	0.025267561657179173	88
38.56499895284385	0.025274864816548216	91
38.56041734959402	0.025277791969761976	90
38.56041734959402	0.025277791969761976	90
38.55439413275663	0.02528164119120861	88
38.55439849878663	0.025281638400611147	88
38.48363829487845	0.02532694663373292	92
38.48363745305609	0.02532694717372344	92
38.43606389146502	0.0253575002503337	91
38.43578632973192	0.025357678724566665	91
38.42738524853601	0.025363081870541523	91
38.41612262561   	0.025370329027499673	95
38.411663800969094	0.025373199290698582	96
38.40225359420849	0.0253792590215445	96
38.401221476944436	0.025379923832695096	89
38.39986763804499	0.025380795925171788	94
38.39986763804499	0.025380795925171788	94
38.381531224059785	0.025392613464177826	95
38.381531224059785	0.025392613464177826	95
38.38151055024009	0.025392626794349907	95
38.350352414171844	0.02541273301633392	101
38.350351417105415	0.025412733660246416	101
38.284137073652644	0.025455567424712174	97
38.28361017362407	0.025455908853087624	97
38.281821176843756	0.02545706818169342	98
38.24971477101711	0.025477892153713762	98
38.249007476974754	0.025478351282810025	97
38.24547054214295	0.02548064747818912	98
38.21959509190861	0.025497458544805576	105
38.204994896383184	0.025506953964487163	98
38.204402678433226	0.025507339270089455	98
38.179797837138494	0.025523357832441414	97
38.18220059331718	0.02552179267262895	97
38.16111356842115	0.025535535353274092	100
38.14260415196791	0.02554761037660098	99
38.14257111135208	0.025547631941581404	99
38.142531410783306	0.02554765785343438	99
38.1132052200224	0.025566812905634517	100
38.10636407510834	0.025571285483850743	96
38.087745078487615	0.025583466070811064	99
38.087745078487615	0.025583466070811064	99
38.07355626894871	0.025592756213866516	100
38.07355562572329	0.025592756635172208	100
38.071915193995444	0.025593831145335807	100
38.056468370162555	0.025603953499389015	100
37.74370964799708	0.025810641497301657	106
37.74370964799708	0.025810641497301657	106
37.74258352700456	0.025811391728767254	108
37.60508835053726	0.02590332110938125	98
37.413876634506124	0.0260322593711286	110
36.90834638841053	0.02637941496455576	124
36.90739286905876	0.02638007851012704	124
36.64790575640807	0.026561902446055434	110
36.643781114394905	0.02656481284282046	110
36.643672117281604	0.02656488976113773	110
36.52803865144264	0.026646742966983123	125
36.52795546193837	0.026646802035730957	125
36.477167952265695	0.026682912680960586	116
36.357291924607104	0.02676853563203022	115
36.35568380012507	0.026769687990469925	116
36.220373789564235	0.02686700584077363	128
36.20963244648073	0.02687476156713769	128
36.19954666583635	0.026882048025558034	123
36.19954666583635	0.026882048025558034	123
36.037944567434025	0.026999338426551344	136
36.09166102116528	0.02696023775881536	135
35.983010171947306	0.027039443121331677	136
35.971649828557226	0.027047751578226604	127
35.89110546258923	0.027106804945546736	128
35.933499670094484	0.027075690333502635	144
35.89110546258923	0.027106804945546736	128
