56.215481250355126	0.017477787097942014	78
50.46603448943368	0.019430290480322642	66
50.46603448943368	0.019430290480322642	66
49.77509329744026	0.019694695470907454	68
49.06798764403144	0.01997284187073193	63
48.1854335394313	0.020331222641319476	35
45.92677979747955	0.02130979377480554	45
45.152936243816654	0.02166709382729631	51
43.38258732092493	0.022531358813516783	56
43.38258732092493	0.022531358813516783	56
43.584615002159076	0.02242926175209932	55
42.95382837219211	0.02275114676091927	63
42.1898185304314	0.023153605039933273	68
42.26666867505271	0.023112479666746188	55
41.839624403318645	0.023342875058506192	63
40.21898425015084	0.024260665763405864	82
40.218440994375136	0.024260985517052056	82
39.93121748890863	0.024431230277256615	86
39.86434279727068	0.02447121210197928	90
39.78567969651078	0.02451840958495906	96
39.44149934405457	0.024727075311737005	96
39.362969812597065	0.024775183903536883	99
39.360349533562584	0.024776792360740752	99
39.32000153737286	0.02480158635592049	101
39.247080085384226	0.024846522974548684	60
39.0977619539145	0.02493904774908207	65
39.097896679219204	0.024938963956138167	65
38.507876070123345	0.025311408748601907	83
38.365896503958815	0.02540269849816415	86
36.50018733628708	0.02666653345041691	80
36.47923072831636	0.026681444110977406	81
34.73089758709461	0.027986982346650674	95
34.72553335489402	0.027991184626023524	95
33.83238652403322	0.02870891431197321	91
33.81266632457364	0.028725176942109656	91
33.211858840685586	0.029229630715381514	98
32.87276650032164	0.02952224170973766	113
32.0092379264618	0.030294549732647773	122
32.0092379264618	0.030294549732647773	122
31.914010380584827	0.030382198596798027	118
31.712757801634513	0.030569113312422545	106
31.712757801634513	0.030569113312422545	106
31.178976337146363	0.031076190538902645	125
30.446740461483586	0.031799798177010244	132
30.446740461483586	0.031799798177010244	132
30.355217748464668	0.03189261857538737	132
30.28854147585251	0.031960582143842266	133
28.957629855672263	0.03338047785548219	140
28.771115273271718	0.033589604918086234	143
28.771115273271718	0.033589604918086234	143
28.328740613143  	0.03409624754060776	140
28.485103088850803	0.03391543170076722	140
27.113121506071174	0.03557057866320696	147
27.113121506071174	0.03557057866320696	147
26.8231182609678	0.035941334490996624	155
26.68521905185175	0.036120357152569255	151
25.809974829072168	0.03729955012548618	161
25.75496136065271	0.0373762453445608	163
25.657810898308256	0.037512457561301914	163
25.643203210153064	0.037533024543344874	163
24.70963215331075	0.03889592795559408	163
24.58603754904804	0.03908381663565589	166
24.36028924264125	0.0394317269188942	169
24.194165053260463	0.039691730124256946	158
24.062919456683318	0.03989958160015307	159
24.062919456683318	0.03989958160015307	159
23.98124691319932	0.04003002746318603	160
23.89053699058211	0.04017591104516437	160
23.89053699058211	0.04017591104516437	160
23.829733477144806	0.04027429456383319	165
23.81924729952598	0.04029131052733815	165
23.769213599777252	0.040372698792867326	162
23.691306761630305	0.04050008408441046	175
23.691306761630305	0.04050008408441046	175
23.681868233978303	0.040515571613957066	176
23.632654100029608	0.04059651858622892	167
23.54089330917501	0.040748312924131974	172
23.53018168781559	0.04076610653465771	166
23.501564399176385	0.04081372045099352	171
23.44739516548621	0.04090415331494119	172
23.398763034169935	0.040985684339797136	173
23.366718350505437	0.041039584634065304	177
23.366718350505437	0.041039584634065304	177
23.340179407469826	0.04108433151865377	175
23.298321069470568	0.04115510685454075	177
23.162979053366442	0.041385625414457235	177
23.162979053366442	0.041385625414457235	177
23.151724745443047	0.041404910437656435	175
23.151724745443047	0.041404910437656435	175
23.151724745443047	0.041404910437656435	175
23.012275053640582	0.04164536670374291	176
23.012275053640582	0.04164536670374291	176
23.012275053640582	0.04164536670374291	176
23.00236392745715	0.04166256303013824	175
22.87622480127362	0.04188266814888832	174
22.87622480127362	0.04188266814888832	174
22.87622480127362	0.04188266814888832	174
22.851512111096618	0.041926063024522564	174
22.872349468915015	0.04188946719727497	180
22.817180987973686	0.04198649707977375	176
22.817180987973686	0.04198649707977375	176
