59.27030302653414	0.016591919233585863	52
58.75514367426457	0.016734961017768942	71
52.32666261928823	0.01875234546626776	54
48.95612894709454	0.020017563832038274	84
50.60289569015395	0.019378757463620482	60
45.48980492445446	0.021510092408969915	49
43.808975847495574	0.022316957285599088	67
43.651106913115704	0.022395861360074425	60
43.651106913115704	0.022395861360074425	60
43.05741752607878	0.022697653565556194	67
43.038612942985544	0.022707345512780953	78
40.47643030651656	0.02411007872687841	133
38.74938892450641	0.02515761945169117	96
39.07191439289191	0.02495513416692124	132
38.031214834746145	0.025620519479956996	143
37.97484800446432	0.02565757279888446	143
38.02978558592909	0.025621457688984006	143
37.65129879544865	0.025872351800963388	96
36.99935901398501	0.026316233377304266	111
36.97228874859716	0.02633499409584427	109
36.72006703943068	0.026511087558636886	110
36.63727738913679	0.026569403245109036	111
35.69026518122463	0.027255185948117	129
35.69026518122463	0.027255185948117	129
35.68628653376091	0.02725814178766064	128
35.6860246511137	0.02725833636950474	128
34.88508207371718	0.02786673297683263	123
34.88508207371718	0.02786673297683263	123
34.88508207371718	0.02786673297683263	123
34.19057908619079	0.028416696342243832	120
34.17372296036185	0.02843031433229076	127
34.17372296036185	0.02843031433229076	127
34.17824852031467	0.02842665687072288	121
33.590186301842806	0.02890993391228785	121
33.590186301842806	0.02890993391228785	121
33.12961396683302	0.029300067705769973	142
32.06933460410899	0.030239495652741265	124
31.87380583507519	0.03041935591567665	126
31.53496856318641	0.030736160019884218	157
30.589002009631777	0.03165658730513521	124
30.569183952681275	0.03167646023092931	124
30.05458189966585	0.03220136736121249	140
30.05458189966585	0.03220136736121249	140
29.932343223710262	0.03232862097668307	144
29.932343223710262	0.03232862097668307	144
28.536539301679383	0.033856369894462966	145
27.318476728695025	0.03531263385317273	150
29.575044051970057	0.03270641240288145	138
29.567592341817683	0.03271438551056441	141
29.310182533084344	0.032992213059372846	159
29.310182533084344	0.032992213059372846	159
29.176781416220777	0.033138060226080804	159
29.132891016517544	0.03318632783863465	161
29.02885554146223	0.033301302429566575	157
29.058468889484352	0.033268494269508175	158
28.987735916739947	0.03334696566544637	160
28.983183311621243	0.03335202902262909	158
28.98293026751966	0.03335231050059488	158
28.84846162546734	0.03350256413706691	168
28.974529627837732	0.03336165779466601	158
28.978459489110712	0.03335728443161788	160
28.954403872359073	0.03338407281484132	159
28.94206905248366	0.033397825589379274	162
28.936373549615414	0.03340417964596272	165
28.935589601717183	0.03340505442868035	162
28.904886658460367	0.03343935094691592	162
28.836871392935077	0.033515578320211716	157
28.90229747650963	0.03344224639546746	160
28.90229747650963	0.03344224639546746	160
28.669175711202826	0.0337050145826063	158
28.654608022727235	0.033721572014494404	160
28.654608022727235	0.033721572014494404	160
28.648326943089167	0.033728716022308085	161
28.631811738741572	0.033747514624378104	162
28.631811738741572	0.033747514624378104	162
28.611159819939168	0.0337710513901125	161
28.611159819939168	0.0337710513901125	161
28.598153431792472	0.03378589148490132	164
28.598153431792472	0.03378589148490132	164
28.598153431792472	0.03378589148490132	164
28.577102356557436	0.03380993810498457	160
28.556233763322922	0.03383381008580753	160
28.556233763322922	0.03383381008580753	160
28.556233763322922	0.03383381008580753	160
28.55230680822074	0.03383830597352299	161
28.53281523223609	0.03386063916143238	161
28.497016978748384	0.03390173320646175	165
28.471142615179154	0.03393149743318566	164
28.445163346459523	0.033961434964164997	165
28.445163346459523	0.033961434964164997	165
28.429001746838306	0.033980085651645814	164
28.36817813879812	0.034050460851669455	164
28.307798666347335	0.03412061108322849	168
28.36817813879812	0.034050460851669455	164
28.240464392447915	0.034199183247523086	158
28.239888225929178	0.034199857136020986	155
28.239888225929178	0.034199857136020986	155
28.177131725091964	0.03427341691507026	164
28.137763028030633	0.03431972451138395	166
28.05181101047591	0.03442126205624173	167
27.318476728695025	0.03531263385317273	150
