60.72523761269881	0.016200828683311033	60
50.28274350537293	0.019499736785634905	70
53.89360691070208	0.018217057618872545	26
52.4380966399375	0.018713241355468486	83
52.4380966399375	0.018713241355468486	83
50.45653707498037	0.019433876759775745	31
50.37272144686941	0.019465583520511327	67
48.74732052562761	0.020101585159442797	36
47.968929769875885	0.020421112013258004	37
47.97763527953739	0.020417482271092722	39
47.97763527953739	0.020417482271092722	39
47.50463170480329	0.020616587836104993	37
46.1036697455169	0.02122976841088215	65
45.71270213316922	0.02140745352622047	45
43.990533439554156	0.022226898050531532	58
43.990533439554156	0.022226898050531532	58
43.509271926408545	0.02246722888780109	58
42.84013963577622	0.022810146324988876	57
42.89894224413091	0.02277959214686307	58
41.95424256338087	0.0232805874419612	63
41.24019895063901	0.023674130918951836	64
41.238785578063606	0.023674923090576318	64
39.34931857245766	0.024783566002589134	74
39.347519579428074	0.024784671038609978	87
38.00542556812318	0.02563745903126976	76
37.97645763685872	0.02565651320386627	74
37.52350739310453	0.02595817638813941	72
37.01490349351003	0.026305472541071205	79
35.90423516875825	0.027097160947168547	102
35.17205678887601	0.027645649398281655	108
35.094795379255814	0.02770482529386256	108
34.68250431579681	0.028024938808941594	117
34.68250431579681	0.028024938808941594	117
34.651024056586806	0.028049685148251503	111
34.564841734837636	0.028117656405045866	117
34.078106928217835	0.028507809787066112	148
33.95967577703966	0.0286043842734024	149
33.87418621774441	0.028674504223734056	117
33.84686756837461	0.028696983969587937	149
32.2634580029472	0.03006301990344474	156
32.24144669606284	0.030082926568850008	157
32.07462586327084	0.030234657956040363	151
31.80713876035479	0.030481170799583183	167
31.681963397215803	0.03059791689520069	157
31.68940802148544	0.030590948583184497	157
31.453556876748674	0.03081326351369668	151
31.445474641172375	0.03082093916206819	163
31.37228197958976	0.030890624288719748	152
31.317300318401287	0.03094317873546528	155
31.244375364368356	0.031013160859833248	157
31.244375364368356	0.031013160859833248	157
31.203831358492558	0.031052205834393283	160
31.186977151655917	0.03106846583598961	161
31.129427302642018	0.031124115303411262	156
31.109249800570296	0.03114367374544636	156
31.109249800570296	0.03114367374544636	156
30.82079062174944	0.03142599478079914	155
30.55906605565779	0.03168661576475023	172
30.55906605565779	0.03168661576475023	172
30.55906605565779	0.03168661576475023	172
30.476838305552747	0.03176939152187952	164
30.476838305552747	0.03176939152187952	164
30.46064688191273	0.031785741842928136	157
30.46064688191273	0.031785741842928136	157
30.290664572699693	0.03195841359254717	166
30.290664572699693	0.03195841359254717	166
30.10929057657737	0.032144738162332584	156
30.288630426864295	0.03196049128252683	166
30.208205140352067	0.0320428552524158	167
30.202621310353965	0.03204858944553386	165
30.148700862516005	0.03210406765963677	168
30.130578727316415	0.03212275649480687	168
30.121966678067718	0.032131645481926444	168
30.098602923067237	0.03215578534102749	170
30.07785708057824	0.03217725074824863	169
30.058626294711555	0.03219717416060584	168
30.03164374332707	0.032225170160863174	169
30.03164374332707	0.032225170160863174	169
30.02411607608334	0.03223298925093003	169
30.02294118712672	0.032234209966363864	170
30.02294118712672	0.032234209966363864	170
30.01628745193477	0.0322411249750531	170
30.01628745193477	0.0322411249750531	170
29.960332590401663	0.03229939462310623	167
29.960332590401663	0.03229939462310623	167
29.954794518803183	0.03230517325490757	171
29.954323880628234	0.03230566443177322	169
29.66885109970402	0.032606373050917806	168
29.668126855402022	0.032607143067945654	168
29.641096833396997	0.0326359074362527	173
29.64108470955553	0.032635920349391105	173
29.568143223532456	0.03271379595049018	169
29.508087254638642	0.03277819391472842	172
29.508072524749373	0.032778209740676335	172
29.381950506859884	0.03291427914656802	172
28.61106078043487	0.03377116434345159	175
28.60279681383609	0.03378059195854794	175
28.60279681383609	0.03378059195854794	175
28.07831191242982	0.03438989178641212	175
28.311699964379283	0.03411606973376634	171
28.07831191242982	0.03438989178641212	175
