58.22987796865587	0.016883370931967723	60
57.8842461517122	0.016982470955364735	39
57.323157988033934	0.017145847970117947	42
56.83197982543542	0.017291470965000305	49
53.91866889878825	0.018208744313212306	52
53.42742200928252	0.01837309141390991	62
50.338171371034115	0.01947868366352093	50
48.89609429099909	0.0200416488346342	37
48.65530027645242	0.0201388370311441	37
45.497732581239745	0.021506425033797585	56
45.27711386141627	0.02160895346660229	58
44.77234943803979	0.021847250846357805	52
44.737017496378215	0.021864127893323766	53
44.47275006660871	0.02199119249517997	54
44.47275006660871	0.02199119249517997	54
41.942261717475205	0.023287082701399807	64
40.213061742282214	0.024264152133449915	75
40.213061742282214	0.024264152133449915	75
40.213061742282214	0.024264152133449915	75
40.20304172471031	0.024270052844187946	75
40.14638364436255	0.024303472417970554	80
39.99888850171832	0.024390905132905948	79
39.9034161112496	0.024447835781739796	80
39.90721135010129	0.024445567590554516	80
39.905306664887746	0.02444670585634257	79
39.8775377053859	0.02446331301085787	84
39.747115515773956	0.024541614476069642	81
39.70571839760904	0.02456657293778993	87
39.68248079804679	0.024580605223268763	87
39.388722168355734	0.02475938693558106	87
39.585826579943344	0.024639143372631934	81
39.45416998021569	0.02471933055329166	87
39.32337667399732	0.024799510420089734	99
39.3231399162906	0.024799656030655457	99
39.204695381407184	0.02487271674398642	87
39.19398076382895	0.024879347130999083	86
39.157340286683976	0.024902047617222207	96
39.09837167263186	0.024938668536571146	100
39.093939104416094	0.02494142562035907	101
39.00673608142452	0.02499579065797144	93
38.916082225516526	0.025052558874646913	98
38.70804503335751	0.025183813485653368	103
38.70804503335751	0.025183813485653368	103
38.70804503335751	0.025183813485653368	103
38.54362600046633	0.025288525639712633	101
38.54362600046633	0.025288525639712633	101
38.54362600046633	0.025288525639712633	101
38.37399507800449	0.02539747358678953	100
38.15963434666812	0.025536499936319873	104
38.15963434666812	0.025536499936319873	104
38.15963434666812	0.025536499936319873	104
38.14719236603639	0.025544616090210016	104
38.09867427615142	0.025576314760369222	111
38.05762802039668	0.025603193298829614	101
37.99738521340538	0.025642744879629756	103
37.77520091112007	0.025789679395657673	103
37.77447062549958	0.025790165123295367	102
37.761209163773955	0.02579898877186203	104
37.754231119903885	0.025803634109164596	107
37.62907696866014	0.02588723517290621	101
37.62103166665041	0.02589262784669495	102
37.57760382844124	0.025921775868898125	107
37.0861865388298	0.026256238570392852	112
37.0861865388298	0.026256238570392852	112
37.06383294190675	0.026271657967977265	112
37.06312153351603	0.026272148991234517	112
37.06312152329561	0.02627214899828892	112
36.94562517975437	0.02635349912573171	110
36.94561512697086	0.026353506107461237	110
36.94562517975437	0.02635349912573171	110
36.92700058478968	0.02636644038761773	110
36.76066777833742	0.026482582508079507	114
36.74375764364579	0.026494447358458788	113
36.74375764364579	0.026494447358458788	113
36.595650622409266	0.02659882149782347	113
36.192492970741654	0.02688714630629018	120
36.192492970741654	0.02688714630629018	120
36.16907892218876	0.026904083420884337	120
36.16916146992363	0.026904023670514476	120
36.168701328460635	0.026904356737217635	119
36.090568851505616	0.02696103163053556	122
36.067932217195185	0.026977496185668456	122
36.067932217195185	0.026977496185668456	122
36.04890696279516	0.026991349596472817	117
36.01579803066145	0.02701549211965296	122
35.96418253844118	0.027053215608380966	123
35.951418627558226	0.02706256044129802	121
35.94453044234413	0.027067606165968365	122
35.94453044234413	0.027067606165968365	122
35.91258216370787	0.027091033500853033	123
35.89815741727842	0.02710162430852785	123
35.91258216370787	0.027091033500853033	123
35.88669030672166	0.02711004949711564	123
35.88669030672166	0.02711004949711564	123
35.89020303708342	0.027107468044964743	122
35.890178951692235	0.027107485743278776	122
35.86818117006331	0.027123659705024793	121
35.86329921680386	0.027127251799105315	121
35.86329921680386	0.027127251799105315	121
35.84785836214283	0.027138619297000753	121
35.84785836214283	0.027138619297000753	121
