22.43221796105194	0.04267628449266555	196
22.423989743577476	0.04269127552338456	197
22.423989743577476	0.04269127552338456	197
22.408609013364842	0.04271932601501708	197
22.408609013364842	0.04271932601501708	197
22.355728668897967	0.04281604801016832	207
22.335548611009852	0.042853074366042285	206
22.335543975288992	0.042853082879016784	206
22.32054632149456	0.04288064208334174	206
22.312063411644274	0.042896245705153	205
22.304873760300115	0.0429094793769491	206
22.299569516491847	0.0429192478982147	206
22.304795697398333	0.04290962310867357	206
22.051678205090692	0.043380789507080735	209
21.983861703085903	0.04350878946794812	207
21.983861703085903	0.04350878946794812	207
21.983861703085903	0.04350878946794812	207
22.113603390840918	0.0432645651606302	208
22.115213884309032	0.04326155081259341	208
22.113603390840918	0.0432645651606302	208
22.074215449657395	0.043338418252259495	208
22.074215449657395	0.043338418252259495	208
22.012737716741924	0.04345419533776258	209
22.011789262573064	0.04345598634637353	209
22.006127138578616	0.04346668146170137	209
21.97441471637108	0.04352668010678075	209
21.97441471637108	0.04352668010678075	209
21.95863809071551	0.04355659059778466	208
21.954744056435807	0.04356397952168108	207
21.928472706486872	0.04361389495066901	210
21.907913150823077	0.04365303785709831	209
21.885386950666433	0.04369600575929434	208
21.880325413522595	0.04370567209717157	208
21.880325413522595	0.04370567209717157	208
21.87345048526329	0.043718808434445484	208
21.82584302264926	0.04380999199055808	211
21.820715078357424	0.04381983634458388	211
21.821045377213245	0.043819202121148114	211
21.815178345740716	0.043830470437093316	209
21.796824583860957	0.04386575842268626	202
21.78266633164606	0.04389301872937317	203
21.744832503732805	0.04396603051861927	208
21.73689532282848	0.04398137853922263	210
21.715197589323356	0.04402338989426278	203
21.70011194926954	0.04405264618231007	209
21.704720589743417	0.044043704305779384	203
21.635532991100913	0.044178327958663346	208
21.635532991100913	0.044178327958663346	208
21.625135708599615	0.04419862991672173	209
21.622944601326118	0.044202910700730874	210
21.604656898357472	0.04423867190272033	210
21.604656898357472	0.04423867190272033	210
21.598078188002326	0.04425155058233738	210
21.592289082051384	0.0442628897128648	210
21.59218796906956	0.04426308781464977	210
21.585464267032915	0.04427626495416609	211
21.58210131922907	0.044282858617257274	210
21.583088805583547	0.04428092226926705	210
21.58099251507336	0.044285033057447576	210
21.58099251507336	0.044285033057447576	210
21.56746683179629	0.044311575040892774	210
21.579271007513  	0.044288409473771814	211
21.579123169456075	0.044288699454580714	210
21.574666098352306	0.04429744367616532	210
21.574666098352306	0.04429744367616532	210
21.568218742744307	0.044310098701143635	210
21.568218742744307	0.044310098701143635	210
21.568218742744307	0.044310098701143635	210
21.568218742744307	0.044310098701143635	210
21.568218742744307	0.044310098701143635	210
21.557867575564984	0.04433043135173002	210
21.557867575564984	0.04433043135173002	210
21.557867575564984	0.04433043135173002	210
21.557867575564984	0.04433043135173002	210
21.53202459811942	0.044381275887807374	215
21.53202459811942	0.044381275887807374	215
21.53202459811942	0.044381275887807374	215
21.53202459811942	0.044381275887807374	215
21.527340266541767	0.044390504523307076	214
21.516171097766495	0.04441252447665028	212
21.515556998006417	0.04441373580447255	210
21.504218390340633	0.04443611338349013	218
21.45664261895532	0.044530254008491664	211
21.465454835696246	0.044512786734727514	211
21.440873678037  	0.044561544900041265	206
21.440873678037  	0.044561544900041265	206
21.437271082424196	0.04456869983548627	206
21.425542137824248	0.04459201003276263	210
21.42738475194595	0.04458834639260528	208
21.41949918165096	0.04460402937182652	209
21.414621280718872	0.0446137361624844	209
21.4095400751135	0.044623852013390114	210
21.4095400751135	0.044623852013390114	210
21.39957167697748	0.044643710800408326	210
21.386773822834414	0.044669232284823654	205
21.380099089655246	0.04468255462113794	203
21.376476630774796	0.04468978814227978	205
21.35898036110848	0.04472475863610551	208
21.35898036110848	0.04472475863610551	208
21.35898036110848	0.04472475863610551	208
21.35898036110848	0.04472475863610551	208
