57.51454659018547	0.017089767558204544	81
57.51454659018547	0.017089767558204544	81
49.12022771125928	0.019952024275726794	59
49.12022771125928	0.019952024275726794	59
51.573323622019934	0.019021053475515054	61
46.19552637988001	0.02118844892100433	70
46.18404870814805	0.021193603079409196	71
44.803927788528604	0.021832188816140036	108
44.803927788528604	0.021832188816140036	108
43.58164374248227	0.022430756608623887	103
43.29113294760499	0.022577882601986458	77
43.29113294760499	0.022577882601986458	77
43.25479964090731	0.0225964191028817	62
42.17643662641422	0.02316078116062561	63
42.17643662641422	0.02316078116062561	63
42.17643662641422	0.02316078116062561	63
42.17643662641422	0.02316078116062561	63
42.17643662641422	0.02316078116062561	63
42.17643662641422	0.02316078116062561	63
42.09370674970016	0.023205244464308186	66
42.09370674970016	0.023205244464308186	66
42.09370674970016	0.023205244464308186	66
42.09370674970016	0.023205244464308186	66
42.09370674970016	0.023205244464308186	66
42.02911811124423	0.02324007657825279	67
42.02911811124423	0.02324007657825279	67
40.596989103733264	0.0240402015036769	72
40.596989103733264	0.0240402015036769	72
40.596989103733264	0.0240402015036769	72
40.596989103733264	0.0240402015036769	72
40.596989103733264	0.0240402015036769	72
40.596989103733264	0.0240402015036769	72
39.56045466533983	0.02465455597701993	90
39.56045466533983	0.02465455597701993	90
38.82139191067894	0.025112130742266422	97
38.82139191067894	0.025112130742266422	97
38.647890163089365	0.025222023060661142	96
38.647890163089365	0.025222023060661142	96
38.647890163089365	0.025222023060661142	96
38.647890163089365	0.025222023060661142	96
38.29828426353853	0.02544640354509862	110
38.12101642704588	0.02556170803651873	111
38.12101642704588	0.02556170803651873	111
38.12101642704588	0.02556170803651873	111
38.12101642704588	0.02556170803651873	111
38.12101642704583	0.025561708036518763	111
38.12101642704583	0.025561708036518763	111
38.12101642704583	0.025561708036518763	111
38.12101642704583	0.025561708036518763	111
38.121016427045774	0.0255617080365188	111
38.121016427045774	0.0255617080365188	111
38.121016427045774	0.0255617080365188	111
38.06954944057837	0.02559538091220937	110
38.06954944057837	0.02559538091220937	110
38.06954944057837	0.02559538091220937	110
38.06954944057837	0.02559538091220937	110
38.06860812813463	0.025595997602992828	109
37.76072668558805	0.025799309907464103	112
37.751550256377534	0.025805419225400538	113
37.751550256377534	0.025805419225400538	113
37.751550256377534	0.025805419225400538	113
37.751550256377534	0.025805419225400538	113
37.751550256377534	0.025805419225400538	113
37.751550256377534	0.025805419225400538	113
37.751550256377534	0.025805419225400538	113
37.751550256377534	0.025805419225400538	113
37.69040245533915	0.025846203103064475	113
37.69040245533915	0.025846203103064475	113
37.69040245533915	0.025846203103064475	113
37.69040245533915	0.025846203103064475	113
37.622852072051984	0.02589140745314387	112
37.621703080949764	0.025892177719455674	113
37.621703080949764	0.025892177719455674	113
37.621703080949764	0.025892177719455674	113
37.621703080949764	0.025892177719455674	113
37.621703080949764	0.025892177719455674	113
37.621703080949764	0.025892177719455674	113
37.621703080949764	0.025892177719455674	113
37.621703080949764	0.025892177719455674	113
37.61926613033313	0.025893811566102227	113
37.61926613033313	0.025893811566102227	113
37.61926613033313	0.025893811566102227	113
37.61926613033313	0.025893811566102227	113
37.61926613033313	0.025893811566102227	113
37.61926613033313	0.025893811566102227	113
37.61926613033313	0.025893811566102227	113
37.61926613033313	0.025893811566102227	113
37.61926613033313	0.025893811566102227	113
37.61926613033313	0.025893811566102227	113
37.61926613033313	0.025893811566102227	113
37.61926613033313	0.025893811566102227	113
37.61926613033313	0.025893811566102227	113
37.61926613033313	0.025893811566102227	113
37.61675691949034	0.025895494074886644	114
37.61675691949034	0.025895494074886644	114
37.61675691949034	0.025895494074886644	114
37.61675691949034	0.025895494074886644	114
37.61675691949034	0.025895494074886644	114
37.61675691949034	0.025895494074886644	114
37.61655668775671	0.025895628346300683	114
37.61655668775671	0.025895628346300683	114
