22.325941956529434	0.042870723157230464	205
22.325941956529434	0.042870723157230464	205
22.32427287724656	0.04287379097573182	205
22.324386568228842	0.04287358199431248	205
22.324386568228842	0.04287358199431248	205
22.324039158973687	0.042874220592073575	205
22.324263791857557	0.042873807676154715	206
22.324263791857557	0.042873807676154715	206
22.324039158973687	0.042874220592073575	205
22.324039158973687	0.042874220592073575	205
22.324039158973687	0.042874220592073575	205
22.324039158973687	0.042874220592073575	205
22.324039158973687	0.042874220592073575	205
22.324039158973687	0.042874220592073575	205
22.324039158973687	0.042874220592073575	205
22.324039158973687	0.042874220592073575	205
22.324039158973687	0.042874220592073575	205
22.324039158973687	0.042874220592073575	205
22.324039158973687	0.042874220592073575	205
22.324039158973687	0.042874220592073575	205
22.324039158973687	0.042874220592073575	205
22.324039158973687	0.042874220592073575	205
22.324039158973687	0.042874220592073575	205
22.324039158973687	0.042874220592073575	205
22.324039158973687	0.042874220592073575	205
22.324039158973687	0.042874220592073575	205
22.324039158973687	0.042874220592073575	205
22.324039158973687	0.042874220592073575	205
22.324039158973687	0.042874220592073575	205
22.324039158973687	0.042874220592073575	205
22.324039158973687	0.042874220592073575	205
22.324039158973687	0.042874220592073575	205
22.324039158973687	0.042874220592073575	205
22.324039158973687	0.042874220592073575	205
22.324039158973687	0.042874220592073575	205
22.324039158973687	0.042874220592073575	205
22.324039158973687	0.042874220592073575	205
22.324039158973687	0.042874220592073575	205
22.324039158973687	0.042874220592073575	205
22.324039158973687	0.042874220592073575	205
22.324039158973687	0.042874220592073575	205
22.324039158973687	0.042874220592073575	205
22.324039158973687	0.042874220592073575	205
22.324039158973687	0.042874220592073575	205
22.324039158973687	0.042874220592073575	205
22.324039158973687	0.042874220592073575	205
22.324039158973687	0.042874220592073575	205
22.324039158973687	0.042874220592073575	205
22.324039158973687	0.042874220592073575	205
22.324039158973687	0.042874220592073575	205
22.324039158973687	0.042874220592073575	205
22.324039158973687	0.042874220592073575	205
22.324039158973687	0.042874220592073575	205
22.324039158973687	0.042874220592073575	205
22.324039158973687	0.042874220592073575	205
22.324039158973687	0.042874220592073575	205
22.324039158973687	0.042874220592073575	205
22.324039158973687	0.042874220592073575	205
22.324039158973687	0.042874220592073575	205
22.324039158973687	0.042874220592073575	205
22.324039158973687	0.042874220592073575	205
22.324039158973687	0.042874220592073575	205
22.324039158973687	0.042874220592073575	205
22.324039158973687	0.042874220592073575	205
22.324039158973687	0.042874220592073575	205
22.324039158973687	0.042874220592073575	205
22.324039158973687	0.042874220592073575	205
22.324039158973687	0.042874220592073575	205
22.324039158973687	0.042874220592073575	205
22.324039158973687	0.042874220592073575	205
22.324039158973687	0.042874220592073575	205
22.324039158973687	0.042874220592073575	205
22.324039158973687	0.042874220592073575	205
22.324039158973687	0.042874220592073575	205
22.324039158973687	0.042874220592073575	205
22.324039158973687	0.042874220592073575	205
22.324039158973687	0.042874220592073575	205
22.324039158973687	0.042874220592073575	205
22.324039158973687	0.042874220592073575	205
22.324039158973687	0.042874220592073575	205
22.324039158973687	0.042874220592073575	205
22.324039158973687	0.042874220592073575	205
22.324039158973687	0.042874220592073575	205
22.324039158973687	0.042874220592073575	205
22.324039158973687	0.042874220592073575	205
22.324039158973687	0.042874220592073575	205
22.324039158973687	0.042874220592073575	205
22.324039158973687	0.042874220592073575	205
22.324039158973687	0.042874220592073575	205
22.324039158973687	0.042874220592073575	205
22.324039158973687	0.042874220592073575	205
22.324039158973687	0.042874220592073575	205
22.324039158973687	0.042874220592073575	205
22.324039158973687	0.042874220592073575	205
22.324039158973687	0.042874220592073575	205
22.324039158973687	0.042874220592073575	205
22.324039158973687	0.042874220592073575	205
22.324039158973687	0.042874220592073575	205
22.324039158973687	0.042874220592073575	205
22.324039158973687	0.042874220592073575	205
22.324039158973687	0.042874220592073575	205
