23.745215294950427	0.040411852880668314	189
23.745215294950427	0.040411852880668314	189
22.331923793518033	0.042859731964229	204
22.331923793518033	0.042859731964229	204
22.329634850491374	0.04286393706581901	205
22.324213720837076	0.04287389971506878	204
22.324133167219372	0.04287404778692647	204
22.255763729664125	0.043000092864051584	205
22.10897985187758	0.0432732213368887	195
21.972858911072425	0.04352962789137322	207
21.972858911072425	0.04352962789137322	207
21.857621057749167	0.043749084713300954	198
21.972858911072425	0.04352962789137322	207
21.790208425602195	0.04387849296176749	204
21.790208425602195	0.04387849296176749	204
21.790208425602195	0.04387849296176749	204
21.790208425602195	0.04387849296176749	204
21.790208425602195	0.04387849296176749	204
21.63805546063347	0.0441734053412385	200
21.63805546063347	0.0441734053412385	200
21.63805546063347	0.0441734053412385	200
21.63805546063347	0.0441734053412385	200
21.63805546063347	0.0441734053412385	200
21.63805546063347	0.0441734053412385	200
21.63805546063347	0.0441734053412385	200
21.63805546063347	0.0441734053412385	200
21.63805546063347	0.0441734053412385	200
21.63805546063347	0.0441734053412385	200
21.63805546063347	0.0441734053412385	200
21.63805546063347	0.0441734053412385	200
21.63805546063347	0.0441734053412385	200
21.63805546063347	0.0441734053412385	200
21.63805546063347	0.0441734053412385	200
21.63805546063347	0.0441734053412385	200
21.590913205533838	0.04426558549899795	201
21.590913205533838	0.04426558549899795	201
21.590913205533838	0.04426558549899795	201
21.590913205533838	0.04426558549899795	201
21.590913205533838	0.04426558549899795	201
21.53602454899341	0.044373398592373554	203
21.58554406639121	0.04427610851704327	199
21.58554406639121	0.04427610851704327	199
21.53602454899341	0.044373398592373554	203
21.53602454899341	0.044373398592373554	203
21.53602454899341	0.044373398592373554	203
21.53602454899341	0.044373398592373554	203
21.53602454899341	0.044373398592373554	203
21.53602454899341	0.044373398592373554	203
21.53602454899341	0.044373398592373554	203
21.53602454899341	0.044373398592373554	203
21.53602454899341	0.044373398592373554	203
21.53602454899341	0.044373398592373554	203
21.53602454899341	0.044373398592373554	203
21.53602454899341	0.044373398592373554	203
21.53602454899341	0.044373398592373554	203
21.53602454899341	0.044373398592373554	203
21.53602454899341	0.044373398592373554	203
21.535751806250403	0.04437393562892564	203
21.535751806250403	0.04437393562892564	203
21.535751806250403	0.04437393562892564	203
21.535751806250403	0.04437393562892564	203
21.535751806250403	0.04437393562892564	203
21.535751806250403	0.04437393562892564	203
21.535751806250403	0.04437393562892564	203
21.535751806250403	0.04437393562892564	203
21.535751806250403	0.04437393562892564	203
21.535751806250403	0.04437393562892564	203
21.535751806250403	0.04437393562892564	203
21.535751806250403	0.04437393562892564	203
21.535751806250403	0.04437393562892564	203
21.535751806250403	0.04437393562892564	203
21.535751806250403	0.04437393562892564	203
21.535751806250403	0.04437393562892564	203
21.535751806250403	0.04437393562892564	203
21.535751806250403	0.04437393562892564	203
21.535751806250403	0.04437393562892564	203
21.535751806250403	0.04437393562892564	203
21.535751806250403	0.04437393562892564	203
21.535751806250403	0.04437393562892564	203
21.535751806250403	0.04437393562892564	203
21.535751806250403	0.04437393562892564	203
21.535751806250403	0.04437393562892564	203
21.535751806250403	0.04437393562892564	203
21.535751806250403	0.04437393562892564	203
21.535751806250403	0.04437393562892564	203
21.535751806250403	0.04437393562892564	203
21.535751806250403	0.04437393562892564	203
21.535751806250403	0.04437393562892564	203
21.535751806250403	0.04437393562892564	203
21.535751806250403	0.04437393562892564	203
21.535751806250403	0.04437393562892564	203
21.535751806250403	0.04437393562892564	203
21.535751806250403	0.04437393562892564	203
21.535751806250403	0.04437393562892564	203
21.535751806250403	0.04437393562892564	203
21.535751806250403	0.04437393562892564	203
21.535751806250403	0.04437393562892564	203
21.535751806250403	0.04437393562892564	203
21.535751806250403	0.04437393562892564	203
21.535751806250403	0.04437393562892564	203
21.535751806250403	0.04437393562892564	203
