60.613415913915155	0.016230231438509705	64
52.834500186295855	0.018575448765001456	72
49.96751694992178	0.01962033977410655	36
52.584923803113924	0.01866196551243184	77
52.584923803113924	0.01866196551243184	77
51.66530229803095	0.01898783366591229	76
51.36184677774601	0.019097874913476198	65
50.930215397194424	0.019256611827071796	51
47.73110910420234	0.020520772426124913	79
47.06065874603767	0.02080703898138817	60
47.06065874603767	0.02080703898138817	60
43.30851801040043	0.02256902385598346	68
43.30851801040043	0.02256902385598346	68
42.666198745703035	0.02290100876020047	60
42.666198745703035	0.02290100876020047	60
41.2348876585494	0.02367710808383256	67
41.2348876585494	0.02367710808383256	67
40.787816581092535	0.02393041996007189	80
40.787816581092535	0.02393041996007189	80
40.650191998189484	0.024009493162563803	77
40.77020749341661	0.023940508319419043	69
40.48179227453017	0.02410696223976803	80
40.38670920954369	0.02416234629665608	91
39.9649637186517	0.024411104251623964	68
39.53985543559753	0.02466708352200765	81
39.52647359661323	0.024675228591405727	81
39.37880771835783	0.024765466255838947	85
39.250284610335356	0.024844544819522165	88
38.7969813332715	0.025127533961073804	101
38.7969813332715	0.025127533961073804	101
38.76880423119291	0.02514533739024629	97
38.72841076554005	0.025170903661401633	93
38.11982194569395	0.025562488535561277	109
38.11982194569395	0.025562488535561277	109
38.11982194569395	0.025562488535561277	109
37.68555313668281	0.025849442981125938	117
37.68555313668281	0.025849442981125938	117
37.47803137832041	0.02598885556716469	123
37.47803137832041	0.02598885556716469	123
37.47803137832041	0.02598885556716469	123
37.47803137832041	0.02598885556716469	123
37.400064679775255	0.026041622802960674	127
37.31545803753674	0.02609912685946032	127
37.31545803753674	0.02609912685946032	127
37.31545803753674	0.02609912685946032	127
37.15953274389547	0.026205771614432934	127
37.31474145216433	0.0260996149810509	128
37.15953274389547	0.026205771614432934	127
37.15953274389547	0.026205771614432934	127
37.15953274389547	0.026205771614432934	127
37.15953274389547	0.026205771614432934	127
37.15953274389547	0.026205771614432934	127
37.15953274389547	0.026205771614432934	127
37.15953274389547	0.026205771614432934	127
37.15953274389547	0.026205771614432934	127
37.15953274389547	0.026205771614432934	127
37.055838024625494	0.026277177219245877	129
37.055838024625494	0.026277177219245877	129
37.055838024625494	0.026277177219245877	129
37.055838024625494	0.026277177219245877	129
37.055838024625494	0.026277177219245877	129
37.055838024625494	0.026277177219245877	129
37.055838024625494	0.026277177219245877	129
37.055838024625494	0.026277177219245877	129
37.055838024625494	0.026277177219245877	129
37.055838024625494	0.026277177219245877	129
37.01433211034258	0.02630586793153021	128
37.01433211034258	0.02630586793153021	128
37.01433211034258	0.02630586793153021	128
37.01433211034258	0.02630586793153021	128
37.01433211034258	0.02630586793153021	128
37.00575887578349	0.02631180193686857	129
37.00575887578349	0.02631180193686857	129
37.003819553460126	0.026313144619405846	129
36.95328840619187	0.02634817803657971	129
36.95328840619187	0.02634817803657971	129
36.95328840619187	0.02634817803657971	129
36.95328840619187	0.02634817803657971	129
36.95328840619187	0.02634817803657971	129
36.94282592167584	0.026355443373255013	130
36.94282592167584	0.026355443373255013	130
36.94282592167584	0.026355443373255013	130
36.94282592167584	0.026355443373255013	130
36.94282592167584	0.026355443373255013	130
36.94282592167584	0.026355443373255013	130
36.94282592167584	0.026355443373255013	130
36.94282592167584	0.026355443373255013	130
36.94282592167584	0.026355443373255013	130
36.93938265037067	0.02635783531892104	130
36.93938265037067	0.02635783531892104	130
36.93938265037067	0.02635783531892104	130
36.93938265037067	0.02635783531892104	130
36.9359335235826	0.026360231767549817	130
36.9359335235826	0.026360231767549817	130
36.9359335235826	0.026360231767549817	130
36.9359335235826	0.026360231767549817	130
36.92410428281395	0.02636845401918087	130
36.91399426271294	0.026375485343770922	129
36.9359335235826	0.026360231767549817	130
36.93575335892833	0.026360356957683722	129
36.91399426271294	0.026375485343770922	129
