23.262227345717832	0.04121633128528471	165
22.41279899228738	0.0427116809198857	197
22.397449141154635	0.042739701835319444	202
22.41279899228738	0.0427116809198857	197
22.3358112912326	0.04285259198919327	208
22.32406678590894	0.042874169808334736	204
22.32437935621537	0.04287359525103611	206
22.32406678590894	0.042874169808334736	204
22.32406678590894	0.042874169808334736	204
22.31108618422377	0.04289804396488266	205
22.21194053259159	0.04308127528570534	199
22.190880505425483	0.043120398113648636	201
22.18890114728959	0.04312407878442674	200
22.17464150155194	0.04315061356755111	200
22.17464150155194	0.04315061356755111	200
22.159626744282576	0.043178588802035435	200
22.097859586807445	0.04329405485567846	201
21.97763092699387	0.04352058761746455	201
21.938351133187613	0.04359511257778168	203
21.938351133187613	0.04359511257778168	203
21.87162315475308	0.04372230135280907	215
21.867754521938956	0.04372969803574794	210
21.824518037900162	0.04381253520181665	214
21.749261650748604	0.04395747059189032	217
21.646041362743905	0.04415782802751338	215
21.646041362743905	0.04415782802751338	215
21.629582875413618	0.04418994399965148	217
21.602599814415825	0.04424269810600305	218
21.561530091638435	0.04432323499063619	218
21.57735119355689	0.04429217543842696	222
21.57735119355689	0.04429217543842696	222
21.499700205164626	0.044445036639664114	222
21.4957811145216	0.044452779608282846	224
21.4957811145216	0.044452779608282846	224
21.450706360203338	0.044542028386804974	218
21.394483632093703	0.044653853887789245	231
21.37943772357453	0.04468387509783584	228
21.37943772357453	0.04468387509783584	228
21.37943772357453	0.04468387509783584	228
21.37943772357453	0.04468387509783584	228
21.37728868549093	0.04468816638399913	231
21.36680787381732	0.04470910671033233	229
21.341358811974743	0.04476003489384943	228
21.338270737365587	0.044766222585317844	229
21.338445133213092	0.04476587309620699	226
21.338445133213092	0.04476587309620699	226
21.33797961802223	0.044766806000360135	226
21.33797961802223	0.044766806000360135	226
21.337945116029243	0.044766875144769736	226
21.327970101066942	0.04478687473485174	226
21.32377446463051	0.044795292193279705	233
21.30215433527818	0.044838717595016	227
21.301356423323448	0.044840321862851765	227
21.28450784895339	0.04487422413714943	225
21.28450784895339	0.04487422413714943	225
21.28450784895339	0.04487422413714943	225
21.26171057858548	0.04492017792028723	231
21.271933150174412	0.04489956005422767	225
21.22834159170163	0.04498761168819378	228
21.22834159170163	0.04498761168819378	228
21.23162939677822	0.04498095853221261	227
21.23162939677822	0.04498095853221261	227
21.19724031023621	0.04505064530651822	226
21.19724031023621	0.04505064530651822	226
21.180690058791992	0.045084260108653365	227
21.180398747916477	0.04508485223215093	228
21.17090217858538	0.045104163644088806	228
21.13792985877556	0.04517134196283471	229
21.13792985877556	0.04517134196283471	229
21.13792985877556	0.04517134196283471	229
21.133084041759794	0.04518123177561885	228
21.101659038577832	0.0452454722179239	230
21.077590578012074	0.04529479774826238	229
21.043846624872863	0.04536413344809177	228
21.011213790505067	0.04543138826952687	230
21.011213790505067	0.04543138826952687	230
21.011213790505067	0.04543138826952687	230
20.993785949084067	0.04546738803019246	226
20.993785949084067	0.04546738803019246	226
20.993785949084067	0.04546738803019246	226
20.98535829684773	0.0454848170540564	227
20.98535829684773	0.0454848170540564	227
20.97791040873707	0.04550023097748462	226
20.970628849274625	0.045515310775140407	228
20.960086853521258	0.04553716051626872	229
20.924542409035148	0.04561098614253851	230
20.891257610643525	0.04568033585762566	232
20.861868929393854	0.045741743454306136	230
20.861868929393854	0.045741743454306136	230
20.829673171421888	0.04580920621886088	229
20.829673171421888	0.04580920621886088	229
20.81293524479658	0.04584435743183841	234
20.81293524479658	0.04584435743183841	234
20.8068111728212	0.04585723203979244	233
20.7940076278996	0.04588417224924937	228
20.7940076278996	0.04588417224924937	228
20.76536112239929	0.045944562756226194	234
20.76536112239929	0.045944562756226194	234
20.736069227231997	0.0460064784274404	237
20.731238794237505	0.04601670477548528	231
20.731238794237505	0.04601670477548528	231
