55.74057819576547	0.017624071375335924	60
60.613415913915155	0.016230231438509705	64
60.613415913915155	0.016230231438509705	64
60.613415913915155	0.016230231438509705	64
55.32292409155111	0.017754760004550403	79
52.584923803113924	0.01866196551243184	77
52.2535379510122	0.018778095098956574	75
51.29104262485962	0.01912373419620039	61
49.64302632274052	0.019746055333011655	75
48.6274889532105	0.020150122867244283	63
45.14712798946505	0.02166982093074764	57
45.14712798946505	0.02166982093074764	57
44.86374517871526	0.021803714374029934	62
43.86306055184576	0.02229005305699898	54
43.29111574172565	0.02257789137287239	59
42.996402705618074	0.02272913098580003	63
42.79279603141493	0.022834805964036784	51
42.07592463478074	0.023214823790284264	66
41.58908950923313	0.02348019202859935	73
41.399794787195695	0.02358501981009563	72
40.94061554055105	0.023843236135462336	67
40.94061554055105	0.023843236135462336	67
40.44954662297753	0.024125716237524554	70
40.50201497440645	0.024095215632703185	68
40.50201497440645	0.024095215632703185	68
39.58333837343266	0.024640654024032597	67
39.401704608584424	0.024751430903425874	64
39.401704608584424	0.024751430903425874	64
39.3757874429403	0.024767318814851988	65
39.147635389484385	0.024908067194959225	83
39.05728378109655	0.024964248835861166	81
39.05728378109655	0.024964248835861166	81
38.63501582774677	0.025230215735146572	80
38.62409204760829	0.025237171335017627	80
38.62409204760829	0.025237171335017627	80
38.42144801774014	0.025366901782755105	69
38.107134087491566	0.025570781989873566	95
37.70192087911824	0.025838510784087557	110
37.70192087911824	0.025838510784087557	110
36.787169324220145	0.02646400928896883	87
36.787169324220145	0.02646400928896883	87
36.787169324220145	0.02646400928896883	87
36.497954237446756	0.026668121510516042	124
36.439859596624345	0.026709501872441907	126
36.425216253942615	0.026719952483765637	126
36.221505690006175	0.02686618881912926	124
35.58020738698438	0.027337187824577794	111
35.59741179086002	0.027324336642017506	103
35.50585913701109	0.027392863053760052	102
34.524946689798384	0.02814923295260476	112
34.4628517362882	0.028198521862716597	112
34.431531909747314	0.028223448044731512	114
33.765417063658774	0.0287642169851984	116
33.765417063658774	0.0287642169851984	116
33.73638136651891	0.028788260626475683	117
33.715194100531555	0.028805830585423346	116
33.59182345186358	0.028908565672797065	117
33.463002265752195	0.029016624619316922	118
33.463002265752195	0.029016624619316922	118
33.45387862516921	0.029024308435030042	118
33.43620205112837	0.02903920700997377	118
33.40637500119944	0.02906438123647548	115
33.34233855238805	0.029118576141066648	118
33.32261426097503	0.029135309810506032	118
33.32261426097503	0.029135309810506032	118
33.25337274024385	0.029194205416890606	119
33.25337274024385	0.029194205416890606	119
33.25337274024385	0.029194205416890606	119
33.2440180548023	0.029202180608585517	119
33.21797679615372	0.029224404644298117	121
33.21797679615372	0.029224404644298117	121
33.21342113605675	0.02922829599598628	121
33.20463855898495	0.029235800819106088	122
33.20463855898495	0.029235800819106088	122
33.19098082718537	0.02924747918330838	122
33.19098082718537	0.02924747918330838	122
33.104278355862185	0.02932183433308478	123
33.104278355862185	0.02932183433308478	123
33.104278355862185	0.02932183433308478	123
33.04017353770751	0.02937705352448525	124
33.04017353770751	0.02937705352448525	124
32.941676332851344	0.02946230440103878	135
32.941676332851344	0.02946230440103878	135
32.92943635778331	0.02947293286735083	132
32.92943635778331	0.02947293286735083	132
32.86237747810128	0.029531299172560983	134
32.56216429567834	0.029795456311760136	135
32.56216429567834	0.029795456311760136	135
32.56216429567834	0.029795456311760136	135
32.56216429567834	0.029795456311760136	135
32.48711805317072	0.02986222936271207	140
32.38350868343806	0.02995491005701601	138
32.38350868343806	0.02995491005701601	138
32.37382370093939	0.029963602881136225	138
32.308634389337236	0.030022245532831573	140
32.308634389337236	0.030022245532831573	140
32.308634389337236	0.030022245532831573	140
32.308634389337236	0.030022245532831573	140
32.308634389337236	0.030022245532831573	140
32.308634389337236	0.030022245532831573	140
32.308634389337236	0.030022245532831573	140
