13.145679530488712	0.0706929630241278	163
11.754657863179162	0.07840273025957475	142
8.093629121240305	0.10996709747753682	167
10.076725028026559	0.09027939192042587	172
9.996974505432574	0.0909341018755653	172
9.575886174360967	0.09455472416337948	169
8.043787596385927	0.11057314088177163	167
7.835316560375952	0.11318213593893563	182
7.511549977996491	0.1174874144644789	163
7.507351982778111	0.11754538921445282	162
7.485543174254631	0.1178474941986068	179
7.225715329324003	0.1215699741559353	182
6.953884484441468	0.1257247326078336	192
6.934187144875332	0.1260368556652835	160
6.934187144875332	0.1260368556652835	160
6.720232340730465	0.1295297804347405	160
6.042359427966656	0.14199786452659524	171
6.042359427966656	0.14199786452659524	171
6.104008837204661	0.14076559065676608	172
6.072896924536779	0.14138478344437239	173
6.018906963593525	0.14247232584602063	171
5.84351251879206	0.14612379202259557	164
5.669482257821951	0.14993667594320423	180
5.633862946423032	0.1507417334479601	171
5.577329873280827	0.15203737979788928	171
5.458593938423581	0.1548324619157093	187
5.111276111602503	0.16363194556067592	181
5.111276111602503	0.16363194556067592	181
5.111276111602503	0.16363194556067592	181
4.9047160920868995	0.16935615267601642	182
4.9047160920868995	0.16935615267601642	182
4.73335049820699	0.17441808246552054	186
4.73335049820699	0.17441808246552054	186
4.73335049820699	0.17441808246552054	186
4.73335049820699	0.17441808246552054	186
4.673932689634213	0.17624460047383256	195
4.523761633217656	0.18103605231377234	199
4.523761633217656	0.18103605231377234	199
4.299186448118187	0.18870821206057273	202
4.299186448118187	0.18870821206057273	202
4.295270370579036	0.18884776980531218	202
4.270795954548774	0.1897246656146849	202
4.270795954548774	0.1897246656146849	202
4.1531925542550425	0.19405446031204288	199
4.1531925542550425	0.19405446031204288	199
4.0709492660463535	0.19720173630915971	203
4.068338311745966	0.1973033247765805	204
4.029494445256322	0.19882714075629845	205
4.007123751896983	0.19971545532924828	204
3.9401413644177414	0.20242335719432653	211
3.921444153906722	0.2031923900236039	210
3.9305097878887136	0.20281878406496553	208
3.772256706598659	0.2095444695205284	199
3.5468095206242647	0.21993443874523746	202
3.541485179984083	0.22019228520382508	202
3.3581357455815746	0.22945590921848497	214
3.3408605864558027	0.2303690662446438	211
3.3408605864558027	0.2303690662446438	211
3.1900850862334478	0.23865863805141013	217
3.1783161365504244	0.23933086136119652	215
3.1783161365504244	0.23933086136119652	215
2.945118509822275	0.2534778099847371	217
2.7850951571676226	0.2641941506031509	222
2.666054276210966	0.27277283003937014	222
2.504810202033851	0.28532215508266245	219
2.504810202033851	0.28532215508266245	219
2.504810202033851	0.28532215508266245	219
2.5041082790475797	0.28537930918955534	218
2.5014065056418464	0.28559951504879294	218
2.441434994683107	0.2905764605593201	221
2.440856156755466	0.2906253427760095	220
2.428486547436932	0.2916738876363916	221
2.428486547436932	0.2916738876363916	221
2.3598184344068  	0.29763513104140615	230
2.3598184344068  	0.29763513104140615	230
2.359371732302175	0.2976747081558315	229
2.273450254161208	0.30548806988247357	231
2.273450254161208	0.30548806988247357	231
2.24728706282858	0.30794936839644244	223
2.24728706282858	0.30794936839644244	223
2.240655680906762	0.3085795278689379	229
2.2417968077693398	0.3084709065057331	223
2.0949120760595874	0.32311095611904767	230
2.0949120760595874	0.32311095611904767	230
2.0299684544505676	0.33003643933360116	234
2.05120721582669	0.3277391305359316	234
2.0603688004446656	0.32675800375912273	231
2.0603688004446656	0.32675800375912273	231
2.0513469298382607	0.32772412413065266	231
1.8049424201171238	0.35651355722241307	230
1.898623488151259	0.3449913395402035	231
1.909023262350829	0.34375799359950243	232
1.909023262350829	0.34375799359950243	232
1.8854148055882793	0.34657062064811844	232
1.883813920027993	0.34676301166834406	231
1.829129542675289	0.35346561015172795	230
1.7553332678062545	0.3629325031872393	234
1.7160240667664033	0.3681852499895418	234
1.6493340625245785	0.37745334351949916	234
1.6493340625245785	0.37745334351949916	234
1.6493340625245785	0.37745334351949916	234
