13.145679530488712	0.0706929630241278	163
9.763615683827563	0.09290558390174686	116
7.305967157627473	0.12039537130624067	185
7.0300067943848354	0.12453289587491666	190
7.026346293801454	0.12458969042642418	190
5.964538905138575	0.14358452348685713	199
4.274892417222268	0.1895773261147561	193
4.274892417222268	0.1895773261147561	193
4.274892417222268	0.1895773261147561	193
4.274892417222268	0.1895773261147561	193
4.238404911105115	0.1908978051467648	194
4.238404911105115	0.1908978051467648	194
4.23592537598661	0.1909882070868073	192
4.235262130821405	0.1910124030108692	194
4.228371539856036	0.19126414264498406	192
4.229517435618142	0.1912222327033503	192
4.222094546009502	0.19149404347038423	193
4.218181877740293	0.19163762847473703	193
4.197488650994397	0.19240061251671564	194
4.191689099174212	0.19261554012528592	195
4.190431843311958	0.19266219655471112	195
4.189693859249309	0.19268959347529804	195
4.177382040992315	0.19314780946865118	194
4.173840043695521	0.19328003795141094	194
4.173840043695521	0.19328003795141094	194
4.172069020039219	0.1933462210433567	195
4.143310196188532	0.19442731662209553	196
4.13738447682053	0.1946515789331946	196
4.118511825255427	0.1953692858666195	197
4.117121736705074	0.195422358789514	196
4.113229204215457	0.1955711273759405	198
4.098283892675345	0.19614443233274836	199
3.6194996587920434	0.21647366032309456	212
3.615664442869971	0.2166535311172254	214
3.615664442869971	0.2166535311172254	214
3.615664442869971	0.2166535311172254	214
3.5590349954247147	0.21934466416765047	214
3.3415752782766117	0.23033114386005765	212
3.341469880978427	0.23033673557920256	212
3.1666630809047644	0.24000020654006332	216
3.163914238079005	0.24015864468460893	218
3.163914238079005	0.24015864468460893	218
2.8031973053455888	0.26293666084440287	221
2.8031973053455888	0.26293666084440287	221
2.224531632333843	0.3101225585671252	233
2.1300728154850166	0.31948138556164746	228
2.05071933972191	0.3277915431221397	231
1.9683566628727387	0.3368867402316177	232
1.9574319547713928	0.33813119466253255	230
1.9236638918632172	0.3420365804643541	232
1.8760454381022351	0.3476996527078001	236
1.8760454381022351	0.3476996527078001	236
1.8760454381022351	0.3476996527078001	236
1.8462702997908  	0.3513369759975009	234
1.8462702997908  	0.3513369759975009	234
1.8462702997908  	0.3513369759975009	234
1.8462702997908  	0.3513369759975009	234
1.8192487170812355	0.3547044267294369	236
1.8192487170812355	0.3547044267294369	236
1.8192487170812355	0.3547044267294369	236
1.7939684695084335	0.3579138458122752	232
1.76222626869818	0.3620268228320389	235
1.76222626869818	0.3620268228320389	235
1.76222626869818	0.3620268228320389	235
1.7613519838209364	0.36214144587836306	234
1.7613190365763858	0.36214576684331534	234
1.7378049786469194	0.3652561113006014	235
1.7378049786469194	0.3652561113006014	235
1.7367085752743228	0.3654024432980636	235
1.7367085752743228	0.3654024432980636	235
1.7345694330165664	0.36568828274251464	236
1.7294440537821736	0.36637497611072345	235
1.7190216649980141	0.36777934242783256	232
1.7190216649980141	0.36777934242783256	232
1.7190216649980141	0.36777934242783256	232
1.7190216649980141	0.36777934242783256	232
1.7184037202098479	0.3678629456565064	233
1.699458791990492	0.37044462503635145	235
1.699458791990492	0.37044462503635145	235
1.699458791990492	0.37044462503635145	235
1.699458791990492	0.37044462503635145	235
1.6805491396212202	0.3730578877361326	235
1.6805491396212202	0.3730578877361326	235
1.6805491396212202	0.3730578877361326	235
1.6695593161381321	0.3745936619406649	234
1.6695593161381321	0.3745936619406649	234
1.6695593161381321	0.3745936619406649	234
1.6695593161381321	0.3745936619406649	234
1.6695593161381321	0.3745936619406649	234
1.6670155526989818	0.3749509443197713	233
1.651980260681113	0.3770767131363067	237
1.651980260681113	0.3770767131363067	237
1.6407076663668634	0.3786863698456328	236
1.6407076663668634	0.3786863698456328	236
1.6402695635612918	0.37874920568760545	236
1.6402695635612918	0.37874920568760545	236
1.6326456908388565	0.3798460246587013	236
1.6368550842397442	0.37923965028526363	236
1.6011584578220908	0.38444409143658415	235
1.6011584578220908	0.38444409143658415	235
1.6011584578220908	0.38444409143658415	235
