8.180415839165773	0.10892752763265572	173
9.660991689838031	0.09379990427655915	183
8.401518664633691	0.10636579425851331	171
8.103736621907212	0.10984500557645772	169
8.103736621907212	0.10984500557645772	169
8.50123229926441	0.10524950538020425	172
5.680669857685416	0.14968558861647743	180
6.1374979731312544	0.1401051185954026	163
5.096125481004841	0.16403861815442278	181
5.096125481004841	0.16403861815442278	181
4.870260218527248	0.17035019961191492	179
4.288365881600961	0.1890943293993999	192
4.288365881600961	0.1890943293993999	192
4.288365881600961	0.1890943293993999	192
4.263476196659171	0.1899885099954891	193
3.6782055103039113	0.21375717629280394	200
3.6782055103039113	0.21375717629280394	200
3.6782055103039113	0.21375717629280394	200
3.6018385002728435	0.2173044534137193	202
2.828361234075586	0.26120837059449137	219
2.828361234075586	0.26120837059449137	219
2.828361234075586	0.26120837059449137	219
2.423964975051363	0.2920590623112314	230
2.4147569304345375	0.29284661262046174	231
2.4135711322204996	0.2929483409796439	231
2.4067360037521337	0.2935360999204556	231
2.4067360037521337	0.2935360999204556	231
2.16320696070485	0.31613486326458146	231
2.3378682940408675	0.29959240806035126	227
2.2918200604331824	0.30378331185830565	228
2.167827420051821	0.3156737622984656	232
2.2033040032950097	0.31217767622784837	232
2.2033040032950097	0.31217767622784837	232
2.160303588206608	0.3164252965226909	233
2.147558793499868	0.3177065356380743	232
2.1436017145806785	0.31810645584069763	232
2.1306006804027224	0.31942751634212235	232
2.127678209029582	0.3197259862325376	232
2.1246574914076373	0.3200350767243634	232
2.124286470096208	0.3200730821489639	232
2.0882239208777373	0.3238107163277782	233
1.7101798029301543	0.3689792090247422	241
1.709618614364309	0.36905562823445737	241
1.709618614364309	0.36905562823445737	241
1.7038402820734713	0.3698443309059433	241
1.686795614716053	0.37219057323259863	243
1.686795614716053	0.37219057323259863	243
1.6845618372213746	0.37250026657424246	242
1.6756922439423014	0.3737350595024425	241
1.6565699560155671	0.3764252462976134	242
1.6565699560155671	0.3764252462976134	242
1.6565699560155671	0.3764252462976134	242
1.6552031799314142	0.3766190126458913	242
1.645677508026821	0.37797501659444976	242
1.6435052442446187	0.37828561232370467	243
1.6435052442446187	0.37828561232370467	243
1.6422649594444338	0.378463180395906	243
1.6422649594444338	0.378463180395906	243
1.6310825220198437	0.3800716973454389	243
1.6223150824507533	0.3813424278006378	243
1.6223150824507533	0.3813424278006378	243
1.6223150824507533	0.3813424278006378	243
1.6223150824507533	0.3813424278006378	243
1.6223150824507533	0.3813424278006378	243
1.6223150824507533	0.3813424278006378	243
1.6223150824507533	0.3813424278006378	243
1.6204071204773387	0.38162008955991467	243
1.6204071204773387	0.38162008955991467	243
1.6204071204773387	0.38162008955991467	243
1.6204071204773387	0.38162008955991467	243
1.6200203013854042	0.3816764318471975	243
1.6194534799362057	0.3817590225058527	243
1.6194534799362057	0.3817590225058527	243
1.6090516180875043	0.3832810332564533	243
1.6090516180875043	0.3832810332564533	243
1.6090516180875043	0.3832810332564533	243
1.6090516180875043	0.3832810332564533	243
1.6090516180875043	0.3832810332564533	243
1.6090516180875043	0.3832810332564533	243
1.5760142575581446	0.3881966091864414	242
1.5760142575581446	0.3881966091864414	242
1.5760142575581446	0.3881966091864414	242
1.5760142575581446	0.3881966091864414	242
1.5760142575581446	0.3881966091864414	242
1.5610796231200188	0.39046033203050373	246
1.549190787731923	0.3922813485803172	243
1.549190787731923	0.3922813485803172	243
1.549190787731923	0.3922813485803172	243
1.549190787731923	0.3922813485803172	243
1.542072739386499	0.3933797741135208	245
1.5360866644880926	0.3943082915905988	245
1.5316829138506078	0.39499417345240617	245
1.5316829138506078	0.39499417345240617	245
1.5248913216640538	0.39605665060504086	245
1.5248913216640538	0.39605665060504086	245
1.5225586213496198	0.3964228983764824	245
1.511549198919694	0.3981606254936735	245
1.511549198919694	0.3981606254936735	245
1.511549198919694	0.3981606254936735	245
1.511549198919694	0.3981606254936735	245
1.511549198919694	0.3981606254936735	245
