8.526529104028441	0.10497002518757166	130
11.840490872966274	0.07787864263860425	174
7.9119930215031875	0.11220834639200938	183
7.597921905962074	0.11630717409826297	175
6.72089268060537	0.1295187022236389	179
6.025884893013992	0.142330825971021	163
6.108354444975485	0.14067953529059687	162
4.297052888685259	0.188784220398487	189
4.293136093290577	0.18892391625213842	190
4.273769674601558	0.18961768558380426	194
4.097711191047851	0.19616646815066957	197
4.0748303604276  	0.19705092170130017	197
4.060603712563843	0.19760488210474242	199
3.9815000394150126	0.20074274657989002	199
3.9039524807624844	0.20391714722417464	201
3.9078315781860966	0.20375597329882167	201
3.729356839858281	0.21144524168110052	201
3.6991243756811922	0.2128056037791165	201
3.6877042836015117	0.21332403656480456	204
3.644695760443005	0.21529935469974062	207
3.549715963068909	0.21979394057062682	203
3.5402558617661986	0.22025190439619663	205
3.522643796506014	0.22110960867016632	208
3.4042425500838367	0.2270537983837799	206
3.4037253278993647	0.22708046609187893	206
3.4037253278993647	0.22708046609187893	206
3.403641279033001	0.22708480019961813	206
3.4036376274310634	0.2270849885037809	206
3.377398221672086	0.22844620236950208	205
3.377398221672086	0.22844620236950208	205
3.3776788100867194	0.22843156005321247	205
3.38048658504405	0.22828514152154264	205
3.379944261738615	0.22831340771515912	205
3.379572799230236	0.2283327725881763	205
3.376785360291459	0.22847819065392963	205
3.3767848880886113	0.22847821530399925	205
3.3756074110520404	0.228539698848249	205
3.3767039208615883	0.2284824420572507	205
3.3761972426726383	0.22850889586258188	205
3.376194543382089	0.22850903680967574	205
3.372875299100556	0.22868248728832652	205
3.372875316344303	0.22868248638655309	205
3.372875316344303	0.22868248638655309	205
3.370641379223596	0.22879937135854436	205
3.370256545264644	0.22881951886406807	205
3.370256545264644	0.22881951886406807	205
3.368853256211484	0.22889301639468773	205
3.368853256211484	0.22889301639468773	205
3.3683697922705145	0.22891834884707357	205
3.3683697922705145	0.22891834884707357	205
3.367537604651156	0.22896196679224057	205
3.367537604651156	0.22896196679224057	205
3.360405522500637	0.22933646763810922	205
3.360405522500637	0.22933646763810922	205
3.3602791578681113	0.22934311400578625	205
3.357534638402026	0.22948756188584543	205
3.357009075982882	0.22951524372815627	205
3.346884488169807	0.2300498213655168	205
3.3429493313270724	0.23025827006239344	205
3.3429493313270724	0.23025827006239344	205
3.3343910701359047	0.23071291533660462	205
3.3245611622551365	0.2312373354152143	205
3.3215572456534725	0.23139806860264964	205
3.3190774556477796	0.23153092535823003	205
3.3190774556477796	0.23153092535823003	205
3.3169560399454543	0.2316447030608714	205
3.3141816383235265	0.23179367116044652	205
3.3141816383235265	0.23179367116044652	205
3.3138380123861695	0.2318121350706113	205
3.3127030662729404	0.23187313956771086	205
3.3125017879936807	0.23188396183024734	205
3.3124912617533337	0.23188452782938027	205
3.311722558564076	0.2319258687026996	205
3.311722558564076	0.2319258687026996	205
3.303408830273645	0.23237392482099176	205
3.303408830273645	0.23237392482099176	205
3.3033747893598995	0.23237576296456944	205
3.296517657754851	0.23274662870175444	206
3.290160537391181	0.2330915105121203	205
3.290048631302545	0.2330975907134134	205
3.290048631302545	0.2330975907134134	205
3.2895218260220616	0.23312621792330676	205
3.281241968961439	0.23357708049437442	205
3.281241968961439	0.23357708049437442	205
3.280643045148264	0.23360976130289884	205
3.2791333014825064	0.23369218239907363	205
3.2791333014825064	0.23369218239907363	205
3.278808071522525	0.23370994521943372	205
3.2787045306544047	0.233715600793555	205
3.105793433700193	0.2435582832278017	219
2.9724038725376154	0.2517367397895494	221
2.9724038725376154	0.2517367397895494	221
2.8967950398083815	0.25662114373076533	219
2.7305702031462014	0.2680555372357403	221
2.7305702031462014	0.2680555372357403	221
2.6900490764274574	0.27099910578104175	221
2.6879724667762956	0.2711516989371976	221
2.671473484945857	0.2723702088821559	221
2.666784528156222	0.27271850645198187	221
2.6394447513582975	0.2747671879417278	221
2.6394447513582975	0.2747671879417278	221
