11.840490872966274	0.07787864263860425	174
4.401530224238467	0.18513272322584934	196
4.295076627406157	0.18885467961393024	192
4.295076627406157	0.18885467961393024	192
4.295076627406157	0.18885467961393024	192
4.4151668197264025	0.18466651781754792	194
4.308243048303555	0.18838624963105013	194
4.2829107085166145	0.18928958961730954	194
4.2829107085166145	0.18928958961730954	194
4.2829107085166145	0.18928958961730954	194
4.2829107085166145	0.18928958961730954	194
4.2829107085166145	0.18928958961730954	194
4.2829107085166145	0.18928958961730954	194
4.262629716994152	0.19001906913017025	191
4.187360341982018	0.19277627426551863	196
4.178586735808255	0.1931028774868871	195
4.150355060888345	0.19416137104681822	196
4.150355060888345	0.19416137104681822	196
4.107800361903889	0.19577899078797562	197
4.107800361903889	0.19577899078797562	197
4.096804306322781	0.1962013724481165	198
4.033672558589821	0.19866210770772685	198
4.033672558589821	0.19866210770772685	198
4.033672558589821	0.19866210770772685	198
4.033672558589821	0.19866210770772685	198
4.030647997942647	0.1987815487008759	199
4.029847107964771	0.19881320018982257	199
4.022770667696239	0.1990933025135833	199
4.01390157335637	0.19944547880914765	200
4.022761386257699	0.1990936704132522	199
4.022630235886603	0.19909886912538732	199
4.0177662212574425	0.1992918673180836	198
4.0177662212574425	0.1992918673180836	198
4.003135513393719	0.1998746580665135	200
4.003135513393719	0.1998746580665135	200
4.003135513393719	0.1998746580665135	200
3.9887986674921736	0.20044905931284884	204
3.9714229383495727	0.2011496532081382	203
3.905596118435223	0.20384882404851906	202
3.8933215495771676	0.2043601651492553	202
3.891279782557055	0.2044454712171917	201
3.606613296321073	0.2170792153963995	209
3.334375462374971	0.23071374611650777	216
3.3496488854753244	0.22990361436742066	216
3.342365350453741	0.23028923623285363	215
2.7010059879366954	0.2701968068302149	225
2.699257953428379	0.2703244846911055	225
2.6721251337773446	0.2723218745466188	225
2.5808318437589843	0.27926471938158604	224
1.781923471323372	0.35946351878770266	237
1.781923471323372	0.35946351878770266	237
1.7392278640188235	0.36506637988592255	236
1.7025876631215293	0.37001574958903827	236
1.6227185699765116	0.38128376084550913	241
1.54212389672741	0.39337185779471445	242
1.54212389672741	0.39337185779471445	242
1.5344286705823968	0.394566243511681	241
1.4862548820635217	0.4022113771255939	240
1.4862548820635217	0.4022113771255939	240
1.4819208059414906	0.40291374229431165	240
1.4701230081062524	0.40483813831063464	240
1.4674666579687112	0.4052739666290885	242
1.4598671649611654	0.4065260166256934	241
1.4498646187462156	0.4081858206972175	244
1.4320134335821333	0.41118193929015084	244
1.4170156112294412	0.41373336413468137	244
1.4129560341669394	0.4144294325467247	239
1.3974021287781262	0.417118174709249	245
1.3974021287781262	0.417118174709249	245
1.3974021287781262	0.417118174709249	245
1.3969922585717727	0.4171894992251003	244
1.3804011734535642	0.42009725551813903	242
1.3677431314953419	0.4223431109135782	240
1.3677431314953419	0.4223431109135782	240
1.3205991908023385	0.430923187409306	245
1.3205991908023385	0.430923187409306	245
1.3192857628769925	0.43116722225705173	245
1.3192857628769925	0.43116722225705173	245
1.2804105470266973	0.4385175297947316	243
1.2764234919699935	0.43928557385190675	244
1.2708236072836276	0.44036885859056474	245
1.2567941566359004	0.443106429117423	245
1.2567941566359004	0.443106429117423	245
1.2566554594847459	0.44313366304855706	245
1.2567941566359004	0.443106429117423	245
1.2567941566359004	0.443106429117423	245
1.2528314829462959	0.44388584213683885	245
1.2365203387419033	0.4471231415505589	245
1.2365203387419033	0.4471231415505589	245
1.2359168901790614	0.4472438150059843	245
1.2359168901790614	0.4472438150059843	245
1.229314246374598	0.4485684338249939	240
1.2208619052381655	0.4502756329159331	245
1.2078206481858829	0.4529353418366106	244
1.2078206481858829	0.4529353418366106	244
1.2075870591408167	0.45298326779882264	244
1.2023380882964891	0.45406289130362404	244
1.2004797169882038	0.45444636107289366	244
1.1987535432521434	0.45480313292453634	244
1.1924655886418387	0.4561075006971797	244
1.1924655886418387	0.4561075006971797	244
