4.583873612007188	0.17908714800594108	193
4.588923052074737	0.17892534763540482	193
4.589166592134623	0.1789175512154628	193
4.571416594142823	0.17948756534402588	192
4.558843464901101	0.17989353474586306	192
4.284322119773505	0.18923903148486748	195
4.283052765291996	0.18928449978196077	194
4.282268117676828	0.18931261680064165	193
4.280703140194587	0.1893687210682991	195
4.265305419306356	0.18992250598289862	195
4.26504759764284	0.1899318062096342	194
4.25274856085549	0.1903765216275905	195
4.239129270077978	0.19087141172699415	195
4.236635870704151	0.1909622942458922	193
4.2356088276061135	0.19099975436041727	194
4.2086967079814634	0.1919866054914785	195
4.196510117547698	0.19243684268470418	195
4.196278366105682	0.19244542527259634	195
4.165640416638688	0.19358683906432375	194
4.128571860898958	0.1949860559864936	196
4.128468931650191	0.19498996938999286	196
4.124874061387345	0.1951267461447222	195
4.114309800602869	0.19552980538686202	196
4.051281985654847	0.19796954571926562	199
4.048074198484649	0.19809534501299209	199
4.048074198484649	0.19809534501299209	199
4.012663507719718	0.19949473936560014	202
4.013039959621447	0.1994797584010309	202
3.9799401609430856	0.2008056257066798	194
3.9799401609430856	0.2008056257066798	194
3.9661146595849344	0.2013646620240499	194
3.9661146595849344	0.2013646620240499	194
3.8622560959218926	0.20566584323658463	205
3.946889803078555	0.20214721568644578	199
3.9207135155761574	0.2032225604751371	195
3.9117624249337895	0.20359290891669707	199
3.8991149815899537	0.20411849972042526	200
3.8938181686577096	0.20433942691301155	201
3.8719121227335083	0.2052582178840543	205
3.7377918071259875	0.21106879337667953	206
3.7377918071259875	0.21106879337667953	206
3.7366108021233533	0.2111214203100062	206
3.6654354837579057	0.2143422631137795	210
3.6571303896415333	0.21472450121306813	209
3.6327969789749783	0.215852325180296	207
3.521517129309388	0.22116470454525053	211
3.521517129309388	0.22116470454525053	211
3.5144455159935752	0.22151114604379316	210
3.5144455159935752	0.22151114604379316	210
3.4851922731640226	0.2229558821777249	211
3.485133878856023	0.22295878495717494	211
3.469353226767449	0.22374602079130596	208
3.4693468010602997	0.22374634247733066	208
3.4322038423177097	0.22562139188008895	216
3.4322038423177097	0.22562139188008895	216
3.3674527253049296	0.22896641655810515	213
3.3898336719029305	0.22779906364117758	216
3.3898336719029305	0.22779906364117758	216
3.36469469356971	0.22911109944831898	217
2.6871109602575975	0.2712150544908298	229
2.6871109602575975	0.2712150544908298	229
2.6841764607591854	0.27143108117951914	230
2.578733607970137	0.2794284541808077	231
2.0986486858495654	0.3227213218996548	235
2.0820561928672277	0.324458717629578	235
1.9037712536086133	0.3443797436720495	238
1.8341249165446478	0.35284259849039945	235
1.8313472407893925	0.35318875254636567	235
1.7646830535657332	0.3617051143386061	235
1.7568010778228567	0.36273926618954144	235
1.7411620467571565	0.36480878654474946	234
1.6896096767578748	0.3718011608306771	237
1.6896096767578748	0.3718011608306771	237
1.6851287781379647	0.37242161647586314	236
1.682041514490878	0.37285030623018756	238
1.5238550762013205	0.39621926370871896	239
1.5238550762013205	0.39621926370871896	239
1.5193064973614891	0.3969346330219512	239
1.5139881678911884	0.3977743462646569	239
1.5149139144720896	0.3976279244571725	239
1.5138279377553063	0.3977997002026075	239
1.5063573484605195	0.39898540430167717	240
1.4817198517593588	0.40294636773408277	239
1.474182641297141	0.40417388082382205	238
1.4668685290969394	0.4053722313146845	238
1.4666936959026922	0.40540096310338514	238
1.4634524207762856	0.4059343673805882	239
1.4563753569033517	0.407103905023969	238
1.4559890558755533	0.4071679381500757	238
1.3766435404558266	0.42076145748310484	240
1.3766435404558266	0.42076145748310484	240
1.3307803511470422	0.4290408572853603	241
1.3301620610454195	0.42915469988870786	241
1.3292337153546858	0.429325744946863	241
1.3232220822082936	0.43043668001359103	241
1.3193969847170448	0.43114654653308304	241
1.3193969847170448	0.43114654653308304	241
1.3184588176567023	0.43132101048519533	241
1.3167601709942864	0.43163725469729086	241
1.3148761751389897	0.4319885489944006	241
1.3148761751389897	0.4319885489944006	241
