13.145679530488712	0.0706929630241278	163
8.146544103951816	0.10933091106704929	165
8.773406027143638	0.10231847497409852	154
6.813370600088746	0.12798573767749374	164
6.813370600088746	0.12798573767749374	164
6.763550392373081	0.12880704696428594	159
6.717256107307043	0.12957973482999421	166
6.268413910151878	0.13758159790587715	170
6.6824071970104  	0.1301675339975664	166
6.3931561249297175	0.13526023028622386	172
6.195730534221861	0.1389712962768886	173
5.7683790640134225	0.14774586212478374	185
5.7683790640134225	0.14774586212478374	185
5.741537398970205	0.14833411740069166	187
5.741537398970205	0.14833411740069166	187
5.714212930110851	0.14893778472758237	186
5.5338845546713795	0.1530483117099235	172
5.6081232181365674	0.1513288973267649	187
5.483684270131077	0.15423329673944527	193
5.44005782377354	0.1552781088872354	197
5.414817752892787	0.155889074097085	196
5.337085227571416	0.15780125469185674	195
5.3147522627544275	0.15835933990604575	196
5.309684019418774	0.15848654178598892	199
5.268309697708766	0.15953264089129587	191
5.1687691388871375	0.16210689320437152	204
5.11567423458685	0.16351426868758911	198
5.103946878572705	0.16382842444294526	185
5.103946878572705	0.16382842444294526	185
4.935903557471929	0.1684663489421474	206
4.388628061730856	0.1855759923572819	215
4.388628061730856	0.1855759923572819	215
3.9113410814207406	0.20361037513418279	199
3.9113410814207406	0.20361037513418279	199
3.9113410814207406	0.20361037513418279	199
3.9110467003079723	0.2036225800779475	199
3.743528130524953	0.21081354900478536	200
3.743528130524953	0.21081354900478536	200
3.743528130524953	0.21081354900478536	200
3.702772322945057	0.21264053016578136	203
3.702772322945057	0.21264053016578136	203
3.702772322945057	0.21264053016578136	203
3.702772322945057	0.21264053016578136	203
3.702772322945057	0.21264053016578136	203
3.702772322945057	0.21264053016578136	203
3.69757523355313	0.21287578171337232	203
3.685994276567861	0.21340188249918754	201
3.6844656785829493	0.21347151812253218	201
3.6844656785829493	0.21347151812253218	201
3.6844656785829493	0.21347151812253218	201
3.6844656785829493	0.21347151812253218	201
3.6839132520037925	0.21349669522000583	203
3.677675404811391	0.21378140068706225	203
3.6777391414547265	0.21377848780362105	203
3.6672651541193595	0.2142582362429941	202
3.677675404811391	0.21378140068706225	203
3.5605756005294924	0.21927056748799378	206
3.5605307413122365	0.21927272432161313	206
3.5605307413122365	0.21927272432161313	206
3.5605307413122365	0.21927272432161313	206
3.5315984898126827	0.22067268365634393	206
3.5315984898126827	0.22067268365634393	206
3.519848970910426	0.22124633067077276	203
3.4734860631810416	0.22353931271419053	208
3.4734860631810416	0.22353931271419053	208
3.4734860631810416	0.22353931271419053	208
3.379015916282043	0.22836180984905838	211
3.379015916282043	0.22836180984905838	211
3.379015916282043	0.22836180984905838	211
3.1992615963779354	0.2381371050716507	215
2.9832502293064214	0.25105126277093665	216
3.004306436512963	0.24973113717810816	217
2.955082791759935	0.25283920783742164	218
2.955082791759935	0.25283920783742164	218
2.955082791759935	0.25283920783742164	218
2.955078277645715	0.2528394964145327	218
2.9524794009456614	0.2530057461553733	221
2.8781637225579004	0.2578539926469208	216
2.859568266995883	0.2590963369015249	215
2.859568266995883	0.2590963369015249	215
2.859568266995883	0.2590963369015249	215
2.852240672606571	0.2595891806841244	218
2.8243601897197346	0.2614816467047483	221
2.8243601897197346	0.2614816467047483	221
2.8210139603068614	0.26171063764438357	219
2.822977718265292	0.26157620412544763	221
2.755093949193985	0.26630492166904257	224
2.755093949193985	0.26630492166904257	224
2.755093949193985	0.26630492166904257	224
2.755093949193985	0.26630492166904257	224
2.748537306311966	0.2667707210266128	225
2.741569894301773	0.2672674915208589	225
2.7278669002627183	0.2682499205992376	221
2.70737289987176	0.26973278032932446	221
2.7051318195063905	0.26989593048627974	222
2.6885607492940786	0.27110845339645856	222
2.6464251953737072	0.27424119416153664	224
2.630699818256359	0.2754289944246201	225
2.5938891867173797	0.27825009287873714	225
2.5938891867173797	0.27825009287873714	225
2.5938891867173797	0.27825009287873714	225
