7.4658302019510705	0.11812190607951666	184
7.4658302019510705	0.11812190607951666	184
7.4658302019510705	0.11812190607951666	184
7.4658302019510705	0.11812190607951666	184
5.632626068894339	0.15076984434412724	169
5.801248162209102	0.14703183535581968	182
5.608115208338284	0.15132908075485355	170
5.602981006054855	0.1514467479283996	170
5.299031819664945	0.1587545560379772	192
5.479238871831927	0.15433911602602512	191
5.260339790991813	0.1597357385359385	191
3.205762801266685	0.2377689963159172	223
3.2105885946275654	0.23749648713624844	224
3.2004011504930903	0.23807249930940733	223
3.2003864176593066	0.23807333434747577	223
3.2003864176593066	0.23807333434747577	223
3.1409486761331595	0.24149055644268583	225
3.1287567467048922	0.24220366113796535	225
3.102304724388811	0.24376541168549756	223
3.102760492679297	0.243738332223959	223
3.0980478272763796	0.24401862597699694	224
3.047456182793627	0.24706876488278176	225
3.03865548665697	0.24760715621915008	226
3.0018399138858207	0.24988505825286536	225
3.0018399138858207	0.24988505825286536	225
2.743874593492561	0.2671029637953569	226
2.7306770951404915	0.268047856862922	228
2.7311337422173305	0.26801505094419964	227
2.743874593492561	0.2671029637953569	226
2.742812337083647	0.26717877091833775	226
2.7325263112186744	0.26791505715427866	227
2.7325263112186744	0.26791505715427866	227
2.7317992144362147	0.26796725722315584	227
2.731574271506476	0.26798341055028485	227
2.718678906161111	0.26891270400980277	227
2.718678906161111	0.26891270400980277	227
2.7184376289452987	0.26893015287273786	227
2.716712409895147	0.2690549845443143	227
2.715759594806774	0.26912397707258073	227
2.715759594806774	0.26912397707258073	227
2.713607878691304	0.2692799112523441	226
2.711862552021457	0.2694065273121189	227
2.713588607007619	0.26928130868157535	226
2.7134703627601975	0.2692898831315047	226
2.712393079029564	0.2693680272298656	227
2.712393079029564	0.2693680272298656	227
2.711862552021457	0.2694065273121189	227
2.7114166487645956	0.2694388948039197	226
2.7116913372236944	0.2694189546343014	227
2.7115666708464237	0.2694280040433572	226
2.711287067317582	0.2694483023978991	227
2.7113847240777664	0.2694412124704985	227
2.70745341197274	0.2697269227364071	226
2.70745341197274	0.2697269227364071	226
2.546078144309321	0.2820016816619738	227
2.545377246183659	0.28205743156851004	227
2.545377246183659	0.28205743156851004	227
2.545377246183659	0.28205743156851004	227
2.5453746317960575	0.28205763955991536	227
2.5207903424134757	0.2840271367350171	227
2.520783302685477	0.28402770464096727	227
2.511209983930595	0.2848021065605875	227
2.511209983930595	0.2848021065605875	227
2.511209983930595	0.2848021065605875	227
2.5106178465398887	0.2848501442518482	227
2.510552698302162	0.2848554304522016	228
2.4237008383740073	0.29208159451072907	227
2.4237008383740073	0.29208159451072907	227
2.392489358798771	0.2947687948987657	227
2.371738772653121	0.29658288124531357	228
2.371738772653121	0.29658288124531357	228
2.371738772653121	0.29658288124531357	228
2.371738772653121	0.29658288124531357	228
2.3631967915475687	0.29733615425455134	227
2.3498353237038048	0.2985221371701139	230
2.3498353237038048	0.2985221371701139	230
2.337269623837379	0.29964615170953557	229
2.337269623837379	0.29964615170953557	229
2.3364139554349928	0.2997230000105376	229
2.3364139554349928	0.2997230000105376	229
2.336413955059296	0.29972300004428787	229
2.162158511701472	0.3162396813124738	232
2.162158511701472	0.3162396813124738	232
2.162156685803006	0.3162398639161859	232
2.1077265375302927	0.32177863397038114	233
2.161686706833206	0.31628687239591025	232
2.1589077315119014	0.316565118387103	232
2.109051162477065	0.3216415387655676	234
2.100775771652022	0.3224999398996281	234
2.0464954012253163	0.3282460231509934	231
2.0464954012253163	0.3282460231509934	231
2.0464613617671437	0.32824969078877	231
2.0438963973319746	0.3285262931013409	231
2.0166582768239825	0.33149263464233886	233
1.971711416613631	0.336506430069019	231
1.971444995251754	0.3365366014171417	231
1.9625307771529006	0.3375492358466015	232
1.962516080468386	0.3375509103875972	232
1.962516080468386	0.3375509103875972	232
1.9623969618984187	0.33756448337671846	232
1.9623969618984187	0.33756448337671846	232
