13.732917560989401	0.06787521859538893	143
4.495775622436314	0.18195793800560825	195
4.3060954689238615	0.18846249673732535	194
4.294208091435538	0.18888566197798384	189
4.259589305919007	0.19012891346376146	190
3.8434836518215856	0.20646296589107097	205
3.8419513260593825	0.20652830494557017	205
3.8419513260593825	0.20652830494557017	205
3.8293222200059436	0.20706839478579445	205
3.6186975718410275	0.21651125332317372	211
3.6186547484788636	0.21651326077779381	211
3.374649526362484	0.22858974049779454	215
3.3733355880051787	0.22865841870052617	215
3.370954733270422	0.22878296871580348	216
3.1773910802755183	0.2393838596347186	219
3.1773910802755183	0.2393838596347186	219
3.1770247358900052	0.23940485470621195	219
3.086642581561538	0.2446996477039331	220
3.0220753322434795	0.24862786432252337	223
3.0057590174747686	0.24964057888594612	224
2.6876981034528673	0.2711718725195209	231
2.6875520840517515	0.27118261036227465	231
2.6835845397576077	0.2714746978674754	232
2.342470891831951	0.29917986793653634	231
2.326411849559776	0.30062422971838015	232
2.323480006299427	0.30088942858225987	231
2.3232760125934737	0.3009078981735265	231
2.3081315497741137	0.302285439667078	231
2.165449226333446	0.3159109271698237	240
2.15656276300035	0.31680029040496194	237
2.140401460435443	0.31843062506452335	235
2.022259870314777	0.3308782311614544	237
2.022259870314777	0.3308782311614544	237
2.022259870314777	0.3308782311614544	237
2.0075585717956095	0.3324956027050764	234
1.9979016321199292	0.3335666485137013	237
1.9976248955046374	0.3335974429287805	237
1.9561487737351992	0.3382779679036466	236
1.938130974504659	0.34035242427155254	239
1.938130782810125	0.34035244647740526	239
1.9273211598437523	0.3416092548087124	236
1.9269608169704873	0.34165131087577627	236
1.9098845222713932	0.34365624901823305	238
1.9098845222713932	0.34365624901823305	238
1.8907797318632946	0.3459274288447551	239
1.8907797318632946	0.3459274288447551	239
1.87207948746964	0.3481797785760519	236
1.8697017445236315	0.34846826918802304	240
1.8588156619882792	0.3497952013123188	239
1.8353287631826987	0.35269278574858637	240
1.8353287631826987	0.35269278574858637	240
1.8310915136679033	0.3532206554158402	236
1.8310915136679033	0.3532206554158402	236
1.7948175692223012	0.35780510721430187	241
1.7930908680908404	0.3580263039145337	237
1.7917093319153226	0.35820348077352476	241
1.7884085327500012	0.3586275067856624	240
1.7465737392630707	0.36408998808395676	241
1.7867926435098929	0.3588354527664197	240
1.7740279946196293	0.3604866288081993	241
1.7541732673073405	0.3630853628093142	241
1.7529700722221373	0.3632440505220683	237
1.7260083017041221	0.3668367405098749	241
1.7484032897710768	0.36384762153420835	237
1.6407426590367222	0.37868135184545976	239
1.6407426590367222	0.37868135184545976	239
1.6407426590367222	0.37868135184545976	239
1.6304613775876664	0.3801614456385124	239
1.6304613775876664	0.3801614456385124	239
1.591432823555435	0.38588690816534627	239
1.591432823555435	0.38588690816534627	239
1.596897233023092	0.3850749222124139	239
1.596897233023092	0.3850749222124139	239
1.596897233023092	0.3850749222124139	239
1.5567051726958914	0.391128398643462	240
1.5456863384316313	0.39282137194328853	240
1.5456863384316313	0.39282137194328853	240
1.5456863384316313	0.39282137194328853	240
1.5222595021419687	0.3964699108679237	240
1.5034636009359528	0.399446590566021	240
1.420456016570485	0.41314528880259843	244
1.420456016570485	0.41314528880259843	244
1.420456016570485	0.41314528880259843	244
1.4198521862054523	0.41324838174024614	244
1.4198521862054523	0.41324838174024614	244
1.4198521862054523	0.41324838174024614	244
1.4080042913077986	0.4152816519512494	244
1.3966149972813175	0.41725517078645685	244
1.3966149972813175	0.41725517078645685	244
1.3966149972813175	0.41725517078645685	244
1.3966149972813175	0.41725517078645685	244
1.3776225380658291	0.4205882069125613	244
1.372863584721129	0.4214317276555639	244
1.372863584721129	0.4214317276555639	244
1.372863584721129	0.4214317276555639	244
1.372863584721129	0.4214317276555639	244
1.372863584721129	0.4214317276555639	244
1.3642279590578121	0.42297105749418434	244
1.3642279590578121	0.42297105749418434	244
1.372863584721129	0.4214317276555639	244
1.3642279590578121	0.42297105749418434	244
