8.946274122883816	0.10054016083261344	167
4.419557292949283	0.18451691640957033	191
4.419557292949283	0.18451691640957033	191
4.419557292949283	0.18451691640957033	191
4.419557292949283	0.18451691640957033	191
4.419557292949283	0.18451691640957033	191
4.419557292949283	0.18451691640957033	191
4.419557292949283	0.18451691640957033	191
4.419557292949283	0.18451691640957033	191
4.419557292949283	0.18451691640957033	191
4.419557292949283	0.18451691640957033	191
4.419557292949283	0.18451691640957033	191
4.3214324045491965	0.18791932772557968	195
4.419557292949283	0.18451691640957033	191
4.140245841561939	0.19454322435600382	197
4.121107950479009	0.19527024418738603	198
4.121107950479009	0.19527024418738603	198
4.121107950479009	0.19527024418738603	198
4.121107950479009	0.19527024418738603	198
4.061211214175543	0.19758116341779605	203
4.061211214175543	0.19758116341779605	203
4.061211214175543	0.19758116341779605	203
3.8672664274213107	0.20545413219341732	192
3.857659072691978	0.20586047415753037	198
3.8497318055132848	0.20619696925573852	200
3.676765140132189	0.21382301014408753	199
3.6082448412386037	0.21700235869655315	207
3.6082448412386037	0.21700235869655315	207
3.606464248073442	0.21708623928172877	210
3.489981060565473	0.22271808867587048	207
3.425802451902693	0.22594772606040986	207
3.425802451902693	0.22594772606040986	207
3.414593259914642	0.22652143495986207	209
3.414593259914642	0.22652143495986207	209
3.39847557620939	0.22735149546102537	206
3.3775906631204644	0.2284361597407038	208
3.356163904714055	0.2295597736618318	208
3.288468438608975	0.2331834813093236	208
3.288468438608975	0.2331834813093236	208
3.288468438608975	0.2331834813093236	208
3.131278611940086	0.24205581223929867	207
3.131278611940086	0.24205581223929867	207
2.5301492595436974	0.2832741412552224	221
2.5301492595436974	0.2832741412552224	221
2.5301492595436974	0.2832741412552224	221
2.4265232543106463	0.29184100786182515	226
2.3414160324182594	0.29927431672621657	229
2.3292536995128503	0.3003676169666265	231
2.3292536995128503	0.3003676169666265	231
2.328999328808095	0.3003905682246073	230
2.267801265160143	0.3060161615890046	227
2.267801265160143	0.3060161615890046	227
2.2499938446698455	0.3076928904465621	225
2.13254644844252	0.31922910528499676	229
2.13254644844252	0.31922910528499676	229
2.13254644844252	0.31922910528499676	229
2.13254644844252	0.31922910528499676	229
2.124124511681143	0.32008967512689934	229
2.124124511681143	0.32008967512689934	229
2.106640714529121	0.32189110099639306	229
2.106640714529121	0.32189110099639306	229
2.0974538695117375	0.3228458088893616	230
2.095588632250373	0.3230403386231066	229
2.082362857361145	0.3244264372093149	229
2.0258212755467806	0.330488785997215	229
2.0258212755467806	0.330488785997215	229
2.0258212755467806	0.330488785997215	229
1.9631325641388686	0.33748068247179996	229
1.9631325641388686	0.33748068247179996	229
1.9631325641388686	0.33748068247179996	229
1.9631325641388686	0.33748068247179996	229
1.9614184888085044	0.3376760170097876	228
1.9419836377219568	0.33990671707961034	228
1.9419836377219568	0.33990671707961034	228
1.9266744333150436	0.3416847424560648	229
1.901769264981794	0.34461733814189877	230
1.8963810225916833	0.3452584422422432	230
1.8963810225916833	0.3452584422422432	230
1.8920377984060148	0.34577694681278487	230
1.894062514835913	0.3455350376412646	230
1.894062514835913	0.3455350376412646	230
1.8920377984060148	0.34577694681278487	230
1.880518008756577	0.34715978062281455	231
1.8791574181751225	0.34732383637217845	230
1.877551730653865	0.3475176447211152	231
1.877551730653865	0.3475176447211152	231
1.8749294329187376	0.347834624582337	230
1.7909581316839231	0.35829989301797605	237
1.7909581316839231	0.35829989301797605	237
1.7485497861499146	0.3638282286313503	238
1.7856228729051984	0.35898613905229537	237
1.7548242397271296	0.3629995647559177	238
1.7326205899055727	0.3659490833429443	238
1.7326205899055727	0.3659490833429443	238
1.7326205899055727	0.3659490833429443	238
1.7326205899055727	0.3659490833429443	238
1.7325562035720679	0.3659577060822296	238
1.7275180781423332	0.3666336835725332	237
1.7275180781423332	0.3666336835725332	237
1.726801686428743	0.36673000643097264	237
1.726801686428743	0.36673000643097264	237
