9.256573080663312	0.09749845217651665	162
9.256573080663312	0.09749845217651665	162
8.973311579255178	0.10026759838527792	149
8.922925612941889	0.10077673047309342	151
9.026181996550394	0.09973886374135836	138
9.026181996550394	0.09973886374135836	138
8.341846185406956	0.1070452221277327	190
7.953666056455638	0.11168609524799006	180
6.164170371114413	0.13958350349008328	173
5.908856874109278	0.14474174501247353	172
5.908856874109278	0.14474174501247353	172
5.715394405610254	0.14891158130110246	178
5.587086365124051	0.15181218896636822	182
4.809111188314664	0.17214337401762134	190
4.809111188314664	0.17214337401762134	190
4.8088937017333935	0.17214981911299163	190
4.801531159885091	0.1723682890672963	190
4.734870861892653	0.17437184272881334	188
4.734714721372903	0.17437659039482226	188
4.731182471500212	0.17448406240296113	188
4.723226095093454	0.17472662854562118	188
4.723226095093454	0.17472662854562118	188
4.717101770634386	0.1749138007541603	190
4.717101369806445	0.17491381301742695	190
4.660053515128955	0.17667677475611582	189
4.633179476600924	0.1775196412885113	190
4.610798716354067	0.17822774448943457	191
4.604617571161553	0.17842430590545194	190
4.604617571161553	0.17842430590545194	190
4.538889462782656	0.18054160616839876	190
4.459988159593969	0.18315058032550108	192
4.459988159593969	0.18315058032550108	192
4.459768430538753	0.18315795124324039	192
4.349409504677304	0.18693652058711172	194
4.349016506647933	0.18695025501550933	194
4.340985034776019	0.18723138025829278	195
4.340480988514172	0.18724905156496396	195
4.337959804733579	0.18733749158493535	195
4.170584675420137	0.19340172587324367	196
3.805311490314008	0.2081030547167826	196
3.805311490314008	0.2081030547167826	196
3.8026041694585206	0.2082203664335608	197
3.8026041694585206	0.2082203664335608	197
3.800679502173461	0.20830384522592266	197
3.409012712322843	0.22680814623307363	209
3.3819553662759665	0.2282086229577132	205
3.0869807461471375	0.24467940078815298	217
2.884590136885513	0.2574274157020216	217
2.884590136885513	0.2574274157020216	217
2.720652669522894	0.2687700489194633	219
2.489681041897054	0.2865591405042513	225
2.4012118328018177	0.29401285458195925	227
2.4012118328018177	0.29401285458195925	227
2.4012118328018177	0.29401285458195925	227
2.2875176819738847	0.3041808734545215	224
2.214416327834177	0.3110984695233253	227
2.179811034952846	0.31448409638430896	231
2.1752409683742613	0.31493672762480285	231
2.0838520346435057	0.32426977324662737	234
2.0838520346435057	0.32426977324662737	234
2.0838520346435057	0.32426977324662737	234
2.07615497516534	0.3250811510061359	234
1.8548190047338746	0.3502849036460088	239
1.8548190047338746	0.3502849036460088	239
1.8548190047338746	0.3502849036460088	239
1.8468834677945394	0.3512613042692236	239
1.8468834677945394	0.3512613042692236	239
1.8454397400859361	0.3514395282782543	239
1.8393342038450735	0.3521952430417608	239
1.8381506204235416	0.35234211771705354	239
1.8356554324201155	0.35265215532429517	235
1.7870846829107456	0.35879785287170773	240
1.7870846829107456	0.35879785287170773	240
1.6397345800034413	0.37882596514635053	236
1.6531454302388944	0.37691111410728734	236
1.6518105933734073	0.37710083913945197	236
1.638322901804645	0.37902866222932297	236
1.6376725007526407	0.3791221236581332	237
1.6307924948030843	0.3801135976993314	237
1.5923844660722148	0.38574525232946044	240
1.5900874873113973	0.3860873445004885	240
1.5918432989320053	0.3858257944884476	240
1.5918432989320053	0.3858257944884476	240
1.5911710967916182	0.3859258854956346	239
1.5752589601731384	0.3883104633224026	241
1.5752464744464123	0.3883123459920336	241
1.5563236770258455	0.3911867691040791	240
1.4898470444263747	0.40163109707423245	241
1.4898470444263747	0.40163109707423245	241
1.4898470444263747	0.40163109707423245	241
1.4898470444263747	0.40163109707423245	241
1.4887728432527167	0.40180444861052245	241
1.4807373531626995	0.4031059550601344	244
1.4702362344216406	0.40481958205674656	243
1.4702362344216406	0.40481958205674656	243
1.460104727931424	0.4064867599522272	243
1.4584804677976624	0.40675531617943356	243
1.4056765199103776	0.4156834851749954	247
1.4056765199103776	0.4156834851749954	247
1.396350362083933	0.41730124935920143	247
1.396350362083933	0.41730124935920143	247
