13.145679530488712	0.0706929630241278	163
9.367867900296563	0.09645184618636933	163
4.129523102249415	0.19494989691370662	197
4.129523102249415	0.19494989691370662	197
4.129523102249415	0.19494989691370662	197
4.129523102249415	0.19494989691370662	197
4.129523102249415	0.19494989691370662	197
4.129523102249415	0.19494989691370662	197
4.087410623441648	0.19656364976560456	203
4.096966449755067	0.1961951309387282	196
4.079852409983845	0.1968561129915151	200
4.078778319971342	0.19689774528407508	200
4.0650790314326235	0.19743028564692636	201
4.062991751993028	0.19751167866436947	197
3.996319111105026	0.20014734402719767	199
3.996319111105026	0.20014734402719767	199
3.996319111105026	0.20014734402719767	199
3.994364678769629	0.20022566719063692	199
3.9860985701950966	0.20055760750050153	199
3.9860985701950966	0.20055760750050153	199
3.9860985701950966	0.20055760750050153	199
3.9619600902056806	0.2015332614169713	202
3.9382014698634302	0.20250287601725891	200
3.660806439912383	0.21455514467122963	210
3.660806439912383	0.21455514467122963	210
3.660806439912383	0.21455514467122963	210
3.5865231150233137	0.21803007963144583	212
3.549847962939366	0.21978756392421603	213
3.181218175569899	0.2391647500823609	219
3.160177699357802	0.24037434750788841	222
3.0186288419137335	0.2488410946465473	224
2.7334510139975174	0.26784869983583104	222
2.7334510139975174	0.26784869983583104	222
2.7334400149695015	0.26784948894060884	222
2.5551557269666247	0.2812816306230368	232
2.3113348723029747	0.30199301446806487	233
2.3113348723029747	0.30199301446806487	233
2.298493898625747	0.3031686674990154	231
2.2845861503755835	0.3044523584457216	233
2.2779424343042662	0.3050694208460824	233
2.241288710425923	0.30851926173173094	232
2.220325969977622	0.31052757060085723	232
2.202362887082041	0.3122694195694946	233
2.202362887082041	0.3122694195694946	233
2.1689282943613923	0.3155640983670543	233
2.169616202310787	0.3154956108789944	232
2.0842789755820066	0.3242248862430802	233
2.0842789755820066	0.3242248862430802	233
2.075470229076759	0.3251535295466655	234
2.0418473895041704	0.32874759051045055	233
2.0418473895041704	0.32874759051045055	233
2.0418473895041704	0.32874759051045055	233
1.9656664827678902	0.33719233292433093	234
1.9660081892581864	0.3371534858270587	233
1.9656664827678902	0.33719233292433093	234
1.9106524445343234	0.34356558161996237	237
1.8876752241665669	0.34629933159765824	237
1.8639680139549588	0.34916591076695136	235
1.8639680139549588	0.34916591076695136	235
1.8357770792891777	0.3526370275376731	235
1.8200970035324473	0.35459773147781876	236
1.819642699494552	0.3546548646675196	236
1.815016924837762	0.3552376510338861	240
1.795993432490882	0.35765463122319446	235
1.7885863865789542	0.35860463380759844	234
1.772268886581115	0.36071537102349566	239
1.7638786784822287	0.3618103818323695	240
1.7638786784822287	0.3618103818323695	240
1.7103821204725078	0.3689516664261597	241
1.7071699535516096	0.3693894425387194	238
1.6909756855282818	0.3716124249571894	238
1.6869012622696364	0.3721759388937485	241
1.60585328651938	0.3837514587537248	240
1.645522374177362	0.37799718110906355	241
1.6469851962379765	0.3777882858662181	240
1.6362815836255933	0.3793221506424712	241
1.620615658791979	0.3815897217301099	241
1.620615658791979	0.3815897217301099	241
1.6060541797093009	0.3837218764621185	241
1.5741428423139618	0.38847883014179385	241
1.5584577952469418	0.3908604636190531	242
1.5512438081505722	0.39196567447033304	241
1.5512438081505722	0.39196567447033304	241
1.4957998930714986	0.4006731480260355	240
1.4957998930714986	0.4006731480260355	240
1.4695332680931725	0.4049348161938878	240
1.48233072124524	0.40284720784439176	242
1.48233072124524	0.40284720784439176	242
1.482239537162485	0.4028620062764478	242
1.473710478908771	0.40425102635338733	240
1.382543120622938	0.41971958087312217	241
1.3798839475515035	0.42018855626503565	240
1.3674626397793006	0.42239314918744486	240
1.3414145792768408	0.42709224109677135	240
1.3074981525582183	0.43336979442056994	241
1.3074981525582183	0.43336979442056994	241
1.2997021330385794	0.43483892354298403	241
1.3052575453385895	0.433791010476065	241
1.2738110864786654	0.43979027367161305	241
1.2738110864786654	0.43979027367161305	241
1.2738110864786654	0.43979027367161305	241
