13.76356208282203	0.06773433094195731	144
7.707251140457025	0.11484680800736755	157
13.145679530488712	0.0706929630241278	163
11.840490872966274	0.07787864263860425	174
10.537122932010666	0.08667672225502776	159
7.843839880495632	0.11307305576680762	155
7.843839880495632	0.11307305576680762	155
7.610301817208265	0.11613994738273088	166
7.503964285634155	0.11759221539644887	160
6.951760415075051	0.12575831612131913	163
6.951760415075051	0.12575831612131913	163
6.567486938635523	0.13214426507887805	194
6.236495671426102	0.1381884333806185	183
6.314684196743665	0.1367113019650497	182
6.2139937175051285	0.13861947198171914	184
6.075131155777404	0.1413401360317428	189
6.075131155777404	0.1413401360317428	189
6.071917680125602	0.14140436091476666	193
6.071917680125602	0.14140436091476666	193
6.061558385575124	0.1416118008799209	190
6.055497407526082	0.1417334515541459	187
6.055497407526082	0.1417334515541459	187
6.061558385575124	0.1416118008799209	190
6.055119288625946	0.14174104775409968	189
6.055119288625946	0.14174104775409968	189
6.055119288625946	0.14174104775409968	189
6.055119288625946	0.14174104775409968	189
6.055119288625946	0.14174104775409968	189
6.055119288625946	0.14174104775409968	189
6.052414162313569	0.14179541600715442	189
6.048438407808045	0.14187539737769866	189
6.052414162313569	0.14179541600715442	189
6.050313232143487	0.14183766977059156	189
6.048438407808045	0.14187539737769866	189
6.048438407808045	0.14187539737769866	189
6.045799017834705	0.14192854457936513	189
6.045799017834705	0.14192854457936513	189
6.045112514158128	0.14194237465907913	189
6.045112514158128	0.14194237465907913	189
6.043517418948182	0.1419745193374323	189
6.039159750386066	0.14206241021098498	189
6.039159750386066	0.14206241021098498	189
6.039070697548134	0.14206420747391021	189
6.039159750386066	0.14206241021098498	189
6.029039697373641	0.1422669444267962	189
5.708241754956588	0.14907035800567559	198
5.716870120456654	0.1488788650169722	198
5.716594237831371	0.14888498018348006	198
5.642280104861437	0.15055071213695237	200
5.274767867576218	0.15936844535195122	178
4.2417530194768265	0.19077587140872365	199
4.2417530194768265	0.19077587140872365	199
4.2417530194768265	0.19077587140872365	199
3.9773062209135674	0.20091189000954285	202
3.9773062209135674	0.20091189000954285	202
3.874761793072558	0.20513822878916527	203
3.874761793072558	0.20513822878916527	203
3.874761793072558	0.20513822878916527	203
3.866565878708819	0.20548370759245052	204
3.866565878708819	0.20548370759245052	204
3.803923896624007	0.20816316442955254	205
3.7941343613412637	0.2085882298301352	208
2.6608491835576205	0.27316066569784175	225
2.6445189677344447	0.2743846331582227	223
2.6445189677344447	0.2743846331582227	223
2.5988681897995622	0.2778651362765511	218
2.5683229140412456	0.2802436954528497	224
2.513917560304868	0.2845826581979458	225
2.4422896197373594	0.2905043184821556	226
2.0284695354279494	0.33019978847457393	236
1.6633182099355721	0.37547146873756054	241
1.6633182099355721	0.37547146873756054	241
1.6633182099355721	0.37547146873756054	241
1.6580943823060228	0.3762093651213591	237
1.6387508751629962	0.3789671883815973	240
1.5250935144618856	0.3960249370063852	245
1.5110529295829858	0.39823931555519676	245
1.4324708779100452	0.41110461345345684	246
1.413313255930234	0.41436808816373105	246
1.413313255930234	0.41436808816373105	246
1.4105919744139577	0.4148358621508774	246
1.4105919744139577	0.4148358621508774	246
1.3717014280938447	0.4216382332761455	247
1.3717014280938447	0.4216382332761455	247
1.3617337951537067	0.42341774591700665	247
1.3617337951537067	0.42341774591700665	247
1.3617337951537067	0.42341774591700665	247
1.3610630063367353	0.42353804083844926	247
1.3583484375967112	0.42402555282248955	248
1.355448996219886	0.42454750733505076	247
1.344211383787372	0.42658269084265454	247
1.344211383787372	0.42658269084265454	247
1.344211383787372	0.42658269084265454	247
1.344211383787372	0.42658269084265454	247
1.3392644940376612	0.42748479385243054	248
1.3392644940376612	0.42748479385243054	248
1.3392644940376612	0.42748479385243054	248
1.3374557420426145	0.4278155868423578	248
1.3279121025798075	0.4295694836982004	248
1.3245429432269957	0.430192095574613	249
1.3245429432269957	0.430192095574613	249
