13.733438977285896	0.06787281649190459	143
10.100044656510999	0.09008972764928706	107
10.096529267467298	0.09011826814459821	108
7.023125590579896	0.124639704153967	149
6.53964970086464	0.1326321566219875	199
5.585437064110499	0.15185020982887049	194
6.048319944400063	0.14187778192369185	200
6.048319944400063	0.14187778192369185	200
5.585437064110499	0.15185020982887049	194
5.585437064110499	0.15185020982887049	194
5.40339297984263	0.15616720747077684	177
5.40339297984263	0.15616720747077684	177
5.409599496554931	0.15601598829029578	180
5.320387859060818	0.1582181382375789	190
5.320387859060818	0.1582181382375789	190
5.287385896905923	0.15904861199820877	182
5.254197014276265	0.1598926285368578	183
5.213652784246386	0.16093593168503437	190
5.163293705516808	0.16225090800149486	193
4.519351093593471	0.18118071908140423	198
5.11515901979913	0.1635280451027172	177
5.115024544285961	0.1635316412481821	177
5.0698154239925906	0.16474965549153753	177
4.383256951944853	0.18576114960269952	185
4.383256951944853	0.18576114960269952	185
4.041735482550169	0.19834440014972549	195
3.718273867112397	0.21194191523520106	201
3.744971528183826	0.21074942053082404	208
3.713479038728152	0.2121575150294573	208
3.6883783399041374	0.21329336659729703	200
3.09417507185143	0.2442494476787944	205
3.034513447609664	0.247861362463043	212
3.034513447609664	0.247861362463043	212
2.8493806422903494	0.25978205143282695	213
2.8773840429028517	0.2579058429433618	213
2.637273985856624	0.2749311720504023	222
2.637982036371006	0.27487766294677185	222
2.603059831967642	0.27754188013411285	222
2.603059831967642	0.27754188013411285	222
2.5020629591857255	0.2855459800849819	231
2.4238973740343215	0.2920648286901533	223
2.4238973740343215	0.2920648286901533	223
2.3393557420635833	0.29945896072217854	227
2.286468370321625	0.30427799306711006	227
2.2028604252351576	0.3122209110709465	229
2.132155953502556	0.319268904500666	234
2.0014724670541613	0.3331698061456697	231
1.943953558214579	0.3396792715053802	235
1.9079493516995714	0.34388494401236497	235
1.8996731831544043	0.34486645109161984	237
1.8709799052269565	0.3483131310600197	239
1.8606665858752507	0.34956887493899946	240
1.8523343149164138	0.35059003945310824	237
1.7135245770150644	0.3685243938715386	242
1.6262526371284227	0.38077067905143064	242
1.5822160742684241	0.3872642610991852	243
1.5954713639393827	0.38528647007771616	244
1.5295304682183857	0.3953302846374988	245
1.5247804048868696	0.39607404987159983	246
1.4997724476067544	0.4000364116971468	245
1.4631758367476497	0.40597994876418936	246
1.4591513345514464	0.40664435163051965	247
1.4591513345514464	0.40664435163051965	247
1.4099700727125533	0.4149429120812464	247
1.370040800871957	0.42193366444665936	246
1.3697037586638547	0.4219936759368795	246
1.3231004366287478	0.43045921916797825	245
1.2682352657146174	0.4408713748152336	247
1.2682352657146174	0.4408713748152336	247
1.2306975845446988	0.4482902599296565	249
1.2306975845446988	0.4482902599296565	249
1.2231687209410953	0.44980841560989904	249
1.2158794150915557	0.4512880950061454	250
1.2022067869932591	0.4540899637155922	250
1.1855196460256552	0.45755708571116693	250
1.1855196460256552	0.45755708571116693	250
1.1855196460256552	0.45755708571116693	250
1.1770125886859362	0.4593450700271829	250
1.130365959010906	0.46940291914178145	248
1.121331038933087	0.4714021440533605	248
1.1174549634373383	0.47226506219365594	249
1.1019379193926695	0.47575144383376383	248
1.093656718437733	0.4776332199990219	248
1.0924264457079182	0.4779140514359519	247
1.0737488685083465	0.4822184668480629	247
1.0737488685083465	0.4822184668480629	247
1.0597530468521124	0.48549509443779393	249
1.0486832926079128	0.48811839468219115	252
1.0517463381448984	0.48738968429409135	251
1.044095390934642	0.4892139596003688	250
1.0417894537668542	0.48976646350833153	252
1.029741694217509	0.4926735273009764	252
1.029741694217509	0.4926735273009764	252
1.029741694217509	0.4926735273009764	252
1.029741694217509	0.4926735273009764	252
1.0118897790035368	0.4970451216742535	250
1.0118897790035368	0.4970451216742535	250
1.011869304676064	0.4970501799872197	250
0.9883647066360195	0.5029258448727109	250
0.9794653294631435	0.5051869235169746	252
0.9794653294631435	0.5051869235169746	252
