8.84350050340026	0.10158987645244372	122
11.504143691505314	0.07997348916258454	147
7.9381986468803225	0.11187936624669081	194
7.030881465076379	0.1245193325724786	194
7.026848871458458	0.12458188960748459	190
7.031750533697047	0.12450585906578153	194
6.0009109641595675	0.14283855417093513	183
4.3210253600721495	0.1879337030610282	194
4.4948130303205485	0.18198981375380183	193
4.2930093352721075	0.18892844063888112	194
3.7865040410904345	0.20892074704530814	200
4.2708292838106985	0.18972346592053177	196
4.193713890529709	0.19254044814124513	191
4.004122949065266	0.19983521791501802	204
4.1760552276240235	0.19319732035761764	194
4.1760552276240235	0.19319732035761764	194
4.129001259826369	0.19496973179411012	202
4.0784189081092395	0.1969116802088138	204
3.441214686886409	0.22516362538219636	213
3.442097381038671	0.22511888286568257	213
3.3336854154483264	0.230750482357416	216
3.320832235197655	0.23143689584936072	215
3.3208409137248225	0.23143643100202466	215
3.2490013285043364	0.23534942041357365	216
3.2153643689136784	0.23722741677434286	215
3.0686647393487596	0.24578087998473483	222
2.9926980421148413	0.25045720699437685	224
2.9712715702676222	0.251808515813138	228
2.833581906884531	0.2608526501557595	228
2.74526746516664	0.26700362772502456	224
2.7017977566935305	0.2701390150749906	228
2.6155543249690787	0.2765827616235727	230
2.6155543249690787	0.2765827616235727	230
2.5675427594248945	0.2803049794871148	232
2.4122776527586196	0.2930593878231335	233
2.4122776527586196	0.2930593878231335	233
2.1432243434623834	0.3181446472568551	237
2.1431988828893256	0.31814722429551423	237
2.0095222289874024	0.3322786555181766	236
1.9681168723211067	0.33691395690156456	239
1.9609712456644748	0.337727021653528	238
1.9582877152074463	0.338033381560345	237
1.8864782467633918	0.3464429365166012	239
1.8595586859956454	0.34970431098245447	240
1.8583172878506258	0.3498561913509511	242
1.78538696841071	0.35901654288652807	242
1.679896173117403	0.3731487846548715	242
1.7350136344554452	0.36562889025564405	241
1.6609612642406546	0.37580404248588906	242
1.6534855831083373	0.3768627975089969	242
1.6362105905485658	0.37933236577731494	244
1.6221976760151953	0.38135950204930513	243
1.6221976760151953	0.38135950204930513	243
1.5862659957457153	0.3866578308824199	242
1.5862166917037626	0.38666520218814854	242
1.582455503692294	0.38722835633382224	242
1.582455503692294	0.38722835633382224	242
1.566283101766309	0.38966862202838215	242
1.566057859895378	0.3897028261244162	242
1.5401239281866344	0.3936815794313975	241
1.5401048087876308	0.3936845426773122	241
1.4289474804681845	0.41170095608952734	242
1.4281329286997433	0.41183906703802103	242
1.4245310941590017	0.4124508868577207	242
1.4139340610795925	0.41426152276618794	242
1.392947953255575	0.4178945884048638	244
1.3907764763762611	0.41827415062896905	242
1.34850261771803	0.42580322987745706	243
1.3420861108904734	0.42696978362584403	243
1.3420861108904734	0.42696978362584403	243
1.3337156609938623	0.42850121662813406	244
1.3138604197024562	0.43217818649950895	243
1.3138604197024562	0.43217818649950895	243
1.3018828802043052	0.43442696785304924	243
1.301881464104445	0.4344272351091951	243
1.2999552326563273	0.4347910714962276	243
1.2859674842469686	0.43745154158630334	243
1.2859632464339676	0.4374523525520234	243
1.2648363588742217	0.4415330035133612	243
1.263092241404089	0.44187328368885687	243
1.263092241404089	0.44187328368885687	243
1.2537660085777982	0.44370178456592907	243
1.2567681121757606	0.44311154283188425	244
1.2537518162270251	0.44370457864969637	243
1.2537518162270251	0.44370457864969637	243
1.2533781716299888	0.443778151661355	243
1.2533781716075219	0.44377815166577966	243
1.2455523412405132	0.4453247344248359	244
1.2401258207208425	0.4464034969599223	244
1.230947234835079	0.4482400947837407	245
1.2237839251926481	0.4496839772386471	244
1.2237839251926481	0.4496839772386471	244
1.2237839251926481	0.4496839772386471	244
1.2235766908129342	0.4497258871851199	244
1.215597032180966	0.4513456127063099	244
1.2155703877964985	0.45135104057540354	244
1.2155703877964985	0.45135104057540354	244
1.2077971275434094	0.4529401671577898	244
1.2077627148519319	0.4529472271965001	244
1.2077603473674694	0.4529477129129521	244
1.2077603473674694	0.4529477129129521	244
