4.128888712421153	0.19497401017460136	198
4.525364263916972	0.18098354284629417	193
4.525364263916972	0.18098354284629417	193
4.134004384390312	0.1947797323742946	198
4.525364263916972	0.18098354284629417	193
4.290264801467307	0.1890264547291924	193
4.128888712421153	0.19497401017460136	198
4.140228274666862	0.19454388921371588	198
4.126825521422381	0.19505247366455356	197
4.087438672379393	0.19656256603724334	203
4.104732829112429	0.1958966381740829	197
4.101151250348194	0.1960341795259927	199
4.083843568401305	0.19670156773027261	204
4.069121616135445	0.19727283654369526	200
4.048480246330557	0.19807941226012343	199
4.048692061330323	0.19807110195120545	199
4.048692061330323	0.19807110195120545	199
4.04605629051856	0.1981745629510674	200
4.015451316548416	0.1993838513994769	200
4.014510609621487	0.19942125520310416	200
4.013858465736569	0.1994471935803025	204
3.9987138995785982	0.20005145725269494	203
3.9482154539984116	0.20209305946691322	205
3.948209099632134	0.20209331898976202	205
3.9332464899922517	0.20270627101820948	202
3.859060143191729	0.2058011159629604	201
3.8468366911987504	0.2063201349069332	204
3.8468366911987504	0.2063201349069332	204
3.8468366911987504	0.2063201349069332	204
3.7954022409820505	0.20853308017706768	200
3.6620052347539374	0.21449997364766588	207
3.661650656606404	0.21451628911377532	207
3.6480157972926803	0.21514556826215345	203
3.6479408465154797	0.21514903761085752	203
3.5063782826871894	0.22190769111457995	205
3.6303921062638205	0.21596443174806676	203
3.2016543321392246	0.2380014920196592	215
3.1956508364155956	0.2383420448910173	215
3.0601849847922553	0.24629419687663967	214
3.0597945539856655	0.24631788301165616	214
3.0114212615875426	0.2492882035541299	213
3.0114212615875426	0.2492882035541299	213
2.7993452171861484	0.26320324762186653	222
2.7993452171861484	0.26320324762186653	222
2.7989072563216184	0.2632335912744218	222
2.6255919145580107	0.275817031692026	230
2.6255919145580107	0.275817031692026	230
2.486153746525073	0.28684908145453414	231
2.4861534958635763	0.28684910207956404	231
2.485519946096429	0.2869012415550625	231
2.481088697864583	0.2872664521916473	231
2.470917196990855	0.2881082847113033	231
2.418714563225638	0.29250760234761347	230
2.415501452634242	0.29278277695614485	230
2.394626353036328	0.2945832312606507	233
2.4015277531143817	0.29398554784226494	232
2.385750130535317	0.2953555228370887	231
2.3558667564506646	0.2979856092551335	230
2.1398269257616565	0.3184888924275407	229
2.1398269257616565	0.3184888924275407	229
2.1398269257616565	0.3184888924275407	229
2.12421278841826	0.3200806307774844	230
1.8913824517859452	0.34585531892618404	232
1.838356891002692	0.3523165121235811	231
1.8262445965692142	0.3538264172937836	232
1.7756874712624846	0.3602711077357579	232
1.736932384945235	0.3653725629104314	237
1.736932384945235	0.3653725629104314	237
1.6815170185960182	0.37292323452176984	243
1.6786852011688929	0.37331747663504167	236
1.487403627723384	0.40202562577881984	241
1.4848823158865918	0.4024335452857073	241
1.4839679066851226	0.4025816908941102	241
1.4839679066851226	0.4025816908941102	241
1.4781214131295473	0.4035314794109015	241
1.4743520982335594	0.40414620082319735	241
1.47047562687371	0.40478035448803873	242
1.4651257272386882	0.40565882257054303	241
1.4617606776347722	0.4062133289742799	241
1.4632186017984437	0.4059729003629157	241
1.457167061050113	0.4069727353306749	241
1.4378978159791067	0.41018946464677014	239
1.4323872350907976	0.4111187501617814	239
1.43229537399136	0.41113427698504196	239
1.431597067194648	0.41125234665367794	239
1.4305348501740327	0.4114320763301943	239
1.4304955010849976	0.41143873730833486	239
1.430497740346765	0.41143835824234404	239
1.4177245673535703	0.41361204394535117	241
1.4177245673535703	0.41361204394535117	241
1.4127155869758874	0.4144707338892796	241
1.4125830612170784	0.4144935012084222	241
1.4125830612170784	0.4144935012084222	241
1.412576806464688	0.41449457580808285	241
1.4113132823460213	0.4147117702711269	241
1.4052466545775717	0.4157577760670986	243
1.402714463885325	0.41619593798213683	243
1.4011616939883365	0.41646508125781284	243
1.3983051900476717	0.4169611124346201	242
1.3983051900476717	0.4169611124346201	242
1.3983051900476717	0.4169611124346201	242
