13.761981220156805	0.06774158462107688	144
6.637366710749313	0.13093518196429363	173
6.89948383255846	0.12659054961014118	169
6.231729148823266	0.1382795150953238	172
6.0957401065202355	0.14092962608383947	173
5.61821562518595	0.15109812925925986	185
4.7498720082249966	0.17391691477123908	188
4.876981637023868	0.17015537256407098	186
4.373702429230934	0.18609143568508252	197
4.364042839037457	0.18642654990045598	194
4.4335144314590025	0.1840429454296086	188
4.364416406498251	0.18641356752034347	196
4.254478854077528	0.19031383088048592	204
4.28972849892682	0.1890456192983969	198
4.2250706533917155	0.19138497186652903	193
3.115648497292921	0.24297507444033492	216
3.115648497292921	0.24297507444033492	216
3.115648497292921	0.24297507444033492	216
3.081441412093521	0.2450114797769603	224
2.8368969064654372	0.2606272788604069	223
2.8368969064654372	0.2606272788604069	223
2.781712817278495	0.2644304441709693	222
2.6382078166191816	0.2748606045625106	225
2.6382078166191816	0.2748606045625106	225
2.620940002190987	0.2761713807450309	227
2.555943566797937	0.28121931105348835	225
2.5097179120010558	0.2849231833078724	228
2.5845846540768194	0.27897234868276305	229
2.528561042744867	0.28340164386729727	228
1.9793743180133132	0.3356409411043099	237
1.9793743180133132	0.3356409411043099	237
1.9055317206683144	0.3441710833464883	233
1.869981795297474	0.3484342659031918	235
1.869981795297474	0.3484342659031918	235
1.8572781887164125	0.34998342266744226	233
1.6729477117487763	0.37411880359820054	239
1.6592963396514797	0.3760393247978739	238
1.661101822766197	0.3757841926396138	238
1.6648704129552767	0.3752527684417586	239
1.587116540553499	0.3865307126002355	238
1.587103755546575	0.38653262276631456	238
1.586292096570982	0.38665392873675924	238
1.5695216798517255	0.38917749083078573	239
1.5638097416623207	0.39004454338004846	239
1.5588525696659206	0.3908001624847649	239
1.5466711949787169	0.3926694588495384	238
1.5097394450418777	0.39844773606899814	238
1.54135707504576	0.39349055267331684	238
1.5413570745857865	0.39349055274453676	238
1.5308780150457006	0.3951197940221322	238
1.5231834299605547	0.3963247333213635	238
1.5217174108877576	0.3965551396371393	238
1.5139697825024736	0.39777725530359115	239
1.5035804690948071	0.39942794423602423	238
1.503225836816356	0.3994845312366288	238
1.4999798092357381	0.4000032305483728	238
1.4929071119619435	0.40113809102698167	238
1.4829180982501013	0.4027519074047489	238
1.4829180974762708	0.40275190753027124	238
1.4829180974762708	0.40275190753027124	238
1.4826493075937497	0.4027955124154151	238
1.4810981073903846	0.4030473430378771	238
1.4808070122006463	0.4030946361736261	238
1.480806987775057	0.4030946401424251	238
1.4801402837854465	0.4032029988536361	238
1.4780556379631948	0.4035421903690334	238
1.475025576959123	0.4040362286795535	238
1.475025576959123	0.4040362286795535	238
1.475025576959123	0.4040362286795535	238
1.4749176599986418	0.4040538463815191	238
1.4749176599986418	0.4040538463815191	238
1.4740749282722871	0.40419147721541593	238
1.4740749282722871	0.40419147721541593	238
1.4714954002191747	0.4046133364890418	238
1.4666994317996167	0.4054000204112567	238
1.4665837495813738	0.40541903358023784	238
1.4666994317996167	0.4054000204112567	238
1.4666723639421915	0.4054044690401517	238
1.465527139802303	0.4055927772428352	238
1.465527139802303	0.4055927772428352	238
1.4568961976114096	0.407017602523134	238
1.4618407211582174	0.4062001214804555	238
1.4616967937225107	0.4062238706854825	238
1.4618407211582174	0.4062001214804555	238
1.4618407211582174	0.4062001214804555	238
1.4618407211582174	0.4062001214804555	238
1.4560747648656394	0.40715372931845806	238
1.4560747648656394	0.40715372931845806	238
1.4560747648656394	0.40715372931845806	238
1.4560747648656394	0.40715372931845806	238
1.4560747648656394	0.40715372931845806	238
1.455902573029092	0.4071822762767855	238
1.4524094548601465	0.4077622511274436	238
1.4524094548601465	0.4077622511274436	238
1.4506448124821907	0.408055869584433	238
1.4488802243609904	0.4083499021520906	238
1.4506448124821907	0.408055869584433	238
1.4492092693871796	0.4082950413829731	238
1.4492092693871796	0.4082950413829731	238
1.4484156568579118	0.40842738331583567	238
1.4484156568579118	0.40842738331583567	238
