12.978016859974026	0.07154090669782309	91
13.001063829768032	0.07142314413808139	91
7.452945182195202	0.1183019620316884	193
7.095708614191096	0.1235222322907082	184
7.076099665125897	0.12382214700967428	179
7.0695850260602775	0.12392210959678292	180
7.0635936158322785	0.12401418618574389	169
6.741038367852099	0.12918163590984363	164
6.374002214544853	0.13561156762708176	190
6.028505949426832	0.1422777482434299	173
6.059334206952312	0.14165641839355905	169
4.690153755283336	0.17574217552056393	185
4.690153755283336	0.17574217552056393	185
4.684750810149236	0.1759092057675872	187
4.6620542138657814	0.17661434564704523	185
4.576092322095853	0.17933705940222594	185
3.649213781609083	0.21509013071321967	207
3.6332309669098195	0.2158321066102518	208
3.115566057723863	0.24297994151333238	216
3.115408764537769	0.24298922834031464	216
2.781125519757966	0.2644715164240332	224
2.781125519757966	0.2644715164240332	224
2.75303889200925	0.26645074265794083	222
2.6270173667401533	0.2757086329858872	225
2.630676718706014	0.27543074679378327	225
2.631720873997504	0.27535155775869996	225
2.60358417168362	0.2775014963873573	229
2.5833276109492016	0.27907021310147695	234
2.4967957260347164	0.2859760987908711	230
2.4207400824603464	0.2923344001280437	234
2.4207400824603464	0.2923344001280437	234
2.3016498355874075	0.30287887868099334	234
2.2120406142197426	0.31132856651095503	238
2.169157600478598	0.3155412655555478	238
2.150496170482977	0.31741032075169867	239
2.136811489037342	0.3187950578142299	238
2.1301759368911064	0.3194708604760411	239
2.1151523780003765	0.3210115842364996	239
2.113066380564371	0.32122668705146884	238
2.0894050896604583	0.32368691413980455	239
2.08919186813672	0.32370925558701574	239
2.074290808440392	0.3252782714161341	239
2.0735217423322587	0.32535966355037954	239
2.0730847951689557	0.32540592487784603	239
2.0679345340702437	0.3259521964679263	239
2.0061121072305927	0.332655591118742	239
2.0058526689543825	0.3326843029694667	239
2.00492824237943	0.3327866489111758	239
1.9953232809436756	0.333853780111825	239
1.9772000362639675	0.3358860633546415	239
1.9762480127148245	0.3359935044821203	239
1.9684407986457797	0.33687719170825503	239
1.9684407986457797	0.33687719170825503	239
1.8814687042669267	0.3470452406854822	238
1.8814687042669267	0.3470452406854822	238
1.8767788978188642	0.3476110036673958	238
1.8687901482655547	0.34857899961926153	238
1.8558007386222266	0.3501644867850434	238
1.841316323471264	0.35194954948848856	238
1.837901470450651	0.3523730511479677	240
1.837901470450651	0.3523730511479677	240
1.8319322983216713	0.35311578620457995	240
1.776484291390428	0.3601677139326485	241
1.5796160414138343	0.38765459042963646	241
1.5792083072484713	0.38771587280858727	241
1.5792083072484713	0.38771587280858727	241
1.5702270136826253	0.38907069090648083	241
1.5615759159863225	0.39038468224157813	241
1.5517651430027526	0.39188559446472593	241
1.5513325166071459	0.39195204603507977	241
1.5487764780273803	0.3923451148505371	241
1.548372417827365	0.3924073235938403	241
1.5159431990125836	0.3974652529486611	241
1.5153730071413614	0.39755535149694043	241
1.5064612826742034	0.39896885976753493	241
1.5049186995333137	0.3992145534249506	241
1.5031327902205798	0.39949938089855735	241
1.5027251072380996	0.3995644576018008	241
1.4960850762554134	0.40062737024179634	241
1.4922614228044597	0.4012420169288392	241
1.4914544646905397	0.4013719753550498	241
1.4913162214364561	0.4013942475048048	241
1.4901060422047543	0.4015893231256104	241
1.482235523715386	0.40286265765111995	240
1.482235523715386	0.40286265765111995	240
1.482235523715386	0.40286265765111995	240
1.4812533178037  	0.4030221311241037	240
1.4648903068654677	0.4056975668307415	240
1.4643390460268968	0.40578831943284704	240
1.4576851643056794	0.4068869416325382	241
1.4572503995111674	0.4069589327155811	241
1.4554162350694706	0.40726292581986906	241
1.4523560936635154	0.40777112368951457	241
1.437167920745365	0.41031231023842113	243
1.437160768862482	0.4103135143057219	243
1.4335118955019845	0.4109287494539738	243
1.4181430438556875	0.41354046549931023	241
1.4181430438556875	0.41354046549931023	241
1.4098625289290052	0.4149614295403073	240
1.4098625289290052	0.4149614295403073	240
1.4098625289290052	0.4149614295403073	240
