4.318965715333261	0.18800647598032974	189
4.318965715333261	0.18800647598032974	189
10.844276531112365	0.08442896426583889	79
10.430097534023195	0.0874883173151732	175
10.430097534023195	0.0874883173151732	175
10.430097534023195	0.0874883173151732	175
10.430097534023195	0.0874883173151732	175
6.621529147014625	0.13120726572195854	166
6.570515065104827	0.1320914087615191	162
6.401787528548857	0.13510250005731428	164
6.460821568569519	0.1340334962858162	155
5.607530171996305	0.15134247956038835	193
5.596990744662595	0.151584266024485	190
5.789006011015829	0.14729696782966487	189
5.548991973929747	0.15269525508365317	189
5.548991973929747	0.15269525508365317	189
4.809770754023834	0.17212383110080587	178
4.7595754975040165	0.17362390690657017	179
4.7595754975040165	0.17362390690657017	179
4.7595754975040165	0.17362390690657017	179
4.699102353992383	0.17546622922107577	178
4.36161541734852	0.18651095279312854	188
4.36161541734852	0.18651095279312854	188
4.36161541734852	0.18651095279312854	188
3.828395856619009	0.207108122385854	196
3.828395856619009	0.207108122385854	196
3.6218911242733993	0.21636165221378045	207
3.6218911242733993	0.21636165221378045	207
3.2621989606541417	0.23462067567266376	210
2.7304606246716636	0.26806341109364074	214
2.7304573119306625	0.2680636491407697	214
2.730060622597325	0.26809215752200766	214
2.6820575987018302	0.27158727781786096	223
2.1338302551407926	0.31909832970678026	233
2.1261024876146566	0.31988714508302657	233
2.1261024876146566	0.31988714508302657	233
2.1261024876146566	0.31988714508302657	233
2.0637030523442332	0.3264023904780317	230
2.055222612653126	0.32730839182013305	234
2.055222612653126	0.32730839182013305	234
2.0552120100495213	0.32730952768930466	234
2.0334836901847346	0.3296539893178399	233
2.0227696678240763	0.330822427737223	231
1.9935974837785946	0.33404624550184175	233
1.990679807419105	0.33437213757195205	231
1.9896049996383245	0.3344923493642062	233
1.9785363485596787	0.3357353689786484	233
1.9388462015561838	0.34026959269609885	229
1.9388462015561838	0.34026959269609885	229
1.934917541579058	0.3407250751794462	231
1.9259587911430283	0.3417683130148765	235
1.924579549096067	0.3419294921586528	235
1.912883712375581	0.34330241051210975	234
1.9058859930903953	0.3441291235711918	234
1.8981713071258612	0.3450451660815412	236
1.863950591021915	0.34916803492869614	234
1.843235288135945	0.35171201067063657	238
1.8450832195621396	0.351483567554098	238
1.7626419738930106	0.36197234728568095	235
1.718687157146212	0.36782459407712564	241
1.7139514391876647	0.36846643074030766	243
1.7139514391876647	0.36846643074030766	243
1.7023356119477064	0.37005026155106274	239
1.6642597680765667	0.3753387758889363	238
1.6642597680765667	0.3753387758889363	238
1.6557398055370254	0.3765429120409584	243
1.6557398055370254	0.3765429120409584	243
1.6557398055370254	0.3765429120409584	243
1.6126239176255113	0.38275696446538393	242
1.6074926797469928	0.3835101850015667	242
1.6074880720417832	0.3835108627043321	242
1.6072984003337827	0.3835387617589078	242
1.5594892973391927	0.39070294259076815	244
1.568176302465984	0.3893813672526266	244
1.543469111937618	0.39316380737889073	244
1.5434554328283097	0.39316592187660426	244
1.5346793737266355	0.3945272172747202	244
1.5183061436613865	0.3970923084617867	245
1.5148147268243144	0.3976436074329782	244
1.4935260929171348	0.4010385144316323	245
1.4935022917211205	0.40104234245951215	245
1.4459354899148904	0.40884152673822005	246
1.4049029911806372	0.4158171883303579	245
1.4049029911806372	0.4158171883303579	245
1.4049029911806372	0.4158171883303579	245
1.4048785542347775	0.41582141361736913	245
1.3705965905078266	0.42183474151786454	245
1.372667576597321	0.42146654249564763	245
1.3695286721579445	0.4220248574115349	245
1.3388885648288291	0.4275535034193409	245
1.3388741468664374	0.4275561390679246	245
1.3272508892185777	0.4296915320272025	245
1.327250328610743	0.42969163553494993	245
1.3272479192196571	0.42969208039309675	245
1.3271348174013906	0.4297129639943491	245
1.3118625561451054	0.43255166590328836	244
1.2873027833785475	0.4371961627760152	244
1.2873027833785475	0.4371961627760152	244
1.2847007822852332	0.4376940769459391	244
1.2824144461442515	0.43813252307850087	244
1.2824144461442515	0.43813252307850087	244
