10.801555901930074	0.08473458993965838	176
12.824238615682386	0.07233671436093325	158
8.382544004726755	0.10658090167189391	177
8.634022144446735	0.10379880645971135	182
8.439107156372676	0.1059422234999064	177
8.382544004726755	0.10658090167189391	177
8.382544004726755	0.10658090167189391	177
7.921561174237802	0.112088005727925	190
7.773594653402716	0.11397836798992805	156
7.61396161265825	0.11609060325164394	158
6.146574351695012	0.1399271806026648	161
6.146574351695012	0.1399271806026648	161
6.042733167781306	0.14199032906354353	167
6.043539602977805	0.14197407218058786	167
6.039326175615768	0.1420590515416093	167
5.100849844436063	0.16391159027000046	185
5.100849844436063	0.16391159027000046	185
5.081929099203832	0.16442151555678397	185
5.081929099203832	0.16442151555678397	185
4.926588524196944	0.16873113358844166	180
4.911852802324174	0.16915170817630337	184
4.809858443072438	0.17212123321048908	185
4.806116409714116	0.17223216508833972	186
3.807120830623914	0.2080247273231554	198
3.247072407062062	0.23545631064287792	203
3.2236497129329864	0.23676205840128256	203
2.5456084938965486	0.28203903553407306	221
2.2741811670099135	0.3054198741584089	228
2.2741811670099135	0.3054198741584089	228
1.9591701821914824	0.33793257515842723	237
1.648719195856213	0.3775409645403142	237
1.6483384179670915	0.3775952473504563	237
1.6503298164456497	0.377311530736615	237
1.6503298164456497	0.377311530736615	237
1.6214969141413722	0.3814614446447035	238
1.6214969141413722	0.3814614446447035	238
1.560827133571143	0.3904988301984573	239
1.5472867692838517	0.392574566812963	239
1.5472867692838517	0.392574566812963	239
1.4962930707981212	0.4005939894229957	240
1.4962930707981212	0.4005939894229957	240
1.4962930707981212	0.4005939894229957	240
1.4962930707981212	0.4005939894229957	240
1.4954973211943214	0.40072172849354515	240
1.4658894398918119	0.405533185641881	239
1.4404377727804993	0.40976254799590955	239
1.4404377727804993	0.40976254799590955	239
1.4404377727804993	0.40976254799590955	239
1.4404377727804993	0.40976254799590955	239
1.4404377727804993	0.40976254799590955	239
1.4404377727804993	0.40976254799590955	239
1.4404377727804993	0.40976254799590955	239
1.433625970772938	0.4109094873286516	239
1.433625970772938	0.4109094873286516	239
1.431846668571917	0.4112101362818414	239
1.430369421446368	0.4114600814080673	239
1.408358327563888	0.4152206042410325	239
1.427550427593889	0.41193788958327354	239
1.403754585988859	0.41601584697075844	239
1.4006540119428594	0.41655315385939173	239
1.398159489687175	0.4169864449384239	239
1.3855400578899135	0.41919229010328674	239
1.383667963079292	0.4195215170439136	239
1.3760820833203968	0.4208608814568286	239
1.3760820833203968	0.4208608814568286	239
1.3758529237392432	0.4209014750063514	239
1.3740750607535581	0.4212166736137605	239
1.37383887254138	0.42125858311917436	239
1.3722380725851981	0.4215428508447418	239
1.3722380725851981	0.4215428508447418	239
1.371009396531195	0.4217612977253518	239
1.3706021874691428	0.4218337455714579	239
1.365229848659905	0.4227918908458648	239
1.3617509425191663	0.42341467171527747	239
1.3616797546654686	0.42342743465726573	239
1.3610904154098962	0.42353312413340827	239
1.3610904154098962	0.42353312413340827	239
1.3610904154098962	0.42353312413340827	239
1.3608515329883208	0.4235759792714365	239
1.359075307686577	0.42389490354195103	239
1.359533783550285	0.4238125374476922	239
1.3591854346088956	0.42387511610157913	239
1.3590104126138594	0.42390656465647725	239
1.355282556771595	0.42457750859867455	239
1.355282556771595	0.42457750859867455	239
1.3542433549627564	0.42476492410693023	239
1.3542433549627564	0.42476492410693023	239
1.3542433549627564	0.42476492410693023	239
1.3462605876663722	0.4262101171782524	239
1.3462605876663722	0.4262101171782524	239
1.3462605876663722	0.4262101171782524	239
1.3444528032797207	0.4265387635874231	239
1.3462605876663722	0.4262101171782524	239
1.3462605876663722	0.4262101171782524	239
1.3450350081679876	0.4264328662544063	239
1.3430068086299067	0.42680200344136365	239
1.3426997539931935	0.4268579438297518	239
1.3426997539931935	0.4268579438297518	239
1.3420490431882641	0.4269765412933822	239
1.3390515869206951	0.42752370473217133	239
1.3390515869206951	0.42752370473217133	239
