10.721024216367207	0.08531677620831145	124
1.6946326386409665	0.3711081004735207	241
1.6946326386409665	0.3711081004735207	241
1.6946326386409665	0.3711081004735207	241
1.6946326386409665	0.3711081004735207	241
1.6946326386409665	0.3711081004735207	241
1.6946326386409665	0.3711081004735207	241
1.6946326386409665	0.3711081004735207	241
1.6934643894420824	0.37126906296583245	241
1.693879071112468	0.37121191174592655	241
1.6946326386409665	0.3711081004735207	241
1.6945240320937545	0.37112305850282556	241
1.6896926147409774	0.37178969616061575	242
1.6795414058562577	0.373198188994003	241
1.6766403793276228	0.37360267285932597	241
1.678939150865235	0.3732820880522887	241
1.6860043122807193	0.3723002213465874	242
1.687093584237047	0.37214930133664564	241
1.669135180238903	0.3746531863217562	242
1.6809280187956313	0.3730051657445229	241
1.6865352556226973	0.3722266431855239	241
1.692326007072025	0.3714260447558229	241
1.6505595504805763	0.3772788277172225	242
1.6800950401423511	0.3731210964618948	241
1.6801673825344288	0.3731110252727487	241
1.6454430338535901	0.37800851774279565	242
1.6772171509037703	0.3735221850279951	241
1.6870228611811011	0.3721590963913282	242
1.1798924481600577	0.45873822850482915	243
1.1798924481600577	0.45873822850482915	243
1.1798924481600577	0.45873822850482915	243
1.154441110854954	0.4641575000410045	244
1.1798924481600577	0.45873822850482915	243
1.1777754616535931	0.4591841618238715	243
1.1590757791792117	0.4631611403561562	243
1.159387874397112	0.4630941999149616	243
1.1670573135593203	0.4614552618165566	243
1.1664428981164112	0.46158613313530594	243
1.1612632755560663	0.4626923574328132	243
1.167017518294239	0.461463736014071	243
1.1657874239338486	0.46172583188411004	243
1.1691030226304882	0.4610200574001746	243
1.1562387107923073	0.46377054404730134	244
1.1573187757514294	0.4635383566119864	243
1.170306572716898	0.4607643973303505	243
1.169943081088487	0.46084158092219635	243
1.1685645565390157	0.4611345311278071	243
1.1645998246021045	0.4619791559780891	243
1.1538877124673448	0.4642767560312924	244
1.1771981362335893	0.4593059232220062	243
1.1679044369248401	0.46127494504254724	244
1.1645998246021045	0.4619791559780891	243
1.1683121261237788	0.46118821545663147	243
1.1668363314555552	0.4615023227565405	243
1.1739151045039893	0.4599995638873693	243
1.158162133358016	0.4633572170243016	243
1.1404958078685739	0.4671814802551577	244
1.154135890398568	0.46422326672017683	244
1.1698242660640519	0.4608668156403043	243
1.1730903743048444	0.4601741426975363	243
1.1670123964024761	0.4614648267172494	243
1.1498114798491406	0.46515706580475297	244
1.1474753506111302	0.4656630865240987	244
1.154199453941481	0.46420956897483506	244
1.1513465286205007	0.4648251626116347	245
1.1607595065563039	0.4628002315693815	244
1.1436442618222562	0.4664953125897512	244
1.1496882167180218	0.4651837379128044	244
1.1419475212980146	0.46686484615365487	244
1.1638903264904161	0.4621306300776741	243
1.1649265079975284	0.46190944418014473	243
1.156688721153035	0.4636737746119282	243
1.14148402984995	0.46696589190537563	244
1.1407364143022958	0.46712897174962	244
1.1663085348498863	0.46161476258472794	243
1.1542487737584877	0.46419894126494693	244
1.1538732659809743	0.46427987003430005	244
1.1544910937358535	0.46414673186975947	244
1.168441677123931	0.46116066230858005	243
1.1574895392359064	0.4635016679404891	244
1.1299837118957097	0.4694871582421579	244
1.1671976528391206	0.46142537977094883	243
1.1488791357145764	0.4653588856534109	244
1.1402996540248127	0.46722429642947877	244
1.1472363030790609	0.4657149278661298	244
1.1537772246399158	0.4643005732253424	244
1.1400494441011217	0.46727892327741377	244
1.1609881774238353	0.46275125909856824	243
1.1451309108075611	0.46617201540559483	244
1.1559374971716463	0.46383533906334967	243
1.1490669502075952	0.4653182163093626	244
1.1638372641741304	0.46214196259424756	243
1.1574542193293544	0.463509255974317	244
1.1557808417798192	0.46386904485819486	243
1.1406568899693978	0.4671463253573046	244
1.153149097291291	0.46443602129458755	244
1.1650327440442991	0.4618867787338827	243
1.1588140658697543	0.4632172894413279	244
1.1556389828034  	0.46389957129996967	244
1.1401355563582818	0.46726012145774054	244
1.1299837118957097	0.4694871582421579	244
