1.6939318691386938	0.3712046364111357	241
1.6946326386409665	0.3711081004735207	241
1.6946326386409665	0.3711081004735207	241
1.6946326386409665	0.3711081004735207	241
1.6946326386409665	0.3711081004735207	241
1.6941642961184125	0.37117261239069166	241
1.6301006116014656	0.3802135916736284	240
1.6099664878168376	0.3831466820236728	243
1.1529290060842887	0.46448350000113714	243
1.1529290060842887	0.46448350000113714	243
1.1529290060842887	0.46448350000113714	243
1.1855500022433447	0.45755073046764244	244
1.1593919455763253	0.46309332682682935	245
1.1605380848160092	0.46284766143576667	244
1.1357437129866226	0.4682209732934673	244
1.1421168945671047	0.46682793200325684	245
1.1356477797831872	0.4682420057587965	245
1.121184106415121	0.4714347976565018	244
1.1247783172134762	0.4706373327978244	244
1.1039506793246963	0.47529631270680234	242
1.097301614884969	0.47680314214360014	244
1.097301614884969	0.47680314214360014	244
1.08375679378166	0.4799024545398948	244
1.0965538294734096	0.47697320523898473	243
1.0956004763194096	0.47719019503008586	244
1.0904366398787486	0.47836895934717394	243
1.1041745339752345	0.47524574784715545	244
1.0943832475090114	0.4774675318805029	244
1.1083368329146988	0.47430751310146996	244
1.1029051724812402	0.4755326170129152	244
1.1029051724812402	0.4755326170129152	244
1.090421876269764	0.4783723378289753	244
1.0737045815715751	0.4822287653153282	245
1.094185712315842	0.47751256926213875	245
1.0881049673662777	0.47890312777776584	244
1.0881049673662777	0.47890312777776584	244
1.0881049673662777	0.47890312777776584	244
1.0881049673662777	0.47890312777776584	244
1.0881049673662777	0.47890312777776584	244
1.0881049673662777	0.47890312777776584	244
1.0881049673662777	0.47890312777776584	244
1.0881049673662777	0.47890312777776584	244
1.0920621024206913	0.47799728260595903	243
1.0920621024206913	0.47799728260595903	243
1.0899666166380695	0.4784765421797047	243
1.085893542117229	0.47941085190041743	244
1.085893542117229	0.47941085190041743	244
1.085893542117229	0.47941085190041743	244
1.0833279005321843	0.48000125172064884	244
1.0820114962047016	0.4803047446293643	245
1.082881143693751	0.48010420711122026	245
1.082881143693751	0.48010420711122026	245
1.0864239895092531	0.4792889676442081	245
1.0864239895092531	0.4792889676442081	245
1.0864239895092531	0.4792889676442081	245
1.0864239895092531	0.4792889676442081	245
1.0842865022545332	0.47978049031086606	244
1.0842865022545332	0.47978049031086606	244
1.0842865022545332	0.47978049031086606	244
1.0842865022545332	0.47978049031086606	244
1.0842865022545332	0.47978049031086606	244
1.0842865022545332	0.47978049031086606	244
1.0842865022545332	0.47978049031086606	244
1.0842865022545332	0.47978049031086606	244
1.0779593623405614	0.48124136502536075	244
1.0779593623405614	0.48124136502536075	244
1.0779593623405614	0.48124136502536075	244
1.0779593623405614	0.48124136502536075	244
1.0779593623405614	0.48124136502536075	244
1.0779593623405614	0.48124136502536075	244
1.0779593623405614	0.48124136502536075	244
1.07712532118091	0.4814346008894009	244
1.07712532118091	0.4814346008894009	244
1.07712532118091	0.4814346008894009	244
1.07712532118091	0.4814346008894009	244
1.07712532118091	0.4814346008894009	244
1.07712532118091	0.4814346008894009	244
1.07712532118091	0.4814346008894009	244
1.07712532118091	0.4814346008894009	244
1.07712532118091	0.4814346008894009	244
1.07712532118091	0.4814346008894009	244
1.07712532118091	0.4814346008894009	244
1.07712532118091	0.4814346008894009	244
1.07712532118091	0.4814346008894009	244
1.07712532118091	0.4814346008894009	244
1.07712532118091	0.4814346008894009	244
1.07712532118091	0.4814346008894009	244
1.07712532118091	0.4814346008894009	244
1.07712532118091	0.4814346008894009	244
1.07712532118091	0.4814346008894009	244
1.07712532118091	0.4814346008894009	244
1.07712532118091	0.4814346008894009	244
1.07712532118091	0.4814346008894009	244
1.07712532118091	0.4814346008894009	244
1.07712532118091	0.4814346008894009	244
1.07712532118091	0.4814346008894009	244
1.07712532118091	0.4814346008894009	244
1.07712532118091	0.4814346008894009	244
1.07712532118091	0.4814346008894009	244
1.07712532118091	0.4814346008894009	244
1.0737045815715751	0.4822287653153282	245
