1.1780065619144386	0.4591354394823372	242
1.1780065619144386	0.4591354394823372	242
1.1314563312601458	0.4691627904048058	244
1.1156218946354013	0.4726742536252379	244
1.1260553984291095	0.47035462986471366	244
1.1281576281043244	0.4698900056997935	244
1.093392251479865	0.4776935613920793	244
1.0890315400794042	0.4786907142445489	245
1.084336768328793	0.47976891987650977	245
1.091176188621145	0.47819978318487266	245
1.111071502500684	0.4736930979436003	245
1.0834870606939613	0.47996458382943985	245
1.0905863847581707	0.47833469465346934	245
1.0848558359132963	0.47964947157218574	245
1.0948466428426975	0.4773619125851639	245
1.107547054894065	0.4744852541621021	244
1.0848911460093362	0.4796413481414065	245
1.0951027334607686	0.477303563223443	245
1.0962414844782442	0.47704427538743255	245
1.098914380916445	0.47643677564559445	244
1.1031418654758445	0.47547909934917576	245
1.1080865568119482	0.4743638238044155	244
1.0838509747806568	0.47988076503659693	245
1.0835916697546744	0.47994048666826444	245
1.0955039338978987	0.477212179764261	245
1.0965949756293745	0.4769638445307307	245
1.0964599272875488	0.4769945692660219	245
1.0878996844942463	0.47895021366518903	245
1.0835161334628833	0.47995788654535726	245
1.0942345728007723	0.47750142843961707	245
1.1090456050076283	0.4741481159182346	245
1.0841103937725023	0.4798210320279023	245
1.1034986680289933	0.4753984469773939	245
1.0834921279205583	0.47996341651554786	245
1.0845915901551568	0.47971027261295324	245
1.08757232423258	0.47902531969406786	245
1.0857794291280074	0.47943708046735584	245
1.0961526529375134	0.47706449174806836	245
1.1205345588508169	0.47157920432191913	244
1.0835582480789745	0.4799481852364784	245
1.0892455196278517	0.4786416869656016	245
1.0994635609803138	0.47631214877245337	245
1.0835088520358203	0.47995956389764727	245
1.1023942258457746	0.4756481861044443	245
1.0834704361411711	0.47996841359175507	245
1.0951027334607686	0.477303563223443	245
1.0962065909555787	0.47705221628185945	245
1.080902692309026	0.4805606738344756	245
1.0856094459718415	0.4794761559655409	245
1.0839564973879836	0.47985646593553793	245
1.0958954289969065	0.477123040665535	245
1.0860011266159773	0.479386126517704	245
1.1065838922588944	0.4747021961359905	244
1.095681947595094	0.47717164388782995	245
1.0835295674174072	0.4799547919252846	245
1.0838143097510329	0.4798892086116236	245
1.0834739712311852	0.4799675992155885	245
1.085721201398194	0.479450465061982	245
1.0839407386192055	0.47986009461218565	245
1.0988603633269562	0.47644903752190304	245
1.0929386282487747	0.4777970966290255	245
1.083801200924958	0.4798922275100523	245
1.0905863847581707	0.47833469465346934	245
1.083801200924958	0.4798922275100523	245
1.1080262685052655	0.4743773903297079	244
1.103716389526076	0.47534924620959934	245
1.084833722588542	0.4796545590975927	245
1.083518797028816	0.47995727296823115	245
1.0983021782351872	0.47657578130194156	245
1.0890517099102106	0.47868609247732835	245
1.0957002753180016	0.4771674708341869	245
1.0880559376760104	0.4789143729133004	245
1.0985729898572796	0.47651428129169254	245
1.0820314217093818	0.4803001480059238	245
1.0958440982503084	0.47713472621119035	245
1.0955336180116186	0.47720541985332904	245
1.0853061743278487	0.4795458874629417	245
1.0955606333560366	0.4771992678629879	245
1.1173869917563297	0.4722802226958617	244
1.0923307555323494	0.4779359082477241	245
1.0845915901551568	0.47971027261295324	245
1.1075485685776814	0.474484913377284	244
1.091376422333027	0.47815399911817597	245
1.0922714391858774	0.4779494578337835	245
1.0853914242423932	0.4795262838310042	245
1.0834921279205583	0.47996341651554786	245
1.0891285437885032	0.4786684873811369	245
1.0834704361411711	0.47996841359175507	245
1.1151277590238209	0.47278467966470383	244
1.0842804054882584	0.47978189372544733	245
1.0949728629842737	0.4773331519795952	245
1.1131926191362345	0.4732176285987356	244
1.1203437324512833	0.4716216454413841	244
1.1019542954286778	0.47574773731988185	245
1.1056149167590819	0.4749206476648536	245
1.0835201616221957	0.47995695862209264	245
1.1101087201869928	0.4739092305686421	244
1.0958440982503084	0.47713472621119035	245
1.1125431044373013	0.4733631223427088	244
1.0942193565406888	0.47750489788798345	245
1.080902692309026	0.4805606738344756	245
