12.354350931253103	0.07488196207722131	161
11.13990687510722	0.0823729547753362	172
1.6946326386409665	0.3711081004735207	241
1.4498975468493187	0.4081803344331873	243
1.4498975468493187	0.4081803344331873	243
1.4497530578447093	0.4082044093374045	243
1.1680142849650634	0.46125157335672934	242
1.1761632964900397	0.4595243388273813	242
1.1315657727870454	0.46913870205960817	244
1.1296064619567439	0.46957032572166935	244
1.1240216721287057	0.47080498900832535	244
1.1296064619567439	0.46957032572166935	244
1.1240216721287057	0.47080498900832535	244
1.1240216721287057	0.47080498900832535	244
1.1217356465795603	0.47131224929556853	244
1.1169365376312583	0.4723807172410316	243
1.1169365376312583	0.4723807172410316	243
1.1026116328117288	0.47559900477804573	244
1.1026116328117288	0.47559900477804573	244
1.1026116328117288	0.47559900477804573	244
1.1026116328117288	0.47559900477804573	244
1.0913458052655867	0.4781609992389598	244
1.0913458052655867	0.4781609992389598	244
1.0772096288117896	0.4814150609209444	244
1.0772096288117896	0.4814150609209444	244
1.0772096288117896	0.4814150609209444	244
1.0722316785690216	0.4825715243821334	245
1.0722316785690216	0.4825715243821334	245
1.06484397443187	0.48429809340686103	244
1.0722316785690216	0.4825715243821334	245
1.0592802378917496	0.48560656369129257	245
1.0592802378917496	0.48560656369129257	245
1.0592802378917496	0.48560656369129257	245
1.0592802378917496	0.48560656369129257	245
1.0592802378917496	0.48560656369129257	245
1.0592802378917496	0.48560656369129257	245
1.0592802378917496	0.48560656369129257	245
1.0592802378917496	0.48560656369129257	245
1.0592802378917496	0.48560656369129257	245
1.0592802378917496	0.48560656369129257	245
1.0592802378917496	0.48560656369129257	245
1.0592802378917496	0.48560656369129257	245
1.0592802378917496	0.48560656369129257	245
1.0592802378917496	0.48560656369129257	245
1.0592802378917496	0.48560656369129257	245
1.0592802378917496	0.48560656369129257	245
1.0592802378917496	0.48560656369129257	245
1.0592802378917496	0.48560656369129257	245
1.0592802378917496	0.48560656369129257	245
1.0592802378917496	0.48560656369129257	245
1.0592802378917496	0.48560656369129257	245
1.0592802378917496	0.48560656369129257	245
1.0592802378917496	0.48560656369129257	245
1.0592802378917496	0.48560656369129257	245
1.0592802378917496	0.48560656369129257	245
1.0592802378917496	0.48560656369129257	245
1.0592802378917496	0.48560656369129257	245
1.0592802378917496	0.48560656369129257	245
1.0592802378917496	0.48560656369129257	245
1.0592802378917496	0.48560656369129257	245
1.0592802378917496	0.48560656369129257	245
1.0592802378917496	0.48560656369129257	245
1.0592802378917496	0.48560656369129257	245
1.0592802378917496	0.48560656369129257	245
1.0592802378917496	0.48560656369129257	245
1.0592802378917496	0.48560656369129257	245
1.0592802378917496	0.48560656369129257	245
1.0592802378917496	0.48560656369129257	245
1.0592802378917496	0.48560656369129257	245
1.0592802378917496	0.48560656369129257	245
1.0592802378917496	0.48560656369129257	245
1.0531083361884799	0.48706635805515425	244
1.0531083361884799	0.48706635805515425	244
1.0531083361884799	0.48706635805515425	244
1.0531083361884799	0.48706635805515425	244
1.0531083361884799	0.48706635805515425	244
1.0531083361884799	0.48706635805515425	244
1.0531083361884799	0.48706635805515425	244
1.0531083361884799	0.48706635805515425	244
1.0531083361884799	0.48706635805515425	244
1.0531083361884799	0.48706635805515425	244
1.0531083361884799	0.48706635805515425	244
1.0531083361884799	0.48706635805515425	244
1.0531083361884799	0.48706635805515425	244
1.0531083361884799	0.48706635805515425	244
1.0531083361884799	0.48706635805515425	244
1.0531083361884799	0.48706635805515425	244
1.0531083361884799	0.48706635805515425	244
1.0531083361884799	0.48706635805515425	244
1.0531083361884799	0.48706635805515425	244
1.0531083361884799	0.48706635805515425	244
1.0531083361884799	0.48706635805515425	244
1.0531083361884799	0.48706635805515425	244
1.0531083361884799	0.48706635805515425	244
1.0531083361884799	0.48706635805515425	244
1.0531083361884799	0.48706635805515425	244
1.0531083361884799	0.48706635805515425	244
1.0531083361884799	0.48706635805515425	244
1.0531083361884799	0.48706635805515425	244
1.0531083361884799	0.48706635805515425	244
1.0531083361884799	0.48706635805515425	244
