2.0522076583769495	0.3276317052856629	231
1.9279548097315113	0.34153532584462887	231
1.8696592623584278	0.34847342787943075	231
1.7773882505432157	0.3600504898097754	233
2.003931960536624	0.3328970206839703	232
2.018003376314544	0.3313448910786697	232
2.0434228246995505	0.3285774135241037	232
2.0171929697772324	0.33143388905411403	232
1.992385659178141	0.33418152400671847	232
2.015272976459081	0.3316449315890224	232
2.0208835219366605	0.33102898299068123	232
1.9903135402573688	0.3344130929875442	232
2.0182646113506126	0.3313162127135434	232
1.9810957791097268	0.3354471221648033	232
2.02265877068207	0.3308345651515099	232
2.010198222317945	0.33220403646041935	232
1.990315754468591	0.33441284536779964	232
2.0152898313134986	0.33164307776157864	232
2.014157908662354	0.331767621439511	232
2.017283092747637	0.33142398948365404	232
1.9982344993137557	0.3335296155884014	231
2.01913803497392	0.33122036436092867	232
1.9707204521718604	0.3366186809226399	232
1.999785830151757	0.333357131682101	232
2.0005632752999127	0.3332707589377691	232
2.0011116401902473	0.3332098635079792	232
1.997331633279914	0.33363008246962716	232
1.9914081955414555	0.3342907201666593	232
2.0149671450617626	0.3316785728951997	232
1.981280426007148	0.33542634610166744	233
1.9914861304893041	0.33428201114087547	232
1.9987185296636751	0.33347577977322074	232
1.9907840971452873	0.3343604778942429	232
1.9927515242777225	0.3341406701785382	232
2.015448634657432	0.3316256123572154	232
2.0117675618614443	0.33203093514359483	232
2.0082011705539413	0.33242457645073525	232
1.999019958347446	0.33344226243530284	232
2.0008762444716415	0.3332360012653798	232
1.9998348730798157	0.33335168177885016	232
2.011600423130518	0.33204936229903753	232
2.0112635167017077	0.33208651267269973	232
1.996913497279737	0.3336766312767079	232
1.9577347291379108	0.3380965811939022	233
2.018210794704642	0.3313221202953979	232
1.9935756122841897	0.3340486860918036	232
1.9919260073954936	0.33423286455887713	232
1.9864883548528953	0.33484141948018975	232
1.9998348730798157	0.33335168177885016	232
2.0139245587048813	0.3317933082006909	232
1.9930856423683616	0.3341033700621818	232
2.01641988716888	0.3315188327241038	232
2.006105095281303	0.3326563670610534	232
2.0007739452734357	0.33324736159320334	232
1.9938068846132821	0.3340228807474242	232
1.9757813584947201	0.33604619410138503	233
1.991620067034996	0.33426704514357103	232
2.01098209026532	0.33211755168954943	232
1.9907840971452873	0.3343604778942429	232
1.9750518825196068	0.3361285918661318	233
1.9907892696670246	0.3343598996231967	232
1.9974138746112586	0.33362092851781844	232
1.9951662214058317	0.333871286626167	232
2.0055599631813275	0.3327167024615005	232
2.018225419550657	0.33132051487025	232
2.0306541287747395	0.32996176980587655	232
1.991378171336934	0.33429407541376516	232
2.0117527925511123	0.33203256338743115	232
2.0041391551238816	0.3328740608751072	232
1.9923777286451965	0.334182409669501	232
1.9907745659255032	0.3343615434587419	232
1.9664481815048258	0.33710347823865167	233
2.006597356630757	0.33260190221168046	232
1.9946468136458055	0.3339291950701055	232
2.0129690359869787	0.3318985319981635	232
2.0203315086322373	0.33108948376757885	232
1.9931994363590897	0.33409066828383277	232
2.009651836747501	0.3322643462576354	232
2.0025344629383346	0.3330519640468612	232
1.9908567062511384	0.33435236061624657	232
1.9891084177327842	0.33454791872637807	232
1.9923488679173702	0.3341856328055709	232
1.9938068846132821	0.3340228807474242	232
2.00324656882777	0.33297299341969144	232
1.9913853513694668	0.3342932730288983	232
2.015047961198667	0.33166968249567697	232
2.004945275388257	0.33278476256802847	232
1.9920240590762401	0.33422191140693597	232
2.0131776112430435	0.3318755576401168	232
1.9713751927824281	0.33654450721303525	232
2.011753443884509	0.3320324915807905	232
2.0121107734427452	0.33199310225135986	232
1.981501572243083	0.3354014665998203	232
1.9834027946630572	0.33518772650775747	232
1.9935642600879098	0.33404995287144224	232
2.005001417059005	0.33277854523566247	232
1.9923051141305008	0.33419051930156474	232
2.0192982057573894	0.3312027934482048	231
2.0180384298876954	0.3313410426113133	232
1.9913914335343568	0.33429259333623573	232
1.7773882505432157	0.3600504898097754	233
