2.0522076583769495	0.3276317052856629	231
2.022837442749532	0.3308150103799209	232
1.9945296093205527	0.33394226488443246	232
2.00130304136776	0.33318861381764303	232
2.0232093172399956	0.3307743179731063	232
2.012112697829622	0.33199289014669003	232
2.0008966221573896	0.3332337384155156	232
1.998505736704363	0.3334994453267557	232
1.9927839147959163	0.33413705381672765	232
2.0068535927003004	0.3325735587617858	231
2.0199564099961145	0.33113060727962185	232
2.013602600610857	0.3318287553233794	232
1.985852956446949	0.33491267473196734	233
2.019572539449257	0.3311727030682267	232
1.9946468136458055	0.3339291950701055	232
1.9918218370351461	0.3342445020024943	232
1.9453175304474524	0.3395219665324438	232
2.0395060643688794	0.32900082408871234	231
1.9915479229687592	0.3342751063160699	232
2.003516607368316	0.3329430566645679	231
2.004778166179752	0.33280327022323614	232
2.01487031265473	0.3316892258358718	232
1.9958461919151744	0.333795507492567	232
2.0192255776844354	0.33121076059740456	232
2.0175445453966927	0.33139527352645526	232
1.99128936502677	0.334304000038141	232
2.0140595607902942	0.3317784469188782	232
2.0171470424788014	0.3314389341722068	232
1.9926898585299262	0.33414755530037504	232
1.9941555607266508	0.3339839830357078	232
2.037357507672264	0.3292335516889379	231
1.9866749300557605	0.33482050220354254	232
1.992540128702737	0.3341642741591235	232
1.9998391977053203	0.3333512012126964	232
2.0205068464986837	0.3310702643032184	232
2.0046941112646723	0.33281258023935795	232
2.002957355349598	0.3330050618995827	232
2.0038413505686354	0.33290706242215395	232
1.9940226020095462	0.33399881461443004	232
2.004301359907496	0.3328560887216689	232
2.0040953466370675	0.332878915151428	232
2.0148996332159723	0.3316860000852854	232
2.0297916381530507	0.3300557000050327	231
1.9921844612647193	0.33420399475549906	232
2.015657182028566	0.3316026788321218	232
2.0139341857221225	0.3317922483965606	232
2.020542276512137	0.3310663809528646	232
1.9953914179493175	0.3338461858465938	232
1.99128936502677	0.334304000038141	232
2.0293734241093566	0.3301012651796147	232
2.008238495368357	0.3324204518822736	232
2.0241206926386437	0.3306746329384981	232
1.9982048962028676	0.3335329087303101	232
2.031260526402028	0.3298957616114098	231
2.02509519620833	0.330568109477482	232
2.00335410691085	0.33296107099024924	232
1.998012507334123	0.33355431224975596	232
2.0434539226538977	0.3285740561263362	232
2.0025344629383346	0.3330519640468612	232
2.024005679347674	0.3306872096271049	232
2.0195690220990423	0.3311730888353245	232
2.042793765267446	0.32864534278158847	231
2.0078120426640385	0.33246758301901524	232
2.010662007396507	0.33215286124554305	232
1.9903135402573688	0.3344130929875442	232
1.9866749300557605	0.33482050220354254	232
2.030795402151549	0.32994638941648924	231
1.990638374313253	0.33437677005319383	232
2.04997840868025	0.32787117349880124	231
2.017890516870378	0.3313572823168625	232
2.031211410529927	0.3299011070379867	232
1.9905309265285216	0.33438878398787314	232
2.028350000117648	0.3302128221510562	231
2.012980549882645	0.33189726367100175	232
2.000485059886232	0.3332794465031986	232
1.9991301277810714	0.33343001383533083	232
2.008554936457161	0.3323854877576503	232
2.01197507462076	0.33200805957064927	232
2.0129749174827043	0.33189788411364707	232
2.0150596921758908	0.3316683920371493	232
2.0280235742598802	0.33024841962943546	232
2.0077411059424057	0.33247542417274417	232
2.0006370422942754	0.3332625658834778	232
2.0004728459321304	0.333280803175987	232
1.9998348730798157	0.33335168177885016	232
2.030496733560647	0.32997890706354976	231
2.0131938119187818	0.3318737732848345	232
2.0160493101621157	0.3315595658965698	232
2.013746992781591	0.33181285701658464	232
2.0191693557684163	0.33121692828837274	232
2.007203612345438	0.3325348492848012	232
2.0199539932781767	0.3311308722668634	232
2.0001248180241133	0.3333194652409834	232
2.013203184266079	0.3318727410158264	232
2.02017662912879	0.331106462567543	232
1.9881977289556898	0.33464987618121184	232
1.9983995814865687	0.33351125252766095	232
2.044296708287114	0.32848309341130355	231
2.011695453988884	0.33203888483330396	232
2.0410358331582192	0.3288353228516436	231
1.9453175304474524	0.3395219665324438	232
