2.009303950864208	0.3323027571584523	232
1.7352125071240942	0.36560230599831445	236
1.2979705287401286	0.43516659047331385	242
2.0280749638644915	0.3302428149677574	232
2.0148957341368097	0.33168642904538403	232
2.00114389686537	0.33320628212611814	232
2.0198841686531184	0.3311385285502538	232
2.0123474773072405	0.33196701493876374	232
2.0083754752768743	0.3324053158317831	232
2.0390335563537128	0.32905197703700845	231
2.019446459382999	0.3311865315221858	232
2.049688433634931	0.32790234863700407	231
1.992988169509289	0.3341142508304514	232
2.0179547972704466	0.33135022463041464	232
2.038421780295705	0.32911823055147993	231
1.953348383273499	0.33859872599642216	234
2.015947118551668	0.3315708003793596	232
1.9925477892988215	0.33416341873501315	232
2.023181410544648	0.3307773713188593	232
1.9913853513694668	0.3342932730288983	232
1.992155239613278	0.33420725862112866	232
1.9927472064860925	0.3341411522606151	232
2.019175910380889	0.33121620921844314	232
2.0147060516699375	0.33170729844326596	232
2.035699191048942	0.32941340266802405	231
1.992882905639289	0.3341260020950927	232
2.015025802000219	0.3316721201313047	232
2.010913795739706	0.3321250848878339	232
2.0372817815991944	0.32924176020095125	231
2.0130465348256386	0.3318899952064195	232
2.0089246493959467	0.3323446468494164	232
1.9862968079012653	0.33486289686750476	232
2.0135016028383674	0.3318398765934342	232
2.004784349470766	0.33280258537559626	232
2.005105918869023	0.33276697294461816	232
2.0196119593818898	0.3311683797293936	232
1.995003994955908	0.3338893709938847	232
1.9916337950963054	0.3342655112531273	232
2.0149515268692952	0.3316802910720071	232
1.98742042538117	0.33473694947787885	232
2.021052715379416	0.3310104437798297	231
2.0441205435917977	0.3285021028832475	231
1.9866096061915073	0.33482782548040796	232
1.9649923784999752	0.3372689951081466	233
1.9960019328950789	0.33377815582171066	232
1.9943065814901182	0.33396713822882806	232
2.0182962540168377	0.3313127393207908	232
2.015577392976519	0.33161145269528375	232
2.000303946883696	0.3332995648786393	232
2.01512413446258	0.3316613032843643	232
2.0201409484682835	0.3311103743377167	232
2.0307482327971633	0.32995152457024507	231
2.0238543609060917	0.33070375773664973	232
2.0233877087547687	0.3307548010148742	232
1.9990203544704248	0.3334422183928734	232
2.0183066192617574	0.33131160155113343	232
1.992988169509289	0.3341142508304514	232
1.9753220478336098	0.3360980707040166	233
2.008119319434456	0.33243362174476704	232
2.034294129017999	0.32956594103276143	231
2.0146550968324815	0.33171290508513124	232
2.0331400099608454	0.3296913418820086	232
2.0154546602528423	0.3316249496903897	232
2.0001923237949355	0.3333119653926394	232
2.0112819710632968	0.3320844775113822	232
2.001215634649851	0.3331983175266475	232
1.991373490881969	0.3342945984672621	232
2.0170899285163486	0.3314452083606766	232
1.9663545130126805	0.33711412294560267	233
1.9914861304893041	0.33428201114087547	232
2.0157300242375524	0.3315946692717706	232
1.991333808944239	0.3342990330968579	232
2.0522076583769495	0.3276317052856629	231
2.0032863140062918	0.3329685868897497	232
1.9939425257837808	0.33400774777338493	232
2.001593595922514	0.33315636112711605	232
1.98729513646232	0.3347509885428468	232
1.98729513646232	0.3347509885428468	232
2.0009718129580247	0.3332253890829821	232
1.9942309978628678	0.3339755685896479	232
2.0041455692780334	0.3328733501553733	232
2.0169679787080432	0.33145860581133185	232
1.992956950293192	0.33411773594071886	232
2.0208461504928596	0.3310330782111652	232
2.002292364189597	0.3330788206797202	232
1.9881977289556898	0.33464987618121184	232
1.9930373008651425	0.33410876627262487	232
2.023552924255994	0.33073672763511164	232
2.014272330261011	0.33175502756030284	232
2.013813542851688	0.3318055300308307	232
2.011875552733875	0.33201903016620377	232
2.0136668136073426	0.33182168496025793	232
2.0332800208294137	0.32967612390977413	231
2.0064671225402373	0.33261630985509516	232
2.004945275388257	0.33278476256802847	232
2.0333749242737644	0.32966580952383095	231
2.0158179866891355	0.33158499764033605	232
2.0038908289772785	0.3329015789633292	232
2.0132603640036972	0.33186644338669335	232
2.014735169837108	0.33170409461008543	232
1.2979705287401286	0.43516659047331385	242
