2.0171389903397543	0.33143981871627065	231
1.992882905639289	0.3341260020950927	232
2.036876651278922	0.3292856822416114	231
1.9997198420663078	0.33336446489988425	232
2.001469195656239	0.3331701692781694	232
2.010812698855615	0.3321362369635586	232
1.9930485345330686	0.33410751227794755	232
2.0052876674327105	0.332746848442052	232
2.019891937360005	0.3311376766925646	232
1.9832842630396559	0.3352010441610094	232
2.012849285310071	0.33191172385414686	232
1.9859013373653587	0.334907248101627	232
1.9968813809608044	0.33368020714900587	232
2.009532577770445	0.33227751292223295	232
1.9859304333981174	0.3349039846390383	232
1.9968479267148493	0.3336839320693199	232
1.9895686887113446	0.334496412066401	232
1.9926672424780822	0.3341500805054252	232
1.9742312733176985	0.33622133186856007	232
1.9646257315249558	0.3373107064970444	233
1.9927378728594014	0.33414219436617526	232
2.011510832031989	0.3320592406188555	231
1.9836434718616525	0.33516068841028357	232
1.9825509339134606	0.33528346109009494	232
1.9930277078999639	0.33410983712597925	232
1.987395429768111	0.33473975023039465	232
1.986881333641489	0.3347973649762775	232
2.0102867289756623	0.3321942691951737	232
1.9718338579401076	0.3364925658035064	233
1.9678225517580064	0.33694736884037907	232
2.0115567533718206	0.3320541772557907	232
2.0084183833066147	0.3324005748498583	231
1.9925555092701013	0.33416255668517403	232
1.9850878793901061	0.33499851274204817	233
1.9836833457758078	0.3351562093262223	232
1.8717169961176283	0.3482237286445474	230
1.9780783798892705	0.3357869983385668	232
1.954083168660162	0.33851450446926806	233
1.9817549263228114	0.33537296817120704	232
1.9928024433459341	0.3341349851619361	232
1.9729264590500941	0.33636889905427353	232
1.9822605397790891	0.3353161089252366	232
1.9821405212602343	0.3353296039776845	233
2.002823869634682	0.3330198651050613	232
1.9729854654611352	0.33636222296327023	233
1.9833543537091118	0.33519316897663565	232
1.9903208705124644	0.33441227323160994	232
1.9592468670223613	0.33792381809842553	232
1.988567350433753	0.33460848719198605	233
1.9803641365880198	0.3355294702830574	233
1.9801714900965326	0.3355511598319493	232
1.94563533431982	0.3394853355909078	233
1.9809271867737261	0.3354660940518663	232
1.950546334868216	0.33892028340055347	233
1.9855188034447653	0.33495015969960573	232
1.981202727112066	0.3354350882969688	232
1.974319400646717	0.3362113698288645	233
1.9849776425563868	0.33501088441774146	232
1.9754119860540067	0.3360879114176725	232
1.9784086058879056	0.3357497685250899	232
1.980660362655971	0.33549612445912225	232
1.9876208007013798	0.33471449916443147	232
1.9836006759619471	0.3351654958576481	232
2.0060659361533535	0.33266070047672613	232
1.9852413965991134	0.33498128531221405	232
1.9306034006538102	0.3412266565229886	233
1.9912891740805914	0.3343040213781277	233
1.9833595740500811	0.3351925824490686	232
2.0016760762084305	0.3331472066310202	232
2.0058103894997084	0.33268898247651657	232
1.985322678083356	0.3349721647651243	232
1.981443303262457	0.3354080216470143	232
2.045715882396764	0.32833003425554924	231
2.014169292107784	0.3317663684711976	232
1.9918429807773566	0.3342421398532669	232
1.979579058936285	0.33561787763302436	232
1.9808225112415911	0.3354778743882586	233
1.9797551144372187	0.33559804802579163	231
1.9903096862743694	0.33441352398717644	233
2.0022994082414307	0.3330780392038717	232
1.9968187567570765	0.3336871800289057	232
1.533006373119041	0.39478779469813996	233
1.9618938345947354	0.3376218243611781	232
1.940350166383944	0.3400955476094892	228
1.9807172035649847	0.33548972670201127	232
1.9589468799259795	0.33795807784998694	233
1.9745041236178285	0.3361904903946546	233
1.9964989168174307	0.3337227970908449	232
2.0109503344885686	0.3321210544543429	232
2.001558944721475	0.3331602072178507	232
1.9881047785138855	0.33466028607515685	232
1.9945624626458465	0.3339386012060172	232
1.9806111434569815	0.3355016645479547	232
1.9831768895381165	0.33521310905396207	232
1.9957666637708724	0.33380436870916586	232
1.9859021046517396	0.3349071620406105	232
2.00100242733072	0.3332219897234348	232
1.9813534328347133	0.33541813224377953	232
1.9480735469963046	0.33920456327111215	233
1.9802501446587786	0.3355423039882091	232
1.533006373119041	0.39478779469813996	233
