-0.10118569998028576
-0.03971484241460932
0.009343285247243371
0.04851952973507234
0.07905484409566199
0.102212105189742
0.1200157378528337
0.13480809407164207
0.14829859128086464
0.16120256182170867
0.03806112326362632
0.05083316545537275
0.06248841242530512
0.07313313327039839
0.0828720075056506
0.09180424949822075
0.1000221089178831
0.10761037095627135
0.11464633503999722
0.12120005663167344
0.12733474450054605
0.13310724723469047
0.1385685825149371
0.14376447486990263
0.14873587653579878
0.1535194530557772
0.1581480210325713
0.16265093044813772
0.16705438850115273
0.17138172613395186
0.17565361227664744
0.17988822410796323
0.1841013840089194
0.18830667508700272
0.19251554704720175
0.19673742287459084
0.20097981456392122
0.20524845338327036
0.20954743727850034
0.21387939531304223
0.21824566669606593
0.22264649012023108
0.22708119791286085
0.23154840896903983
0.23604621458313335
0.24057235203691674
0.24512436196243614
0.24969972685122843
0.2542959894062745
0.25891085055317553
0.2635422477370992
0.2681884145987544
0.2728479232716602
0.2775197104397763
0.2822030880268387
0.2868977390537507
0.2916036988973477
0.2963213220094496
0.3010512341983811
0.30579427090905054
0.31055140260472935
0.31532364934560253
0.3201119878947676
0.3249172559911897
0.32974005955391605
0.33458068921233686
0.3394390524015928
0.34431462614655406
0.349206433624089
0.3541130449482365
0.35903259989602565
0.3639628480923459
0.36890120098681023
0.37384478996946835
0.37879052600487195
0.38373515775181566
0.3886753267256162
0.3936076192154516
0.3985286152015667
0.40343493449014667
0.4083232799243859
0.41319047710338264
0.4180335097477763
0.42284954978669387
0.4276359813982521
0.4323904185458777
0.43711071592442086
0.4417949735835469
0.4464415357781809
0.4510489847831406
0.45561613050146454
0.46014199670833
0.4646258047266928
0.4690669552495701
0.47346500892704135
0.4778196662389744
0.4821307470876959
0.4863981704745852
0.4906219345733662
0.4948020974804407
0.49893875890624906
0.5030320430671901
0.5070820830393094
0.51108900683649
0.5150529254703242
0.5189739232297697
0.5228520503806713
0.33315707389925286
0.3342026606192642
0.3352704147310114
0.3363594454234158
0.33746881800799233
0.3385975517786298
0.339744622302368
0.3409089673880559
0.34208949578359493
0.34328509754286796
0.3444946549953941
0.3457170533456776
0.3469511901105764
0.34819598284489894
0.34945037487348307
0.3507133390067747
0.35198387943588183
0.353261032161134
0.35454386439590135
0.35583147340676025
0.357122985212996
0.35841755348942894
0.35971435891513315
0.36101260910380195
0.36231153915307446
0.3636104127691435
0.3649085238641048
0.3662051984874941
0.36749979693820634
0.36879171590466686
0.3700803904951979
0.3713652960424453
0.37264594959157504
0.37392191100852024
0.37519278366959097
0.37645821471580554
0.3777178948735851
0.37897155785779313
0.3802189793836179
0.38145997582094726
0.38269440252915754
0.38392215191224166
0.38514315123447185
0.38635736023586176
0.3875647685849529
0.3887653932043128
0.38995927550180776
0.39114647853845974
0.3923270841615967
0.39350119013018503
0.3946689072576933
0.39583035659656873
0.3969856666874241
0.3981349708951981
0.3992784048538709
0.4004161040406482
0.4015482014998224
0.40267482573563784
0.4037960987924212
0.404912134538827
0.4060230371712843
0.4071288999495657
0.4082298041747817
0.4093258184170572
0.4104169979967054
0.4115033847188948
0.41258500685773825
0.41366187938148
0.41473400440616826
0.4158013718609983
0.41686396034457973
0.417921738147799
0.418974664415967
0.4200226904205625
0.42106576090931935
0.4221038155026653
0.42313679010466754
0.4241646182976685
0.4251872326916756
0.4262045662022036
0.4272165532335783
0.42822313074852436
0.42922423920905894
0.4302198233780917
0.4312098329755638
0.43219422318722944
0.4331729550282215
0.4341459955671325
0.43511331801947783
0.43607490172194985
0.43703073200082576
0.43798079994922656
0.4932197834530223
0.49417851006637836
0.4951401828051245
0.49610430333818745
0.49707036245074165
0.49803784354784575
0.7229220829137938
0.7235870237766084
0.7242482021018967
0.7249056576887669
0.7255594297285969
0.7262095568156998
0.7268560769578137
0.7274990275864213
0.7281384455669112
0.7287743672085907
0.7294068282745556
0.7300358639914251
0.730661509058939
0.7312837976594295
0.7319027634671588
0.732518439657531
0.7331308589161751
0.7337400534478998
0.7343460549855167
0.7349488947985354
0.735548603701725
0.736145212063543
0.7367387498144299
0.7373292464549683
0.7379167310639044
0.7385012323060313
0.7390827784399351
0.7396613973256005
0.7402371164318753
0.7408099628437976
0.7413799632697797
0.7419471440486561
0.7425115311565857
0.7430731502138218
0.7436320264913389
0.7441881849173254
0.7447416500835395
0.745292446251528
0.745840597358717
0.7463861270243655
0.7469290585553943
0.747469414952082
0.7480072189136404
0.7485424928436607
