0.8639006892167089
0.865371413926033
0.8668413093930118
0.8683098491854557
0.8697766176221041
0.8712417804414823
0.8727061029641698
0.8741701298199722
0.8756333773506891
0.8770950941810435
0.8785551500375369
0.8800142787504068
0.8814734731037934
0.8829325656139606
0.8843904827587911
0.8858466440621113
0.8873015553524574
0.8887565658755016
0.8902121382417935
0.8916670574709733
0.8931201281415466
0.8945713973646362
0.8960223294694963
0.8974742402923482
0.8989261772728221
0.9003762270384361
0.9018236926943158
0.9032697971938592
0.9047167049658752
