-0.006533453260956081
0.16632979970550718
0.12319295860942958
0.09986891443613091
6.227412444431503E-4
0.004739355342321636
0.011061137588430357
0.01964780221571306
0.029162887064706256
0.039058956492781974
0.050439696440006114
0.06420568404655146
0.0797997955503151
0.09534042828182589
0.10977770658772941
0.12436732059859291
0.1406328281828973
0.15858587743850375
0.1765713689097964
0.19287857785996665
0.20818487608883998
0.22444225961862616
0.00696673584881364
0.019483363835816215
0.03156299671933569
0.04300230266338967
0.05400857060480629
0.06492676295264821
0.0758034090239423
0.08623081704669096
0.09583011554943582
0.10490620879709939
0.11403743450308977
0.12340272607402838
0.1325692876075822
0.14088035576334323
0.14843297584838294
0.1559774753567054
0.16395143116617172
0.17207086056110651
0.17950638012103914
0.1859507984030091
0.19214283631636547
0.19882633637231134
0.20598773930861727
0.21280611073186947
0.21852713698745546
0.22362451207271045
0.2291089894519833
0.2353264795610872
0.2416421059337365
0.2469626763871539
0.2512551030580401
0.25564104894043016
0.2608906584100645
0.26670058535912095
0.27184880472798734
0.27565752164684004
0.27908066498424355
0.2833254856793158
0.2885434706155112
0.29362779134903305
0.2972837819364253
0.29994527776840596
0.3031568691512206
0.3076442741320149
0.31264660390776744
0.31644806572038825
0.31863879383154564
0.32082536340138307
0.32441206131664596
0.32919865251196945
0.33336056159029276
0.3354668669998571
0.3367158057994027
0.33921239370142986
0.3435507590260221
0.3481643230055298
0.35064891849267116
0.35118495977750436
0.352395531802395
0.35595852620327645
0.3609711825588687
0.3643405009330112
0.364598733301482
0.36434772969733237
0.3666814626378276
0.3718893556125171
0.3766880979217185
0.37742543813560614
0.37561516536517586
0.37602563638361575
0.3810375792641393
0.3879805637651662
0.390591499298082
0.3873481642502744
0.3845266966151375
0.3885479561253835
0.3992987042069371
0.4075445878795346
0.40417073337362874
0.39437446723859365
0.3945848283479118
0.4209319159300736
0.4780752717679663
0.5873075872346389
0.3457455215439861
0.3989056035452029
0.38486509672059416
0.3695821320864758
0.37388122090515397
0.3910159271505395
0.4023717351219494
0.40159853769250287
0.3941922409936916
0.39094318367837677
0.3968032978495612
0.4045846373753182
0.4067355504129693
0.40296609771707287
0.3988095756727792
0.40029207102532527
0.405784413595969
0.40905240639772
0.4075394984192984
0.4037001201474151
0.4027129222525275
0.40612486074076076
0.4096638498889062
0.40970960426517766
0.4066733737525809
0.40430773804574877
0.4057528707267983
0.40896727779453806
0.41007224183943
0.4080233314897744
0.4050839140082424
0.40479107704406886
0.40720913284669313
0.40893356656710667
0.4078769632341998
0.40496258471104285
0.4033141310286341
0.40459983761577206
0.40651340983442746
0.4063378297623254
0.4038516441328197
0.40133623813406416
0.4013380534255529
0.4030157696796062
0.40352780794155896
0.4016956971947954
0.3988221378568887
0.3976045079018934
0.3986631714159307
0.39960365415517496
0.3985074713478489
0.39572301268495264
0.39355022935789136
0.3937140994901965
0.3947734120695735
0.3943857171425469
0.39202808878162326
0.38929985619609364
0.38846885323394564
0.38932073068729484
0.3895311070513368
0.38782031079357343
0.3849855371134788
0.3832736287298926
0.3836384925390385
0.3842751287767143
0.3833331792614611
0.3808182623760689
0.378543753661692
0.3782751745405001
0.37913864759913013
0.3790225106646704
0.3772007264860087
0.3748393225131944
0.37401236049294456
0.37494450722723077
0.3756907152103002
0.37490396342204757
0.37304510190577234
0.3720307246526991
0.3730415284005494
0.37474911677269096
0.3753955834917963
0.37476885591981396
0.3743246012148368
0.375818983205965
0.37885829786476427
0.38162500160018337
0.3833393741396223
0.38489930096314995
0.3882087933183171
0.39389610251744234
0.4005934715823762
0.40726641713308226
0.41450585493214004
0.42436924613612736
0.4389092230795627
0.45901180316725754
0.48754061344765803
0.5418479334359969
0.7984197920217517
0.8000153141460021
0.8016062333767884
0.8031926413151383
0.8047746246064258
0.8063522692249817
0.8079256694846613
0.8094949244184313
0.8110601173072237
0.8126213162459627
0.8141785949229573
0.8157320534848399
0.8172818119020736
0.8188279540316489
0.8203705181646824
0.8219095507918143
0.8234451494602764
0.8249774681664156
0.8265066210462994
0.8280326168320771
0.8295554512504241
0.8310751973011815
0.8325920384550474
0.8341061589779418
0.8356175677389037
0.8371261866786209
0.8386320300817789
0.8401352832826514
0.8416362260527082
0.8431349332082276
0.8446312513066152
0.846125091360951
0.8476165938026905
0.8491061221593097
0.8505939009960889
0.8520797493197663
0.8535634290805085
0.8550449743974003
0.8565247776158147
0.8580032741841864
0.8594803690737988
0.8609556549675438
0.8624289839105993
