0.8899172579814724
0.8926743573923854
0.8953260513924188
0.8978802433644801
0.9003445818078359
0.9027264412571565
0.9050329070240817
0.9072707633053666
0.9094464841915314
0.9115662271108598
0.9136358282546435
0.9156607995495125
0.9176463267704421
0.9195972684223228
0.9215181550576398
0.9234131887416985
0.9252862424237345
0.9271408590212212
0.9289802500745815
0.9308072938795252
0.9326245330533609
0.9344341715392656
0.9362380710976627
0.9380377473762022
0.9398343656885408
0.9416287366667951
0.9434213119827131
0.9452121803579112
0.9470010641036032
