0.01997464739111561
0.022516029787810973
0.03723786639594719
0.045581459836856235
0.04920622725464354
0.0859072951545095
0.06963322724458353
0.08382238806603284
0.10368237501180715
0.08742106316313357
0.10435109365774957
0.11148672807946242
0.10957089516832383
0.1200358957987592
0.12250784624449444
0.13251933307985228
0.12343828841910992
0.13304706383629455
0.12551169671146012
0.13542321535540952
0.13384697845189597
0.13844594374680544
0.13905997384178254
0.13989765845336405
0.13589977369024003
0.14818661463436283
0.14957414023045218
0.14514800860632188
0.15314147906490233
0.15521497325319045
0.1493961275467643
0.15724215713356504
0.15565203714108275
0.15419761721470732
0.1572248793247826
0.15500020186152288
0.1585451361930773
0.15978647674389546
0.16284924882468457
0.16237594318895968
0.16733977966337532
0.1799394411820621
0.1798535912804366
0.1976638309595627
0.20008925752210718
0.21342339554722153
0.23276019842343348
0.2451139452873258
0.2438093681990124
0.284024619283703
0.2702819359464398
0.29722521919396155
0.3100978711581226
0.2985484709918188
0.31360011395999715
0.31802903171197955
0.3089112194129152
0.3074139432130967
0.29202301456356866
0.28483493818249345
0.2948176597930969
0.2896627896883187
0.2858425711995055
0.2836022244725318
0.28360677967808573
0.2743657415362219
0.28208931885926314
0.2840592558712497
0.2768344445216834
0.2922405191040672
0.29426430674606013
0.29078681117881183
0.2962444015338485
0.3042527042706861
0.293120905899411
0.310167077837971
0.29978720785140034
0.3092161598974449
0.3115112415639417
0.3058087487821239
0.3065841388503522
0.31387826547035963
0.3161179670039425
0.3312579367772919
0.3373318238534979
0.3404539633906656
0.35371989355252664
0.36976810719263636
0.37695762650708214
0.3877092641052825
0.41503160641850734
0.4286887610160857
0.4311440535583033
0.4759690720336084
0.46570328039338016
0.49273978285671344
0.49951754502634266
0.5010764582632937
0.5161923003816079
0.5188780102509494
0.5198111606739936
0.5127112876878405
0.5001073398775127
0.4906788283877509
0.48208025299541846
0.4678994443707776
0.45170510478617376
0.44146976712494923
0.43706871229080374
0.4198064017423688
0.40549490354960294
0.4125703568908499
0.3836608136910037
0.38910514968326776
0.38222138757242463
0.37533496946436784
0.3703796280252563
0.3686936605907523
0.36205188890766843
0.36879159955206753
0.36187305743005616
0.36083645646145807
0.3619650549627238
0.3599799010564792
0.36219865325659906
0.35594295452562413
0.36174710545879885
0.35845686258775317
0.3602971246047697
0.3686673781269726
0.3611403788283361
0.3750701406914833
0.3723699968730917
0.3663812961223389
0.3768340900202758
0.3837438627417011
0.374248503222171
0.390486806344603
0.38195714430213656
0.3890274635440546
0.38531855089232453
0.3862700580586582
0.38701542313290455
0.38434969358616006
0.38234220959082255
0.37875500459836536
0.37079678594497073
0.3649794151092594
0.3654909906199192
0.35970000318092693
0.3553694415000214
0.35133879494125964
0.34554116968868265
0.34116161942380124
0.3386198585418042
0.33763460510892584
0.3317683577330832
0.3350490422223255
0.3338827958826948
0.33226293724082984
0.3310745582636683
0.3363170333395651
0.3318883373342211
0.33968526159240414
0.33584090036606534
0.34542426441749713
0.3446207707738359
0.3461675099989302
0.3488362453609595
0.3591909270743098
0.35779668712491397
0.3690279783626765
0.3743055226140354
0.3728003371315589
0.38276297036189466
0.385639718115458
0.39132436806243204
0.4039474544608644
0.410749381269719
0.41468322406695557
0.42481611890453747
0.4352684836941137
0.43782986330531504
0.4499536307849103
0.45355414521190557
0.46388386884541954
0.4708754841459456
0.47963836093937096
0.4782703951696094
0.49272211708294966
0.4859430773221905
0.48977724820284724
0.5004202381730374
0.5009125187174717
0.5015973051752991
0.5028289450958281
0.5003225244454995
0.5015743868605661
0.5037514573607327
0.5065001692676797
0.5037285987470744
0.5128638324819257
0.520954536502993
0.5233360972497045
0.5228007330541824
0.5382819308128306
0.538558005838448
0.5578796103343601
0.5574892180342358
0.5758029947373816
0.5877904853013991
0.5924581598279203
0.6100531812040614
0.6201793597333639
0.6336290146659267
0.6475208517089033
0.6582676428275858
0.675939729010802
0.6840763773864289
0.7086600828362769
0.7158088112963094
0.7332079090929703
0.743273846800629
0.7601094970065005
0.7605664140176346
0.7954470145208684
0.7968729796958233
0.8196183283877232
0.8291150347500278
0.8456319213870915
0.8615283685231576
0.8709015355826636
0.8796563204338715
0.896490936340583
0.89938928820979
0.9118614453967063
0.9176449572444496
0.9164931597938631
0.9217065817829174
0.9224062464979736
0.9227142740575307
0.9198047472230878
0.9159025043662248
0.913903436016806
0.9015158439244308
0.9135367864034556
0.9187643095782626
0.9118636036182372
0.9072777231066018
