0.651381162880545
0.652573716151156
0.6537598920690737
0.6549965826171588
0.6562900585457094
0.657590808961223
0.6588387851653015
0.6600188437734885
0.6611745389496045
0.662367206641976
0.6636198967945258
0.664897011445551
0.6661368754045615
0.6673084874219717
0.6684401650458821
0.6695927112741566
0.6708033968284156
0.6720525780361039
0.6732818387199974
0.6744475638454182
0.6755613116910376
0.6766786202679204
0.6778474638457442
0.6790648955026152
0.6802801247231142
0.6814409834980614
0.6825421428955757
0.6836297456080184
0.6847582859422975
