0.023159475404351475
0.027018515580030357
0.030877153137380438
0.03473533057664012
0.03859299040490428
0.042450075136981
0.04630652729624822
0.0501622894155102
0.05401730403785389
0.05787151371750509
0.061724861020684536
0.06557728852646372
0.06942873882762057
0.07327915453149486
0.07712847826084357
0.08097665265469571
0.08482362036920729
0.08866932407851569
0.09251370647559393
0.09635671027310472
0.10019827820425402
0.10403835302364448
0.10787687750812845
0.1117137944576607
0.11554904669615085
0.11938257707231521
0.12321432846052868
0.12704424376167578
0.13087226590400167
0.1346983378439625
0.13852240256707557
0.14234440308876872
0.14616428245522986
0.14998198374425525
0.15379745006609802
0.15761062456431577
0.16142145041661787
0.16522987083571233
0.16903582907015172
0.17283926840517916
0.17664013216357322
0.18043836370649266
0.18423390643432044
0.18802670378750702
0.19181669924741326
0.19560383633715267
0.1993880586224329
0.20316930971239683
0.2069475332604628
0.21072267296516428
0.21449467257098884
0.21826347586921643
0.2220290266987571
0.22579126894698767
0.22955014655058814
0.23330560349637688
0.2370575838221455
0.24080603161749278
0.24455089102465763
0.24829210623935158
0.2520296215115905
0.255763381146525
0.2594933295052709
0.2632194110057376
0.26694157012345715
0.270659751392411
0.274373899405857
0.2780839588171547
0.2817898743405902
0.2854915907522003
0.2891890528905949
0.29288220565777934
0.2965709940199754
0.3002553630084413
0.3039352577202909
0.3076106233193118
0.3112814050367825
0.31494754817228854
0.3186089980945375
0.32226570024217355
0.32591760012458976
0.32956464332274077
0.33320677548995326
0.3368439423527361
0.340476089711589
0.34410316344181013
0.34772510949430263
0.3513418738963803
0.35495340275257137
0.3585596422454222
0.3621605386362989
0.365756038266188
0.3693460875564966
0.3729306330098502
0.37650962121089004
0.3800829988270693
0.3836507126094477
0.3872127093934849
0.3907689360998328
0.3943193397351267
0.39786386739277446
0.4014024662537457
0.40493508358735797
0.40846166675206336
0.4119821631962322
0.41549652045893687
0.4190046861707329
0.42250660805443985
0.42600223392591996
0.4294915116948562
0.432974389365528
0.43645081503758637
0.4399207369068273
0.44338410326596367
0.44684086250539556
0.4502909631139798
0.45373435367979703
0.4571709828909183
0.4606007995361692
0.46402375250589356
0.46743979079271447
0.47084886349229493
0.47425091980409584
0.47764590903213355
0.48103378058573487
0.48441448398029135
0.4877879688380112
0.4911541848886702
0.49451308197036087
0.4978646100302397
0.5012087191252733
0.5045453594229826
0.5078744812021851
0.5111960348537362
0.5145099708812684
0.5178162399019284
0.5211147926471137
0.5244055799632062
0.5276885528123052
0.5309636622729574
0.5342308595408868
0.537490095929721
0.5407413228717176
0.5439844919184875
0.5472195547417168
0.550446463133887
0.5536651690089937
0.5568756244032624
0.5600777814758643
0.5632715925096281
0.5664570099117522
0.5696339862145127
0.5728024740759716
0.5759624262806821
0.5791137957403919
0.5822565354947453
0.5853905987119825
0.5885159386896381
0.5916325088552363
0.5947402627669854
0.5978391541144699
0.6009291367193402
0.604010164536001
0.6070821916522977
0.6101451722901998
0.613199060806484
0.6162438116934136
0.619279379579417
0.6223057192297637
0.6253227855472386
0.6283305335728137
0.6313289184863179
0.6343178956071057
0.6372974203947224
0.6402674484495674
0.6432279355135571
0.6461788374707829
0.6491201103481699
0.6520517103161314
0.6549735936892223
0.6578857169267899
0.6607880366336231
0.6636805095605984
0.6665630926053254
0.669435742812788
0.672298417375985
0.6751510736365681
0.6779936690854776
0.6808261613635755
0.6836485082622769
0.6864606677241789
0.6892625978436878
0.6920542568676428
0.6948356031959386
0.6976065953821456
0.7003671921341268
0.7031173523146536
0.7058570349420187
0.708586199190647
0.7113048043917036
0.7140128100337001
0.7167101757630977
0.7193968613849099
0.7220728268632999
0.7247380323221779
0.7273924380457959
0.730036004479338
0.7326686922295116
0.735290462065133
0.737901274917713
0.7405010918820383
0.7430898742167517
0.7456675833449296
0.7482341808546561
0.7507896284995963
0.7533338881995657
0.7558669220410974
0.7583886922780081
0.7608991613319591
0.7633982917930178
0.765886046420214
0.7683623881420955
0.7708272800572802
0.7732806854350063
0.7757225677156792
0.7781528905114167
0.780571617606591
0.7829787129583686
0.7853741406972471
0.78775786512759
0.7901298507281583
0.7924900621526403
0.7948384642301776
0.79717502196589
0.7994997005413963
0.8018124653153339
0.8041132818238739
0.806402115781236
0.8086789330801982
0.810943699792606
0.8131963821698774
0.8154369466435057
0.8176653598255605
0.8198815885091846
0.8220855996690887
0.8242773604620439
0.8264568382273711
0.8286240004874279
0.8307788149480916
