0.040363815423584214
0.0457626132976519
0.04807468570029041
0.053058133638301405
0.057822007446928204
0.06240781696324987
0.0668462101309212
0.07116046865883031
0.07536870465222113
0.0794852976562996
0.08352186702091227
0.0874879489743387
0.09139147984358865
0.09523914837687236
0.09903665746987135
0.10278892180409221
0.10650021925510401
0.11017430835934479
0.11381452045808206
0.11742383266721432
0.12100492612763407
0.12456023280892722
0.1280919733014675
0.1316021874296374
0.13509275908007448
0.1385654363152077
0.14202184760096834
0.145463514795633
0.14889186340829869
0.15230823052915085
0.15571387075131826
0.15910996033979719
0.16249759985233697
0.16587781537709817
0.16925155851993046
0.17261970524846276
0.17598305367948672
0.1793423208792947
0.1826981387329088
0.18605104892686788
0.18940149708095533
0.19274982605655377
0.19609626846291234
0.19944093837725965
0.20278382229021014
0.206124769284126
0.20946348044890337
0.212799497536934
0.2161321908566861
0.2194607464023714
0.22278415221547204
0.2076153858984167
0.20989151719359014
0.2139691058112236
0.2176589602116863
0.22114507671324962
0.22450554436746295
0.22778112255579078
0.23099597095009217
0.23416572695284202
0.23730119701586783
0.24041024171151196
0.24349882104775997
0.24657161224737423
0.24963239387037797
0.2526842947438253
0.25572996090766087
0.2587716708449867
0.26181141697595917
0.26485096449686446
0.2678918946163827
0.2709356368039409
0.27398349314556064
0.2770366569294305
0.2800962269450454
0.28316321855190474
0.28623857228141014
0.2893231605322882
0.29241779277620944
0.295523219587257
0.2986401357340351
0.30176918251812085
0.30491094950155956
0.30806597573525707
0.3112347505766884
0.31441771416737024
0.31761525762664133
0.32082772300745926
0.3240554030513969
0.32729854077328885
0.3305573289005992
0.3338319091882767
0.33712237162638836
0.3404287535550007
0.34375103869847473
0.34708915612945823
0.3504429791712948
0.35381232424628817
0.35719694967618376
0.36059655444033234
0.364010776896254
0.36743919346668
0.37088131729662244
0.3743365968835596
0.3778044146834417
0.38128408569489136
0.38477485602368466
0.3882759014293591
0.39178632585558165
0.3953051599457279
0.3988313595449634
0.4023638041899844
0.40590129558744936
0.4094425560820317
0.41298622711492833
0.4165308676735801
0.4200749527332858
0.4236168716913282
0.42715492679417805
0.4306873315582854
0.4342122091849278
0.4377275909695473
0.44123141470596194
0.44472152308582164
0.44819566209363426
0.45165147939767303
0.4550865227370472
0.45849823830519854
0.46188396913006846
0.46524095345116223
0.4685663230937201
0.47185710184019397
0.47511020379921154
0.4783224317722016
0.4814904756178398
0.4846109106144678
0.4876801958206262
0.4906946724338371
0.49365056214775893
0.49654396550783675
0.4993708602655558
0.5021270997314092
0.504808411126674
0.5074103939340983
0.5099285182475836
0.5123581231209523
0.5146944149158806
0.3205578819876309
0.3227330212917158
0.3260546712201169
0.3290222580233756
0.3318638807599485
0.33465878542456484
0.3374444910417749
0.3402421046268962
0.34306494564159484
0.3459221585452471
0.3488204471708622
0.3517649930301063
0.35475997891637284
0.3578089053419154
0.36091479097652435
0.36408030463048635
0.36730785503767527
0.370599653648427
0.3739577596070614
0.37738411264443494
0.38088055757439604
0.38444886283263563
0.3880907347081215
0.39180782840745576
0.3956017567550909
0.39947409710442267
0.40342639687793036
0.4074601780447551
0.41157694076608814
0.41577816638248194
0.4200653198761314
0.4244398519108029
0.42890320052939995
0.4334567925720259
0.4381020448643321
0.4428403652158945
0.447673153260569
0.45260180116467985
0.4576276942240898
0.4627522113673943
0.467976725579451
0.4733026042569984
0.47873120950615433
0.4842638983899752
0.4899020231329546
0.4956469312882498
0.5014999658725585
0.5074624654728062
0.5135357643282202
0.5197211923908301
0.5260200753670269
0.5324337347424295
0.5389634877920255
0.5456106475772694
0.5523765229316259
0.5592624184358295
0.566269634384001
0.5733994667415953
0.5806532070960512
0.588032142600912
0.5955375559140816
0.6031707251308204
0.6109329237120076
0.6188254204081397
0.6268494791794855
0.6350063591127688
0.6432973143347139
0.6517235939227563
0.6602864418131775
0.668987096706915
0.6778267919732572
0.686806755551623
0.6959282098515961
0.7051923716513834
0.7146004519948317
0.7241536560871369
0.7338531831893683
0.7437002265119123
0.7536959731069297
0.7638416037599252
0.7741382928805032
0.7845872083923899
0.7951895116227813
0.8059463571910916
0.8168588928971505
0.8279282596089002
0.8391555911496495
0.8505420141849224
0.8620886481089413
0.8737966049307835
0.8856669891602543
0.8977008976934877
0.9098994196983273
0.922263636499502
0.9347946214636188
0.9474934398840066
0.9603611488654269
0.9733987972086647
0.9866074252950341
0.9999880649707986
1.0135417394315342
1.0272694631064434
