10.886143005701676
9.387248024601561
9.286589337879127
8.815208472718371
8.351894380761298
8.220349787926692
7.978586535517064
7.52919650398659
7.408830972587596
6.926442882192758
6.895727580925049
6.4160286266164706
6.066776674826404
5.915232959163567
5.72105418187104
5.586657454348788
5.462312093431999
5.428551776844486
5.33858729309018
5.279989048015283
5.173527114115922
5.03406218922385
4.930369701984335
4.843282973990087
4.785597435622645
4.705151137416057
4.644688038536449
4.533096702987432
4.361611312620079
4.269484000437705
4.1919433206625465
4.0928556982271935
4.029100581132637
3.9665915328531747
3.9286993198121865
3.8576610367940405
3.827418298577581
3.7874282817442726
3.747539027430946
3.7194119033852404
3.681100378577851
3.6647331024427237
3.612908999582711
3.5872517989869572
3.5673282209065973
3.5217238891278897
3.502722252878364
3.4413601044056747
3.434297478458685
3.3899097342675666
3.3667644735718865
3.3337512824538855
3.3135847817699173
3.262146711562319
3.2541811376534833
3.2270820547050967
3.2028942722657554
3.1710621895378823
3.1556600304672218
3.1208990838354085
3.0781625967756527
3.0659349344711204
3.051864202600648
3.0363440861093682
3.0153587044561196
2.9899413952158467
2.979721954322318
2.971886401539064
2.951459379114048
2.9383911443338135
2.931810495893638
2.9167593708803707
2.8917895689487483
2.8816480761136765
2.8687124301615965
2.856415541817573
2.8453054306501633
2.840534517677539
2.8237881736481634
2.816141884235403
2.8017544482680905
2.790348670968006
2.7627511396057356
2.727845803523265
2.713022059927167
2.7028306697460693
2.658327896184969
2.655590764360971
2.64441273157204
2.626695285799909
2.6076654538015913
2.5779694630021037
2.5704648557306062
2.5530589254266305
2.538835510805961
2.512154673475493
2.501658944360009
2.4837990079396826
2.467505555825826
2.457219638177832
2.4488647494635485
