0.7825917450498304
0.7422500097002513
0.7442724995914681
0.7359293139158426
0.7050112870206734
0.7142393531132544
0.7242572740247684
0.7060596039884476
0.7183266721592758
0.7380059423075367
0.7248935788175667
0.7311041307867201
0.7514520999240519
0.7391375302363681
0.736947467137691
0.7557638061738399
0.7448001703935502
0.7349929149606439
0.7512735058296464
0.7422010975568399
0.7260278516883878
0.7405296890127157
0.737593157591424
0.7221722558544693
0.741803621176001
0.7542284021583736
0.7492204645946658
0.7782049376173359
0.8073583737160779
