0.09798676795600952
0.03683509804650181
0.17164584126026797
0.24693167066254737
0.1589975547134379
0.2190117103432762
0.22192493790171447
0.2153898761110799
0.2033411050258556
0.18843784365869992
0.1724655854010336
0.15811828905796024
0.14246000333019374
0.12817534061157168
0.11557848157250368
0.10482977649811287
0.09598373318277945
0.0890229843657375
0.0838823664288981
0.0804659928668977
0.07865934379969808
0.07833779564964047
0.07937259973992655
0.08163502812080015
0.08499920066685529
0.08934396300352263
0.09455408203491356
0.10052095232277378
0.10714295370377225
0.11432556234181027
0.12198128970043642
0.1300295037336759
0.13839617183805789
0.14701355429194007
0.1558198689607972
0.16475894219825413
0.17377985656422135
0.18283660280757683
0.19188774122477126
0.2008960757898988
0.20982834319591134
0.21865491803236772
0.22734953466464505
0.23588902590767352
0.24425307825544365
0.252424003199502
0.26038652401833096
0.26812757732461545
0.2756361286037781
0.2829030009534387
0.28992071623117105
0.2966833478307006
0.3031863843298312
0.3094266032833657
0.3154019544685427
0.32111145192712964
0.32655507418589863
0.3317336720748385
0.33664888359935574
0.34130305535846706
0.34569917003525247
0.3498407795184352
0.3537319432447737
0.3573771713809549
0.36078137249087805
0.3639498053596469
0.3668880346693079
0.3696018902434525
0.37209742959834746
0.374380903557314
0.376458724702789
0.37833743845690176
0.3800236965966224
0.3815242330236289
0.38284584162210356
0.38399535604976304
0.3849796313186412
0.38580552703251253
0.3864798921574702
0.38700955121107716
0.3874012917637639
0.38766185315380264
0.3877979163242709
0.38781609469700334
0.38772292600461755
0.38752486500736727
0.3872282770268094
0.38683943223315564
0.3863645006276819
0.38580954766577996
0.38518053047011996
0.3844832945870121
0.38372357124242257
0.38290697505721005
0.3820390021840597
0.3811250288312827
0.3801703101411549
0.37917997939280074
0.37815904750179385
0.3771124027906553
0.37604481100631154
0.3749609155623097
0.37386523798520993
0.3727621785460827
0.3716560170594407
0.3705509138332388
0.3694509107547872
0.3683599324985579
0.36728178784290594
0.3662201710837125
0.36517866353385997
0.36416073509829816
0.36316974591524676
0.362208948054808
0.36128148726694986
0.36039040477144857
0.3595386390829678
0.35872902786500255
0.3579643098069223
0.35724712651881996
0.3565800244393174
0.35596545675187846
0.3554057853055709
0.35490328253656234
0.3544601333869646
0.35407843721794807
0.3537602097143278
0.35350738477808075
0.35332181640850396
0.35320528056694256
0.3531594770242256
0.35318603118914427
0.35328649591648137
0.3534623532932717
0.35371501640211805
0.35404583106054077
0.3544560775354554
0.35494697223200633
0.3555196693560909
0.3561752625500043
0.3569147865007435
0.3577392185205853
0.35864948009963654
0.35964643843012756
0.36073090790229134
0.36190365157172344
0.36316538259818665
0.3645167656558627
0.3659584183151121
0.3674909123958372
0.3691147752925893
0.3708304912715894
0.37263850273987126
0.37453921148677505
0.3765329798980586
0.3786201321429019
0.3808009553341117
0.3830757006618481
0.38544458450120955
0.38790778949402904
0.39046546560525025
0.3931177311542484
0.39586467382149504
0.39870635163094703
0.4016427939085637
0.40467400221735683
0.40779995126938007
0.4110205898150701
0.41433584151034786
0.41774560576190567
0.4212497585510806
0.42484815323674396
0.4285406213376049
0.4323269732943547
0.4362069992120539
0.4401804695831706
0.444247135991676
0.44840673179860036
0.45265897280943856
0.45700355792381014
0.4614401697677557
0.4659684753090462
0.4705881264559082
0.4752987606395092
0.48010000138059467
0.4849914588406302
0.4899727303578078
0.49504340096826976
0.5002030439128957
0.5054512211299944
0.5107874837342343
0.5162113724821427
0.5217224182244904
0.5273201423458937
0.5330040571919247
0.5387736664840528
0.5446284657227021
0.550567942578728
0.5565915772736008
0.5626988429485638
0.5688892060230543
0.5751621265426613
0.5815170585168677
0.5879534502468443
0.5944707446435548
0.6010683795364078
0.6077457879727003
0.6145023985080991
0.6213376354883705
0.6282509193226142
0.6352416667481865
0.6423092910875566
0.6494532024972999
0.656672808209424
0.6639675127652361
0.6713367182419505
0.6787798244722291
0.6862962292568229
0.6938853285705254
0.7015465167616004
0.7092791867448516
0.7170827301885216
0.7249565376951729
0.7328999989767147
0.7409125030237339
0.7489934382692879
0.7571421927473028
0.7653581542457213
0.7736407104545595
0.781989249108981
0.7904031581275631
0.7988818257458454
0.8074246406453266
0.8160309920780074
0.8247002699866177
0.8334318651206446
0.8422251691482676
0.8510795747643247
0.8599944757944283
0.8689692672953022
0.8780033456514922
0.8870961086685234
0.8962469556625918
0.9054552875469299
0.9147205069149029
0.9240420181199345
0.9334192273523645
0.9428515427133135
0.9523383742856493
