0.9642002303047167
0.9691624773387468
0.9737142572299372
0.977867973809772
0.9816345820026833
0.9850239459565364
0.9880451203047366
0.9907065737702798
0.9930163690695218
0.9949823095737691
0.996612060926883
0.9979132545577747
0.9988935797971964
0.9995608725594606
0.9999232126945041
0.9999890533111742
0.9997674370958015
0.9992684590529478
0.9985045778161453
0.9974963579757933
0.9963700333873092
0.9965234266526869
0.9965972036793361
0.9965692450468362
0.9964147511626495
0.996102933217483
0.9955935448210474
0.9948336341637875
0.9937549092422168
