0.9001876115153725
0.9020731191782353
0.9048720999083364
0.9040701527042
0.9070339451673581
0.9084056095984743
0.9134475010469542
0.9127244439202079
0.9138696433909497
0.9075838884226409
0.9136572492522149
0.9139586728229347
0.8954078170201695
0.9154059578919845
0.9149445032737501
0.9170683951773084
0.9120065758753582
0.9111294216269527
0.9085355052373224
0.909749520788516
0.9075896087711915
0.9061954372489677
0.9015735904301868
0.8995296312330208
0.896311152088137
0.8954451323081589
0.8912969748306182
0.8878905159950934
0.8814505516900969
