0.047231017511115386
0.04918855929475802
0.01185069453204863
0.09496985747533494
0.018590111568171096
0.02962842434145695
0.03594943234059567
0.04508892712439479
0.049231073182262004
0.05446906463108253
0.05906709455573294
0.06461225020804343
0.07001727076554043
0.07583313000805116
0.08037230218559098
0.08569901924692191
0.10294493035091636
0.09736637906797246
0.10279911266030319
0.11050850767980495
0.1124444855768919
0.11782148811147239
0.12151522459237836
0.12930625333347187
0.13404801108482126
0.13955181561324723
0.14225855941983537
0.14729089558443867
0.15137173578182622
0.15751851541987485
0.16119844093495092
0.16546419992811692
0.16766803994544022
0.1724361842007904
0.1761496102296022
0.18164848304844786
0.1840482511342924
0.18756491398625053
0.17653048879997607
0.19407665843876706
0.19751115958691187
0.2002437607774324
0.20446361778274244
0.20781138203542812
0.21126019727904083
0.2146009098244501
0.21810335212386806
0.2216748525802942
0.22521779343083922
0.2289122417516402
0.23265756316951808
0.23660081998511145
0.24051619975688754
0.24455633293424073
0.24870097832864632
0.2529497150993351
0.2573183876200546
0.26140805957212077
0.26618145893707973
0.2707776393583479
0.27869054345741023
0.28055323779705493
0.2854462183114648
0.29166892848729586
0.29495186073691093
0.3000315797176935
0.30433118370193746
0.31092039517269204
0.3159804991568911
0.3216836114180788
0.3254045815040773
0.3308448233716488
0.33560975804733056
0.34248658696028905
0.3471246281292034
0.35249669780686044
0.3552417048826472
0.36128958829005764
0.36602655193321726
0.3744605199335819
0.37695440602880975
0.38173520479237244
0.3643040579532079
0.3894969255990671
0.39391172798058527
0.3928129096766122
0.4037867857096584
0.40770466199291583
0.4133858291257467
0.4138818862563011
0.4178055556583791
0.42030293204923014
0.4263318286059211
0.42909564280586204
0.4327120495879455
0.4331177736934879
0.4365865991044807
0.4388107517557573
0.4438619684964716
0.44493645930091397
0.4471614268216585
0.44533187840877553
0.44944055901694885
0.45090207725814646
0.4623851459353836
0.4545330080832781
0.45546034370585187
0.4598322469219501
0.45581608834154114
0.45632602644292125
0.4554050566521663
0.45741887717492424
0.4570750191326575
0.4571226007470971
0.4554160670936702
0.4548691788764957
0.45376972616615474
0.45331159868765464
0.45177775918693347
0.4502690185699124
0.44831463728398097
0.44654075539966553
0.44451629260754105
0.4418020026630229
0.43963113059237735
0.4369422657600522
0.43868003797352084
0.43169482079399574
0.42862236375153057
0.4291840802048364
0.4210604337176607
0.41750960337349335
0.4120862914867398
0.4112319742649218
0.40708031417255985
0.4042292020915278
0.3969412639850086
0.39310363930350667
0.38781198903370606
0.38703089785070705
0.38156345853116336
0.37774903336837906
0.36831107043910927
0.3657510237848461
0.3606749185785552
0.3641742241801774
0.3547522060839883
0.35061945512788956
0.32179800538595155
0.33857618161067465
0.3344143497886615
0.3122479984465318
0.3305422241224031
0.32668391597550434
0.3296091733316871
0.31577468883722193
0.31360875234705304
0.3076190949806353
0.3139639427635497
0.3107768408264399
0.31138915702211345
0.3018842789907383
0.30330785875668814
0.3016083140583829
0.31097829735329324
0.3076847011761396
0.3094458890782993
0.29840683780644367
0.3077521919027216
0.30978726355404496
0.3433367123618857
0.32064084612470667
0.3243783579026986
0.3532091583981987
0.3288578480199821
0.3343601269407071
0.3336695427876385
0.3501235727236583
0.3557747783182784
0.3653566384178515
0.3654755001836677
0.37395164940433584
0.3802723668604626
0.3938937021638486
0.4007623488661644
0.4100815049205003
0.41383139717590006
0.42490529993008025
0.4338119580420235
0.4487784247918421
0.4550539011156607
0.46482643476834384
0.46482636790615955
0.482797372622481
0.49283674734678107
0.4951113930433981
0.514255906485256
0.5242334960905454
0.5357995112492678
0.5435901619086303
0.5538913489300726
0.5636126929152131
0.5746535559900923
0.5845208992924464
0.5945579793730894
0.6041655138392952
0.6140951775429088
0.6239085904087919
0.6333478958976884
0.6429943168314863
0.6523685516034663
0.6626401387246297
0.6713660359768165
0.6805607182322932
0.686257001668454
0.6977994107893238
0.7064838907095602
0.708720237787789
0.7242945717153364
0.7325482643901726
0.7423159089903011
0.7476635677396632
0.75561423625277
0.7623204750792043
0.7719851458862816
0.7790330503680802
0.7867904764322613
0.7916220058977669
0.798944778838048
0.8051633297948805
0.8140612565027335
0.8194164932739982
0.8257648360628757
0.8282936928401008
0.8359089592096097
0.8412974565150881
0.8535614984462765
0.8532649739720505
0.8582494253589705
0.8757162314566969
0.8660639777844893
0.8705220238540592
0.871813474898816
0.8802552151556963
0.8838026154170096
0.8887204820996569
0.8889884684992727
0.8925396684506792
0.8946769527952252
